0
4
9 6 7
2 4 3
8 13 15 19 21 24
4 4 2 1 1 1
40 34 37 38
3 9 12 1
8 5 7
3 15 12
48 50 51 55
4 5 16 3
0
1
0 1 2
2 2 3
64 59 45 62
1 4 1 5
0 5 7
1 1 1
38 49 50 51 53 54 23 28
1 1 2 1 1 1 12 10
96 98 99 100 93 95
3 1 1 2 1 1
1 4 5
2 6 2
46
3
16 9
2 2
49 58 57
2 2 1
78 79
5 2
7
2
56 58 53
16 3 7
6
2
32 18 19 23 25 26 27 31
3 6 2 1 2 1 5 8
13 14
7 2
8 9 6 7
1 1 4 6
7
3
48 46
2 2
97 98 94
5 5 3
32 30
7 9
28 38 22
7 1 8
40 39 36 37 31
1 2 1 1 3
82 59 74 86
3 6 22 1
0 1 2
1 1 1
0 1 2
1 2 1
19 20 22 15
2 5 2 5
53 55
3 2
24 25 26 27
10 1 1 1
21 22
4 2
44 36 46
1 1 5
16 17 13 14
2 2 3 5
24 33 29 22 32
2 2 3 6 2
57 81 63
48 1 48
98 83
6 8
161 165
6 1
202 196
1 1
264 266 276 274 278
1 1 4 2 1
2 3
3 3
20 21
4 1
89 90 91 86 81
2 1 3 4 7
104 107 108
3 4 1
2 5
8 12
0 6 15 17 18 19 20 21
1 7 9 8 2 1 1 2
59 68 63
1 1 1
16 17 18 5 15
4 1 1 1 1
5 9 18 19 20 21 23
6 2 3 3 1 3 1
50 36 42
2 3 1
101 107 108 116 119 120 121
3 1 4 1 3 3 2
10 11 12
3 1 1
32 33 34 27
9 2 2 4
72
9
25 23
3 3
3 4
3 5
80 83
1 2
131 132 133 110 112 121
3 6 1 7 18 7
184 180
2 10
225 219 222
2 1 2
8 7
4 2
16 12
3 3
4 5 6
5 2 1
20 19 12 6 15
2 2 13 1 3
56 51 52 53
3 2 3 5
1 2 4
13 1 2
10 15 17 22 23 24
3 1 20 2 1 2
4 5
2 1
9 11 12 5
1 4 6 3
8 10 11 7
1 2 1 3
8 7
1 5
36
2
10
3
49 50 51
1 2 1
97 90 95
6 1 2
0 1 3 4
7 1 2 1
33 34 36 38 41 42 43
3 3 3 4 1 1 1
37 40 51 57 58 60 30
8 1 7 1 1 2 12
0 1 2
1 1 1
4
5
66 67 75 77 78 79
27 1 4 2 3 1
8 1 4 5 6
2 3 11 1 2
48 41 43 45 49
6 7 9 2 1
16 10 13 14 15
1 5 1 2 1
26 35 34
19 2 2
68 61 70
4 2 1
17 14 15
4 3 7
30 31
3 2
24 25 23
1 1 1
32 35 37
2 1 1
32 33
1 2
27 26 19 28
1 6 6 6
42 44 38
7 1 2
