64 48
7 2
65 98 99 97 72 77 84 88 95
64 1 4 1 14 18 10 4 3
134 72 77 144 147 150 119 155 156 157
23 80 16 2 4 1 4 3 1 1
196 134 72 201 200 148 183 190
4 27 29 1 1 18 13 28
256 257 262 183 211 148 215 251 254
7 1 2 80 1 120 6 11 5
289 295 265 266 303 274 148 183 251 284
4 3 32 81 3 7 104 156 48 2
292 265 266 301 303 148 183 282 284
14 28 277 1 3 155 41 7 6
292 266 333 335 336 339 148
11 132 19 1 2 7 189
394 395 396 398 148 344 377 378
4 8 2 1 215 6 17 9
387 390 148 407 377 410 379 413
46 1 179 22 15 5 20 2
424 457 458 465 466 148 377 445
10 2 4 2 3 170 14 2
480 495 499 148 501 508 478
9 4 9 472 18 10 5
480 550 552 521 554 499 148 553
1 11 4 14 3 1 413 2
579 580 550 521 599 588 589 148 598 567 600 601 603 604 573
6 8 226 131 1 18 1 749 1 15 3 5 2 1 14
640 644 550 648 521 650 652 654 655 148 601
45 6 76 2 62 21 3 6 2 685 28
521 650 690 148 693 696 601 698 699 700 682 661
100 46 17 498 24 13 107 10 13 2 9 13
737 738 521 650 148 601 733
2 1 251 66 622 42 7
741 521 784 755 148 756 601 795 796
51 451 3 39 784 1 10 2 1
834 835 836 837 838 839 521 815 755 148 819 796 830
6 5 4 4 1 3 711 22 212 1010 57 84 3
898 868 837 521 877 882 755 148 888 889 862 895
1 53 146 855 28 2 25 1254 5 9 80 2
929 930 868 837 521 906 148 862 888 921 926 901
7 1 24 212 621 2 879 152 9 11 17 39
837 967 521 947 148 990 984 921 987 980 989 862 901
139 6 431 49 467 3 17 15 11 16 5 130 4
1057 1026 995 837 521 1037 1058 947 148 862 1049 984 901 1052 1053 990 1029
3 67 6 235 698 21 2 112 698 37 3 123 13 2 11 47 6
837 521 1101 1112 1106 947 148 1078 984 1113 1115 1110 990
108 552 2 6 4 27 552 27 51 2 4 16 111
837 521 1103 947 148 1078 1097 984 1113 1115 1116 1117 990
121 630 96 17 630 11 1 16 20 2 1 1 139
1153 837 521 1162 1143 1165 1103 1180 148 1129 1176 1177 1147 1148 990
45 24 607 2 24 2 259 1 607 64 8 1 19 41 74
1220 1222 1129 1103 1203 148 1214 521 1193 1225 1148 990
7 7 166 729 10 470 1 470 18 2 170 88
1280 1257 521 1276 1230 1103 148 1269 1129 1193 1279 1148 990 1247
6 2 409 8 28 797 409 10 217 36 2 29 31 44
1319 521 1322 1230 1103 1328 1330 1331 148 1129 1193 1327 1276 1247
13 679 33 30 667 8 3 2 679 36 13 2 13 203
1377 1378 1379 521 1322 1358 1103 1375 148 1365 1366 1367 1370 1371 1373 1374 1247
2 3 2 527 31 18 607 2 527 27 1 6 12 3 6 3 55
1440 1442 1435 521 1418 1391 1425 1427 148 1437 1370 1103 1322 1247
1 2 7 452 25 36 42 10 452 7 107 1004 10 32
1467 1103 1446 1448 521 1418 1453 1391 1425 148 1370 1435 1469
17 1086 20 33 507 169 66 88 140 507 129 86 45
1446 1448 521 1103 1485 1391 1425 148 1494 1495 1492 1370 1435 1418 1469
41 57 387 1307 13 298 198 387 1 3 16 95 215 33 37
1505 1506 1507 1509 1446 1448 521 1103 1485 1391 1425 148 1492 1435
47 1 4 1 14 130 526 1015 46 70 407 526 231 129
1505 1435 1446 521 1514 1527 1549 1556 1391 1425 148 1557 1558 1529 1551 1492 1550 1103 1534
63 94 5 750 3 22 13 5 132 410 750 3 1 9 2 321 7 1135 47
1612 1505 1593 1446 1608 521 1103 1591 1580 1614 1391 1425 1619 148 1529 1492 1435 1610 1605
11 120 24 18 26 503 1424 3 34 12 189 224 1 503 17 224 78 4 2
1505 1435 1446 1649 1608 521 1610 1647 1103 1425 148 1653 1593 1492 1391 1628
96 65 77 3 165 618 66 11 1346 342 618 5 128 342 116 108
1664 521 1677 1425 148 1689 1435 1693 1696 1697 1704 1705 1712 1713 1716 1593 1608 1103 1492 1628 1505 1391
25 471 14 238 471 4 168 23 8 12 4 8 2 4 1 26 184 1504 238 26 113 110
1664 1505 1753 1735 1608 521 1103 1492 1391 1425 148 1750 1705 1721 1435 1693
210 70 5 10 150 204 1796 118 225 118 204 2 26 10 414 61
1664 1795 1799 521 1803 1804 1807 1425 1811 1812 1435 1693 1801 1608 1103 1492 1785 1505 1391 1784 148 1789
211 226 11 85 5 6 2 54 1 1 434 50 19 100 1915 54 14 31 83 93 85 14
1664 1505 1795 1862 1863 1608 521 1867 1804 1103 1864 1391 148 1865 1817 1850 1435 1693 1857
180 25 184 8 2 27 25 5 87 1975 4 31 25 8 30 4 966 11 2
1664 1795 1926 521 1804 1933 1935 148 1944 1817 1946 1435 1868 1103 1878 1884 1887 1505 1391 1905 1908 1915
181 245 3 3 83 2 2 3 4 8 1 1102 43 1997 39 25 102 3 1 21 4 14
1664 1795 1967 1990 1804 1965 1998 1103 2002 1973 1878 1989 1435 1887
92 269 12 1 25 69 7 2000 5 18 4 10 1033 109
1664 1795 1804 1965 1103 2005 2007 1978 1435 2010 1887
122 58 14 60 2000 2 1 44 731 1 34
2048 1664 2011 2054 1965 1804 2043 1103 2034 2051 2036 1795 1435 2046 2047
14 48 48 3 6 24 4 2000 49 2 3 6 885 4 16
2048 2057 1435 2036 1103
28 32 724 38 2000
2084 2090 2093 1103 2096 2097 2098 2099 2036 2102 2103 2100 1435
24 18 1 2000 4 7 3 1 26 2 2 1 704
2084 2149 1103 2160 2036 2134 2167 2168 2169 2170 1435 2142
106 31 2000 37 56 8 5 2 2 1 753 76
2176 2209 2084 2214 2188 1103 2160 2134 2199 2201 1435 2205 2206
6 11 196 1 65 2000 72 47 3 11 747 4 29
1435 2267 2084 2222 2226 2236 2243 2245 2248 1103 2256 2259 2134 2265 2266 2255 2270 2271 2275 2278 2281 2282 2283 2285
556 3 336 3 39 73 5 34 3 2000 25 5 5 1 3 21 5 2 6 4 2 2 1 1
2273 2267 2084 2245 1103 2226 2259 1435 2236
3 21 376 12 2000 78 37 408 183
2084 2310 2316 1103 2321 2226 2259 1435 2236
267 24 5 2000 6 31 48 329 123
2338 1435 2084 2310 2347 2348 1103 2226 2259 2331 2236
3 400 400 28 3 4 2000 24 12 45 140
2402 2403 2084 2405 2406 2407 1103 2226 2390 2391 1435 2236
17 12 382 18 2 1 2000 145 12 5 382 148
2464 2433 2434 2459 2084 2469 2473 2441 2475 2476 2402 2446 1103 2472 2226 2455 2425 1435 2236 2463
1 71 19 13 271 2 4 42 2 2 42 103 2000 2 227 22 1 271 59 4
2528 2433 2402 2523 2084 2529 2441 2492 2539 2540 2530 2446 1103 2226 2455 1435 2236 2538
9 17 26 15 512 8 271 13 4 1 31 102 2000 197 9 512 271 1
2530 2084 2565 2226 2568 2441 2402 2571 2573 2562 2547 1103 2579 2577 2546 2236 2446 2551 1435 2492 2578
132 123 2 478 11 67 1 2 1 46 9 2000 1 10 55 67 18 8 123 159 1
2562 2084 2614 2568 2441 2492 2603 2546 1103 2609 2226 2611 2612 2582 2601 2617 2618 1435 2236
113 76 1 28 53 29 14 39 2000 2 844 20 1 29 6 2 3 76 53
2619 2562 2627 2084 2441 2492 1103 2226 2611 1435 2236
4 261 8 62 62 42 2000 635 50 62 62
2656 2657 2562 2084 2661 2441 2658 1103 2226 2643 1435 2236
2 4 240 135 2 135 3 2000 220 20 135 135
2562 2691 2084 2694 2696 2441 2698 2700 2701 1103 2226 2643 2690 1435 2236 2703
240 7 236 20 1 236 5 3 2 2000 174 13 10 236 236 3
2562 2747 2084 2694 2728 2441 2738 1103 2736 2226 2723 2743 2712 2745 1435 2236 2749 2751
144 13 538 24 5 538 5 2000 39 170 15 2 91 14 538 538 2 3
2784 2787 2084 2747 2790 2811 2441 1103 2736 2226 2806 2807 2712 2809 2810 1435 2236 2799
56 29 948 29 12 2 948 2000 271 104 24 11 6 3 2 948 948 6
2784 2787 2084 2747 2790 2824 2441 2834 2822 1103 2736 2226 2835 2837 2806 2839 2840 1435 2236 2838
32 47 1063 5 219 5 1063 3 3 2000 278 63 5 7 20 1 1 1063 1063 1
2848 2817 2084 2854 2790 2441 2826 1103 2736 2226 2784 2806 1435 2236 2813
9 29 1064 2 277 1064 8 2000 416 168 2 28 1064 1064 62
2817 2441 1435 2084 2856 2736 2226 2870 2871 2236 2878 2884 2887 2888 2890 2893 2894 1103 2896 2897 2898 2901 2790 2813
15 897 897 897 80 685 169 15 9 897 9 14 11 4 2 3 3 2000 1 1 2 1 249 195
2909 2927 2084 2917 2790 2928 2856 2441 2922 2930 2926 1103 2736 2226 2931 2904 2884 1435 2236 2813 2910
9 3 884 3 305 4 20 884 2 1 10 2000 776 35 1 4 122 884 884 173 2
2928 2084 2790 2951 2952 2441 2956 1103 2736 2938 1435 2236 2813
12 975 260 5 5 975 1 2000 765 9 975 975 310
2951 2441 2960 2968 1435 2084 2987 2736 3004 3009 3010 3012 3014 3015 3017 3018 3020 3021 1103 3023 2790 2236 2813
84 991 27 77 991 991 2 571 2 1 5 1 6 1 2 13 3 12 2000 2 438 991 255
2951 2441 2968 1435 2084 2736 2236 3014 1103 3025 3029 3043 2790 3047 3051 3052 3059 3061 3064 3065 3066 3067 2813
93 1086 140 1086 1086 346 1086 30 2000 51 54 12 568 29 21 9 21 19 2 3 1 2 207
3073 2951 2441 3083 2968 3090 3096 3098 3099 3100 3103 3104 3105 1435 2084 2736 2236 1103 3029 2790 3051 2813
46 117 1263 45 39 19 2 4 9 12 1 2 1 1263 1263 463 1263 2000 243 274 114 25
3073 3083 2084 2790 2951 2441 3051 1103 2736 3092 3029 3094 3095 1435 2236 2813 3093
26 18 1284 247 61 1284 182 2000 469 8 101 1 1 1284 1284 120 2
3083 2084 3109 2790 3112 2441 3051 3132 3133 1103 2736 3119 3125 3094 3128 1435 2236 2813 3134
7 1249 15 430 8 1249 81 3 3 2000 321 4 6 5 3 1249 1249 148 1
2813 2084 3142 2790 3183 2441 3083 3132 1103 2736 3177 1435 2236 3133
28 1477 94 455 1 1477 37 70 2000 68 18 1477 1477 161
2084 2790 3240 2441 3183 3246 1103 2736 3256 3257 3258 1435 2236 3133
1532 436 5 1532 5 2 2000 32 7 3 3 1532 1532 285
3280 3298 3299 2084 2790 2441 3246 1103 2736 3273 1435 2236 3133
2 6 1 1532 384 1532 24 2000 84 43 1532 1532 287
3296 3297 3298 3291 2084 2790 2441 1103 2736 3283 3290 1435 2236 3133 3295
1 2 2 2 1401 142 1401 2000 457 2 11 1401 1401 141 1
3344 3329 2084 2790 2441 3338 3341 3342 1103 2736 3314 3283 3343 1435 2236 3133
1 28 1701 65 1701 3 15 1 2000 234 48 6 1 1701 1701 82
3329 2084 2790 3367 3368 2441 3371 3372 1103 2736 3314 1435 2236 3133
14 1822 83 38 9 1822 2 2 2000 95 14 1822 1822 207
2084 3397 2790 3399 2441 3405 3406 1103 3407 3413 3414 3415 3416 3417 1435 2236 3133
1844 84 156 54 1844 1 35 2000 27 8 6 7 3 1 1844 1844 87
3419 2084 3397 2790 3399 2441 3420 1103 3407 3421 3416 1435 2236 3133
8 1859 155 141 58 1859 3 2000 82 3 30 1859 1859 51
3451 2084 3397 2790 3399 2441 3467 3468 3474 1103 3440 3407 3475 3477 3478 1435 2236 3423
4 1959 57 41 148 1959 2 4 1 2000 46 69 6 1 2 1959 1959 8
2084 2790 3399 2441 3499 1103 3440 3541 3535 3516 3524 1435 2236
1946 54 139 1946 61 2000 140 9 43 7 4 1946 1946
3585 3554 3595 2084 3589 2790 3399 2441 3499 3565 3598 1103 3440 3601 3602 3541 3535 1435 2236 3573
26 41 1 1982 9 18 250 1982 27 29 4 2000 317 3 2 165 98 1982 1982 15
3585 3554 2084 3638 2790 3399 2441 3565 3662 1103 3440 3665 3666 3667 3605 3535 3652 1435 2236 3541
5 23 1981 2 19 34 1981 88 18 2000 77 3 2 2 63 244 1 1981 1981 7
3696 2084 3686 2790 3399 2441 3691 3565 3694 1103 3440 3700 3605 3535 3689 3711 1435 2236 3709 3701
14 1956 6 44 147 1956 15 136 1 2000 21 5 76 286 39 2 1956 1956 1 19
2084 3767 3686 3399 2441 3719 3565 1103 3762 3764 3605 3535 3689 3769 1435 2236 3759
2000 2 83 122 2000 6 194 2000 4 3 196 281 35 1 2000 2000 11
2084 3686 3399 2441 3786 3565 1103 3800 3796 3605 3535 3804 3801 1435 2236 3806
2000 270 57 2000 4 93 2000 21 21 174 44 7 2 2000 2000 1
3842 3843 2084 3846 3686 3399 3851 2441 3850 3847 3852 3565 1103 3605 3849 3834 1435 2236
14 13 2000 8 131 76 1 2000 2 12 1 133 2000 190 5 18 2000 2000
2084 3909 3686 3879 2441 3565 1103 3857 3890 3910 3605 3862 3896 3897 1435 2236 3902 3903
2000 2 174 55 2000 246 2000 24 24 3 217 21 45 6 2000 2000 14 2
2084 3686 3879 2441 3565 1103 3857 3921 3890 3605 3862 3927 3896 1435 2236
2000 248 23 2000 239 2000 51 36 89 113 70 1 96 2000 2000
2084 3686 2441 3565 1103 3857 3987 3989 3959 3896 3972 1435 2236 3965 3935
2000 45 2000 138 2000 69 3 3 34 34 6 2000 2000 1 43
4033 4034 2084 4037 3686 2441 3565 1103 3857 4024 4025 1435 2236 3935
1 3 2000 6 28 2000 71 2000 14 16 18 2000 2000 11
4064 4067 2084 3686 2441 4043 4044 3565 1103 4024 4025 1435 2236
7 23 2000 85 2000 20 33 295 2000 142 33 2000 2000
4097 4131 2084 3686 4129 2441 4043 3565 1103 4117 4100 1435 2236 4125 4132
141 8 2000 44 5 2000 44 278 2000 6 11 2000 2000 3 2
4097 4171 2084 4134 4166 2441 4170 4139 4172 3565 4173 1103 4145 4169 4152 4100 1435 2236
95 6 2000 14 39 2000 10 5 13 443 1 2000 52 9 45 31 2000 2000
4097 2084 2441 4196 3565 4206 1103 4208 4209 4179 4201 4152 4185 1435 2236
80 2000 2000 5 294 3 2000 1 1 31 18 34 18 2000 2000
4097 4179 2084 4229 2441 4239 3565 1103 4236 4243 4246 4152 4249 1435 2236 4222
121 28 2000 33 2000 6 261 2000 9 4 1 72 2 2000 2000 92
4097 4283 2084 4261 4296 2441 3565 4303 1103 4304 4305 1435 2236 4222
48 2 2000 52 4 2000 551 9 2000 1 1 2000 2000 186
