28 44 52 29 9
9 37 7 31 14
44 77 82 84 58 28
38 4 2 5 25 76
136 137 138 139 119 121 58 28
8 5 2 4 26 11 28 55
176 177 184 153 186 28
2 4 14 23 1 10
208 209 190
2 3 214
224 225 226 227 212 222 216 218 219 220 221 190 223
1 1 1 2 26 1 1 6 2 1 9 47 3
266 267 268 245 254
11 1 1 51 15
291 301 302 304 307 245 310 316 254 287
51 5 13 9 7 83 5 5 11 12
291 325 350 327
235 10 8 55
354 291 325 399 400 401 402 403 377 379
19 184 77 3 1 4 2 3 12 58
291 325 454 469 470 379
85 139 10 11 5 129
544 545 291 548 325 522 523 528 500 535 379 541 549
2 2 225 4 181 1 11 7 5 5 96 2 2
291 325 584 558 592 593 562 379
126 63 1 10 9 1 27 32
603 291 325 379 597 631 635 629
14 145 77 76 16 5 2 6
672 603 325 678 700 685 690 291 692 695 696 697 699 379 668 701 702
10 26 1 8 5 16 5 15 7 4 4 1 1 73 8 1 1
737 738 379 732 678
9 3 54 12 127
800 737 763 678 801 781 785 786 771 798 790 768 794 379 766 799
5 60 29 75 4 11 11 2 2 4 14 9 6 52 55 2
737 806 678 801 808 807 812 790 379 766 799
72 1 50 21 1 4 2 14 64 88 32
844 862 824 858 379 860 766 863
4 4 7 12 130 1 144 6
871 766 824 379 893 894
43 84 14 399 5 12
963 964 965 966 871 938 910 766 953 379 894
5 1 5 3 342 37 2 169 1 187 11
998 871 1004 1010 1011 1012 1014 379
21 280 7 2 1 1 3 266
1061 998 1063 1065 1067 1062 871 1046 379 1055
5 111 5 1 4 4 80 17 374 8
1088 1099 1094 998 871 1096 1098 1095 1073 1075 1046 1080 1082 379 1093
15 4 4 60 63 3 2 2 44 34 2 6 15 126 4
1155 998 1169 1160 1161 1098 1163 1164 1165 1166 1073 1075 1143 1144 379
18 68 1 2 14 79 8 1 3 2 69 32 63 33 244
1155 1188 1189 998 1098 1073 1187 1176 379 1180 1181
7 1 3 244 23 32 15 2 448 3 13
998 1098 1239 1236 1238 1207 379
326 151 2 7 1 16 517
1250 1283 1284 998 1098 1293 1262 1295 1273 379 1277
56 33 46 244 160 11 51 2 18 441 16
1346 1284 998 1319 1353 1098 1356 1326 1359 1360 1361 1298 1358 379
6 6 222 68 4 5 1 27 3 1 1 139 2 416
998 1319 1416 1417 1418 1415 1388 1326 1298 1366 1353 379 1375
613 31 8 6 1 4 16 83 197 25 29 797 15
1472 998 1319 1353 1298 1459 1460 1462 1466 379 1375
1 719 137 9 31 4 5 13 6 846 30
1509 998 1514 1517 1520 1521 1298 1495 379 1375
16 729 19 6 4 1 15 30 929 38
1569 1563 1572 1509 998 1575 1577 1546 1574 1551 1560 379 1573
4 4 16 84 568 1 1 50 2 51 50 697 4
1601 1572 1509 998 1546 1615 1616 1617 1588 1560 1551 379
16 24 6 612 33 18 6 2 25 101 73 951
1664 1572 1669 998 1670 1551 1560 379
33 97 4 759 1 257 75 1085
1664 1691 1572 1702 998 1703 1676 1551 1682 1699 1560 1689 379 1693 1701
26 19 25 4 1105 2 49 451 5 7 90 29 1208 3 4
1760 1730 1755 1572 998 1754 1741 1693 1560 1750 1551 1753 1722 379 1756 1757
1 14 11 14 992 7 1 27 3 12 339 1 42 1178 5 8
1807 1755 1572 998 1803 1804 1805 1551 1808 1809 1810 1750 1784 1722 379 1757
4 7 1 1255 7 12 6 386 1 3 2 121 13 8 1504 56
1858 998 1803 1869 1551 1874 1845 1750 1784 379 1757 1855
1 1368 92 7 529 7 36 157 111 1657 4 13
1920 1921 1919 1893 998 1803 1551 1909 1750 1784 379 1916 1917 1855
1 2 6 3 970 4 414 34 187 187 1601 33 14 52
1922 1951 1957 998 1959 1962 1954 1551 1969 1970 1971 1909 1750 1958 1784 379 1916 1855
75 43 23 894 10 5 41 375 4 1 1 17 20 1 20 1421 123 65
1922 998 1954 1551 1971 379 1916 1855
178 1150 29 632 7 1515 88 18
1984 1922 2011 2020 1990 998 2012 1962 1996 1551 2007 379 1916
11 199 21 3 6 1129 1 2 5 792 30 1330 154
1922 2011 2052 998 2063 2061 1551 2066 379 1916 2045
247 37 5 1477 1 5 1152 4 1585 76 30
1922 998 2094 1551 2099 2100 2101 379 1916
457 1434 5 966 24 3 1 1573 134
2144 1922 998 2140 2124 1551 2099 2134 379 1916 2141 2143
1 524 1486 1 23 962 63 1 1800 314 6 1
1922 2180 2181 998 2155 2158 1551 2099 2167 379 1916
520 3 4 1545 33 71 1025 45 31 1799 254
1922 2235 998 2217 2167 2155 2158 1551 2226 2099 2231 2232 2236 379 1916
427 1 1512 13 2 92 154 1085 1 119 4 4 1 1767 255
1922 2251 998 2255 2155 2235 2253 2158 1551 2256 2099 2254 379 1916
213 20 992 4 33 9 21 223 779 1 75 7 1293 301
1922 2155 2309 998 2300 2251 2316 2158 1551 2295 2315 2266 379 1916 2313
94 30 3 864 2 13 2 197 770 20 1 2 1190 326 1
2368 1922 2371 2373 998 2376 2377 2378 2347 2317 2158 1551 2350 2295 2379 379 1916 2366
1 89 2 3 676 3 1 2 4 4 63 587 40 110 1 1251 575 34
1922 998 2413 2350 1551 2419 2421 2422 2295 379 1916
117 699 13 223 582 12 2 3 173 1168 469
1922 2491 2468 2470 998 2350 1551 2481 2478 2454 2295 2489 379 1916
243 1 20 12 832 363 589 7 4 110 134 2 1209 377
2497 1922 2499 2468 998 2506 2508 2350 1551 2512 2511 2510 2454 2295 2490 379 1916
10 129 27 38 466 21 34 569 337 3 4 2 11 143 2 755 289
2560 1922 2499 2468 2454 998 2567 2568 2570 2562 2350 1551 2576 2577 2574 2511 2295 2554 379 1916
5 350 28 15 21 468 8 7 7 9 395 118 2 1 1 42 195 21 691 223
2593 1922 2499 998 2615 2605 2350 1551 2295 2616 379 1916
4 381 10 655 8 12 234 274 154 2 819 164
1922 2628 2661 998 2668 2605 2350 1551 2672 2673 2675 2670 2295 379 1916 2669
491 12 14 757 5 119 319 266 3 3 2 6 61 818 61 5
2689 1922 2723 2628 2661 998 2695 2730 2679 2731 2350 1551 2724 2702 2295 2713 379 1916 2717
70 251 13 40 14 397 12 25 159 1 732 146 1 34 190 54 587 190 5
2689 1922 2695 2702 1551 2713 2732 2350 2747 2628 2761 2295 2778 2781 2789 2784 2786 2787 2788 2790 998 2791 2792 2679 379 1916
8 283 25 114 35 69 28 986 23 98 16 103 3 4 1 1 2 8 1 2 318 3 3 85 421 103
2689 1922 2843 2628 998 2844 2295 2732 2702 2833 2836 2350 2838 2679 2713 379 1916 2828
8 432 7 320 432 1 8 77 49 27 4 738 24 279 279 440 8 2
1922 2628 998 2889 2732 2893 2350 2833 2894 2838 2679 2713 379 2908 2910
600 169 600 47 53 24 771 9 8 130 566 566 600 7 2
1922 2628 998 2923 2350 2937 2936 2930 2931 2838 2679 2904 2713 2906 379 2938 2935
433 95 433 50 924 1 2 24 17 22 433 47 433 37 433 2 3
2976 2977 1922 2979 2628 2981 998 2980 2978 2350 2961 2962 2963 2838 2679 2904 2713 379
3 2 366 3 155 1 366 2 2 995 51 20 4 16 366 52 366 366
1922 2628 998 2986 2962 2350 2992 2961 2994 3000 2997 2998 2679 2904 2713 379 2995 3001
617 202 617 21 5 620 4 45 32 4 3 2 617 178 617 617 10 1
1922 3003 2628 998 2986 3000 2350 3001 2994 2995 2996 2998 2679 2904 2713 379 3004
546 3 579 546 40 3 620 2 20 17 4 2 546 236 546 546 1
3040 1922 3044 998 2986 2350 2628 3057 3059 3061 3062 2679 2904 2713 3066 379 3037
12 535 11 535 142 603 559 3 6 17 2 535 198 535 1 535 3
3072 3104 1922 2628 998 3073 3112 3113 2986 3106 2350 3120 3121 3122 3118 2679 2904 2713 379 3061
41 13 654 472 654 7 2 4 255 10 482 5 2 1 3 654 178 654 654 7
3072 3104 1922 3147 2628 998 3073 3118 2986 3137 3138 2350 3151 3120 3153 3154 3061 2679 2904 2713 379
88 56 444 7 689 444 49 5 214 74 6 479 24 121 8 15 49 444 1 444 444
3072 3073 1922 2628 3174 998 3104 3172 2986 3173 2350 3120 3061 2679 2713 379 3164 3166 3167
75 65 482 495 1 482 34 8 480 1 556 297 65 482 482 482 3 13 19
3072 3073 1922 3221 3222 2713 3229 3104 3233 3234 3235 3239 3240 3241 2986 3243 2350 3247 3120 3232 2628 3167 998 3061 2679 379
20 27 541 17 26 541 1 36 6 3 2 1 6 8 447 2 448 1 270 8 708 33 541 27 541 541
3221 1922 2628 998 2986 2350 3120 3253 3286 2679 2713 379 3167
41 49 829 49 49 615 451 76 7 49 49 49 56
3331 2628 3334 3335 3338 3339 3340 2350 3120 3221 3324 3294 3167
8 816 24 32 8 2 1 653 231 148 32 240 300
3393 2628 3397 3398 3399 3401 3405 2350 3407 3120 3221 3384 3391 3324 3294 3167
26 817 5 8 3 9 5 483 1 281 29 32 16 66 209 419
3458 3459 2628 3433 2350 3439 3120 3454 3446 3391 3324 3453 3294 3167
2 1 1041 21 544 14 97 2 21 29 155 7 426 318
2628 3461 3469 2350 3439 3473 3474 3476 3446 3479 3324 3453 3294 3167
1342 36 4 345 140 5 8 1 55 3 294 6 259 313
3515 2628 3510 3516 2350 3439 3446 3514 3503 3324 3517 3294 3167
1 1089 9 3 585 67 5 5 15 314 1 465 326
3586 3587 2628 3557 3580 3531 3565 2350 3439 3446 3576 3579 3324 3294 3167
8 8 773 5 2 40 1 860 46 40 4 9 367 718 367
2628 3590 3623 2350 3598 3579 3324 3294 3167
491 44 3 1201 24 38 308 1088 308
3619 2628 3590 3612 3627 3628 2350 3631 3634 3635 3598 3606 3630 3324 3294 3167
4 386 200 8 9 11 1393 2 1 1 32 12 4 221 1174 221
2628 3590 3669 3659 2350 3663 3662 3666 3667 3668 3598 3670 3671 3324 3294 3167
246 277 2 13 1410 3 2 1 2 1 13 1 2 344 1348 344
3683 2628 3590 3687 3689 2350 3324 3294 3167
19 456 10 5 3 1129 415 1060 415
3712 3713 2628 3749 3718 2350 3750 3748 3737 3738 3324 3294 3167
2 2 894 3 20 924 1 1 10 3 182 911 182
2628 3749 3751 3796 2350 3795 3780 3797 3799 3737 3324 3294 3167
720 62 11 2 1051 2 17 2 2 151 229 980 229
2628 3749 3846 3751 3848 3851 3852 2350 3796 3839 3324 3294 3167
475 66 3 8 1 2 1 1449 6 10 76 1253 76
3905 3906 2628 3749 3910 3881 2350 3324 3909 3895 3897 3898 3167 3868 3294 3877
11 2 274 53 2 25 1688 38 7 10 2 1 38 8 1461 52
2628 3881 3882 3883 3885 2350 3324 3294 3167
328 139 11 1 3 1573 99 1508 99
3938 2628 3881 3929 3927 3916 2350 3922 3918 3934 3928 3940 3903 3324 3294 3167
5 351 18 2 1 12 1592 13 8 2 11 2 42 57 1349 57
4000 4001 3971 2628 3975 2350 3922 3962 3996 3994 3294
1 1 48 374 18 1626 31 56 4 6 1516
2628 4060 2350 4048 4050 4051 4056 4059 4028 4029 3294
282 3 1718 2 3 16 5 4 21 34 1664
2628 4070 4106 2350 4110 4118 4100 4028 3294 4117
229 2 5 1771 3 1 88 73 1448 2
4100 4137 2350 4153 2628 4154 4155 4028 3294
39 9 1844 2 156 3 2 23 1299
4193 4194 4195 2628 2350 4100 4154 4156 3294
5 1 6 35 1965 60 11 9 1544
2628 2350 4214 4217 4100 4154 4219 4220 3294
45 1955 3 15 18 9 3 2 1241
4228 4260 4264 4266 4268 2350 4270 4240 4245 4217 4249 3294
122 10 3 28 1 2000 2 7 4 33 53 1386
4304 4217 3294 2350 4297
8 5 1511 2000 18
4380 4362 4364 2350 4361 4369 4366 4374 4375 4376 4379 4348 3294 4351
3 29 30 2000 3 2 19 12 4 7 1 16 1826 1
4362 4364 4398 4400 4401 2350 3294
19 237 10 2 5 2000 1633
4364 2350 4367 4372 4373 4376 4378 4379 3294
17 2000 11 19 2 1 1 1 1568
4416 4420 4391 4424 4425 4423 4364 2350 4403 4372 4376 4379 3294
2 2 5 10 2 1 45 2000 13 59 33 4 1724
