8 1 10 7
2 7 3 4
43 44 37 45
8 4 9 1
64 80 76 79
5 2 1 1
137 138 140 142 143 121
5 1 11 1 2 5
209 210 187 196
1 1 15 4
256 225 258 260 257 248 252
2 7 3 3 2 9 5
296 297
5 6
354 355 302 309 349 350
1 1 5 11 4 6
404 395 396 398 391
3 2 6 7 1
458 460 453 454 445
2 1 4 8 4
496 498 499 501 503
6 1 12 6 4
526 527 529 533 534 511
1 8 1 1 4 1
552
12
19 24 25 26 30 31
4 9 16 6 4 1
24 11
2 1
25 10 19 28
3 12 1 1
2 3
2 1
64 41 47 48 54 58 60 63
1 2 17 4 9 2 10 1
101 102 104 106 107 111 114 116 118
9 3 6 2 4 3 2 1 2
143 145 149 151 153 154 156 157
5 1 2 5 1 2 2 1
210
2
242
4
312 313 307
1 1 3
33 36
9 2
9 26 27 28 21
10 2 3 2 3
48
6
98 99 95
5 2 3
8 1 10 4
5 1 1 7
71 73 74 75 56 58
3 2 2 3 5 6
89 101 94
2 1 2
8
3
48 68
26 1
8 11 12 13
1 3 2 1
68 69 74 75 78 81
10 19 9 3 2 1
77 86 85
1 1 2
88 122 123 116 125
3 1 4 15 1
177
1
208 209 202 210 206
8 1 14 1 4
17 21 25 26 27 28
9 2 2 3 1 1
60 61 55
3 4 4
98 99 101 102 104 95
2 3 7 3 1 18
37 38 47
2 3 10
113 114 86 111
2 4 1 2
145 146 150 153 154 155
6 1 1 4 1 2
169 163 172
2 9 3
228 232 235 236 183 216 220 221
1 4 1 1 10 3 6 3
296 304 307 305 303
23 1 2 1 1
349 350
10 2
36 38 19 24 27 31
1 6 1 3 12 1
60 58 68 69 70
4 5 1 5 1
2 36 23 28 29 31
31 1 6 5 1 1
1
2
42 43 45
3 2 1
98 99 68 101 103 100 94
7 2 3 2 2 1 6
32 43 29 39
3 4 18 2
14 15
11 1
99 102 103 104 105 43 79 92 95
1 2 5 5 1 6 15 1 4
136 131 158 143
1 15 1 8
145 146 143
2 2 2
3 11 12 13 14 15
9 3 6 2 3 2
40 73 75 50 57 60 61 62
13 2 1 8 4 4 4 2
25 18 13 14 15
1 12 9 19 3
34 42 50 54 55 57 58
14 13 3 2 3 3 1
116 106 99 124 119
7 10 3 4 5
172 177 175 164 127
12 2 3 4 49
226 227 218 223
10 3 3 6
276 274 275 268
1 9 5 2
9 4 5
1 1 3
50 45 47
1 9 1
94
3
110 111
2 5
136 162 147 155 159
13 1 2 10 3
201 202
2 4
249 250 251 237
4 1 2 10
262 264 269 273 274 275 249
2 1 3 1 3 4 8
328 297 322 308
6 12 2 4
0
32
56 57
2 2
8 16 4 14 15
1 1 16 8 1
34 36 37 42 45 46 47
7 5 4 1 6 2 1
64 82 51 79
37 6 4 1
96 105 123 125 103
9 26 4 4 7
96 103 169 172 179 180 181 182 186
42 42 3 5 3 4 2 4 1
220 223
6 2
16 19 21
21 1 2
48 49 50 51 45
5 5 7 3 23
75 85 95
3 3 1
38
15
66 92 94 95
14 2 2 1
100 104 107 109 111 113 114 115 95
16 2 8 3 1 1 1 1 16
161 164 165 166 167
6 1 1 2 1
176 187 188 189
6 5 1 2
8
7
37 43 44 45 46 47
3 1 1 1 2 2
96 106 107 108 110
7 10 13 2 2
130 165 166 167 149 155
18 4 1 2 5 3
19 17 18 11
1 3 5 6
51 52 53 54 55
4 3 6 4 1
