22
1
33 34 35 37 22
5 1 1 3 3
73 74 75 76 77 80
3 3 1 3 1 2
5 6
1 1
10 14
1 2
1
1
1
4
0 2
1 2
64 59 60
2 6 1
1 3 4
4 5 1
26 35 36 29
7 2 4 7
16 17 13 14
3 2 77 77
13 14 17 19 20 23
70 70 9 2 4 1
36 37
6 2
1 5
3 2
37 38 40 41 42 43 45
4 1 2 4 2 3 1
4 5
1 2
16 14
1 4
1
3
3 5 6
2 2 2
10 12 7
3 3 3
2 3
2 1
1 2 4 5
4 2 1 1
49 65
3 2
2 4
2 1
40 41
1 2
21 22 23
2 3 4
4 5 7 9 11 14
4 2 1 1 3 2
25
2
16 10 12 13
2 1 1 1
0
2
27
4
2
1
50 42
1 1
50 52
3 7
32 28 36 22
3 2 3 1
32 33 26 30
3 1 8 2
65 68 62
2 1 11
0
1
1
4
8 9 2 5
3 2 3 1
16 24 27
4 2 2
20 22
5 4
0
5
8 2 7
1 7 4
11 3 5
1 7 6
3 5
1 1
40 41 42 38
2 1 2 3
35 36 37
3 2 1
0 1 2
4 3 2
16 17 19 15
8 2 2 1
11 12 14 15
3 5 1 2
5 7
5 1
8 11 5 6 7
3 1 11 1 1
22
2
9 14 10 13 6
2 1 1 2 2
16 12 15
2 1 2
36 37 38
3 2 1
4 6 7
5 1 1
8 11 3
2 1 7
3 5
1 2
4 6
2 5
24 20 22
2 10 4
2 3 4 6 7
2 4 1 2 1
16 17 13 1
1 6 2 2
10 11 12 13
7 1 2 2
52 53 54 47
2 2 1 3
2 5
1 2
16 15
1 1
0 1
1 1
42 43 44 37 46
1 2 1 8 1
2 3
1 3
10 5
2 13
27 21 30
3 2 1
0 1 2
1 4 1
35 37 31
6 3 5
4
2
1 2 4
2 1 1
8 10
1 2
16 14
1 3
13
1
8 9 2 11 7
1 2 7 2 1
0 4 5
1 2 1
53 37
1 6
40 42 37
5 1 10
33 34 35 29
2 1 1 1
8 9 3 13
4 1 2 1
11 12 13
2 2 3
0 1
1 1
3
1
32 35
3 3
32 66 35 68 70 73
57 1 57 2 1 1
32 35 39 40 46 49
16 16 2 2 3 1
32 35 46 48 51 52
28 28 1 2 1 1
0
7
10 15
3 1
