0 1 2
1 2 2
2
2
14
2
0
1
1 3
1 1
12 13
1 2
2
1
1
2
2 3
2 1
2
2
27
3
21 14
1 3
0
1
0
1
0 1
2 1
20 21 22 23
3 1 1 1
7
3
0 1
1 1
18 19 20 21
2 1 1 2
0 1
3 1
1
1
1
1
11 12
1 1
1 2 4 5 6
2 1 1 1 1
2
2
1 6
2 1
9 11
4 1
9 7
2 2
0 1
1 1
8
1
8 7
4 1
20 21
1 1
1 3 4
2 2 3
14
1
0 1
2 2
7
3
2
2
4 5
3 2
0
1
0 1
1 2
0 2 4
2 1 2
3 4
2 1
8 7
1 1
0
1
8 13 14 15
1 3 1 1
4 5 6
1 3 1
16 17 13 14
3 1 1 4
8 10 11 4
8 1 5 1
0 1
1 2
0
1
0 1
1 1
8 9
1 1
2 4 5
5 4 1
12
1
2
1
9
2
1
1
13 14
2 3
1
1
3
1
5 6
3 2
8 1 3 5
1 1 1 1
11 13 14
1 3 2
3
1
10
1
4 5
3 1
1 2 3
1 2 2
0 2 3 4
3 1 2 3
2 5 6
3 1 1
0
2
16 19 20
1 1 1
0 2
3 1
11
1
10 11
2 1
9
2
2
1
8 9 7
1 1 1
1
3
0
1
5 6 7
1 2 1
3 4 5 6
1 1 1 2
9
1
0 2
1 2
0
2
