3 4
1 1
1
4
24 22 23
2 4 1
25
1
0 2 3 4
1 1 1 1
4
4
1
1
2 3 4
2 1 1
5
3
3
5
32 33 29 30
3 1 2 3
0 1 2
1 4 1
1 3 4 6 7
4 4 2 1 2
14 15
2 2
0 2 3 4
1 2 1 1
1 3 4 5
4 4 2 3
8 7
1 6
5
1
13 14
3 1
1
6
1 2 3
6 3 1
0
2
8 7
1 2
8 11
3 2
14
2
0 1 2
1 1 2
5 6
2 2
12 13
2 1
9
1
0 1 2 3
1 1 2 1
2
1
2 5
1 3
0 1 2 3
2 1 1 3
1 2 9 6 7
4 2 1 1 2
9 11
1 1
17 13
1 2
0 1
2 2
18 22 23
3 3 1
1 3 4 5
7 2 1 2
0 1 2
1 1 2
0 1 2
1 5 1
12 11 4 7
2 1 1 3
0
1
1 4
1 3
10 12 15
1 2 2
9 11
2 2
3 5 6 7
2 1 1 1
0 1 2
3 2 1
16 9 4 13 17
2 5 1 6 1
18 19 20 6 7
2 1 2 4 1
0 1
2 1
2 3 4
3 1 3
3 4 5
5 1 5
7
5
1 2 3
2 2 1
8 9 3 7
1 2 1 2
8 9
3 1
21 22
4 1
8 9
2 2
19 21 15
4 10 3
15
2
24 26 27
1 1 3
19 15
1 2
2 4 5
1 3 1
1 2 3 4 5
1 2 1 1 2
0
2
2 4 9 10 14 16
1 2 3 1 2 1
5
7
17 18 19 20
1 1 1 1
16 10 15
1 2 2
8 9 5
1 1 13
6 7 8 9 10 12
1 1 2 1 2 1
8 9 7
2 3 7
8
2
1 2 3
1 1 1
9
1
4 5
4 1
16
1
9 18 13 14
1 2 2 1
24 28
1 1
19 21 22 23
1 1 1 1
0
3
5 6
7 4
29 30
1 2
1
2
