0
2
4
1
0
1
8 11
2 1
2 3 6
4 2 1
4
1
0
1
1 2 4
2 2 1
0 1
1 6
8 10 6
1 1 2
0 4
1 1
0
1
10
3
2
1
8 0 7
1 1 1
18 20 21
3 5 1
0
1
4 6
4 1
9 10 11 7
1 2 2 3
0 1
1 1
1
2
1 3
3 1
1
2
2
2
8 1 7
1 5 1
3
1
24 17 20 22
2 1 1 1
2
1
0 3
1 2
10
1
0
1
0
1
0
1
0 1
2 2
2
3
1
1
0
1
5
1
3
2
1 4
1 1
0 2
2 1
3 4 5
1 2 1
0 3
1 2
0
1
16 18 23
4 2 1
1
1
3 4
2 1
1 2
1 1
0 10 12
1 1 1
9
1
1
1
0
1
0
2
0 2
1 1
0 1 2
1 3 1
4 6
3 1
3 5 6
1 1 1
1
1
0 8 6 7
5 1 2 1
0
2
2
1
1 2
1 1
1 3
1 1
0 1
2 1
14
3
1 3 5
1 2 1
0 1
3 1
16 19
1 1
2 3 4
1 1 2
7
1
3 4 5
1 2 2
3 6
1 2
0 1
1 3
9 6
3 1
3
1
