33 49 51 52 55 57 58
134 8 8 4 8 2 1
96 33 98 100 101 102 97 105 106 83 55 88 91 63
5 110 1 11 4 2 4 6 2 14 5 12 6 10
112 33 123 124 63
1 78 16 8 34
33 162 166 167 168 169 172 173 142 153 63
104 1 5 2 1 1 2 1 57 9 105
192 33 196 225 201 224 142 176 211 206 216 223 220 221 63
20 164 74 2 16 5 70 5 34 6 2 2 2 1 251
192 33 259 225 234 142 176 241 274 211 278 279 63
9 393 6 20 16 140 36 13 6 15 1 3 112
320 33 290 321 297 234 295 322 142 307 308 318 312 315 316 286 63
2 547 78 2 5 6 24 1 409 8 6 6 1 6 3 67 82
33 321 142 335 385 374 375 383 380 381 286 63
250 102 142 1 11 3 35 3 6 2 16 16
321 418 419 33 142 411 286 63
123 67 14 154 89 90 255 255
481 418 484 485 454 33 486 142 411 286 63
94 32 1 1 103 46 2 46 156 340 340
33 418 539 537 454 533 142 527 528 529 530 526 535 494 411 286 63
212 166 2 4 95 5 212 6 7 13 2 26 4 21 281 374 374
576 33 418 571 549 454 577 574 554 555 578 142 494 569 526 411 286 63
4 558 29 10 113 46 6 3 24 14 2 558 20 3 24 131 131 131
33 418 611 549 614 615 616 617 142 613 593 526 607 411 286 63
380 38 32 11 2 4 1 1 380 9 101 222 16 125 125 125
33 611 644 615 650 651 526 593 142 607 411 286 63
31 58 10 3 2 2 138 302 31 27 302 302 302
672 611 676 689 653 526 593 691 695 696 698 411 286 63
10 71 4 40 4 100 395 2 5 1 1 395 395 395
672 611 744 746 748 717 653 593 411 286 63
27 346 43 3 3 34 41 394 394 394 394
672 783 611 779 653 782 781 593 411 286 63
2 1 366 48 13 2 2 355 355 355 355
833 611 836 838 831 795 779 812 814 830 593 818 821 822 823 411 828 286 63
3 250 2 1 4 27 26 37 2 6 273 11 28 1 3 273 9 273 273
611 849 827 842 779 812 845 846 847 848 593 843 821 411 828 286 63
120 1 46 1 20 3 1 1 2 1 476 2 81 476 9 476 476
611 821 877 593 867 852 286 857 411 862 63
26 31 2 206 18 130 206 79 206 9 206
923 906 879 593 852 821 920 857 922 411 924 286 63
1 18 349 277 83 93 38 27 1 277 1 277 277
964 977 978 879 593 946 980 821 852 953 411 957 286 63
10 10 2 216 276 7 1 7 16 74 276 5 276 276
1024 1041 593 1032 1039 1031 1037 1038 879 1040 1009 1028 953 411 286 63
1 3 374 9 1 4 6 3 63 5 38 1 46 374 374 374
593 1075 1076 1047 1080 953 411 286 63
505 8 2 24 6 3 505 505 505
1088 1090 1125 1129 1133 1106 1102 1135 593 1138 1075 286 1110 411 1116 1118 63
80 4 9 6 3 2 37 5 506 1 127 506 2 506 13 8 506
1088 1090 1102 1167 593 1075 1172 1166 1176 1178 411 286 63
2 7 61 9 387 168 2 17 3 5 387 387 387
1218 1251 1247 1250 1102 593 1237 1206 1242 411 1245 286 63
35 1 1 1 228 67 4 3 13 67 16 67 67
1281 1307 1284 1299 1291 1102 1295 593 1267 1303 1305 411 1277 286 63
5 1 26 2 18 147 2 422 24 14 3 422 23 422 422
1281 1314 1339 1345 1321 1346 1102 593 1267 1338 411 286 63
56 31 5 4 26 1 81 433 7 22 433 433 433
1281 1314 1403 1377 1356 1357 1102 593 1402 411 1405 286 63
97 5 1 67 2 4 37 257 2 257 1 257 257
1281 1102 593 1459 1471 1462 1465 1466 411 286 63
130 18 190 29 3 1 1 1 190 190 190
1504 1506 1508 1477 1514 1516 1517 1102 593 411 1500 286 63
5 7 21 113 3 5 4 41 98 98 14 98 98
1506 1571 1508 1477 1575 1577 1579 1580 1102 1583 593 1582 1560 1562 411 1532 286 63
6 8 88 383 2 4 16 3 36 2 148 2 49 64 148 93 148 148
1508 1477 1607 1628 1590 1102 1615 593 1619 1630 1622 1562 411 1532 1629 286 63
129 206 9 4 15 8 13 130 1 2 14 68 130 239 1 130 130
1634 1659 1508 1477 1638 1532 1630 1615 593 1653 1655 1657 1658 411 1628 1562 286 63
14 1 99 62 116 169 57 16 131 15 15 3 6 131 8 41 131 131
1508 1638 1660 1677 1678 1711 1712 593 1710 411 1532 286 63
43 93 12 13 34 2 2 260 5 260 239 260 260
1761 1508 593 1769 1770 1767 1735 1743 1713 1749 1758 1737 411 1532 1757 286 63
6 80 41 8 2 7 29 34 55 1 7 15 41 175 1 41 41
1508 1788 1735 1769 1713 1780 1781 1783 1784 1786 1777 1532
108 3 68 33 41 7 4 3 2 1 2 121
1824 1826 1508 1829 1820 1735 1832 1769 1831 1811 1828 1833 1816 1817 1532 1823
6 12 96 1 3 91 2 37 2 33 1 1 17 2 35 1
1508 1862 1735 1832 1833 1867 1870 1872 1875 1876 1878 1879 1880 1532
262 18 8 25 4 11 16 8 4 1 1 1 1 87
1508 1893 1832 1930 1933 1934 1935 1937 1938 1939 1870 1913 1532
416 16 16 13 4 15 3 6 3 1 50 21 128
1984 1985 1986 1508 1991 1870 1967 1941 1977 1988 1956 1532 1981 1973
6 3 1 456 4 122 70 61 17 5 34 25 4 27
2051 2052 2053 2056 2057 2060 2061 2063 2064 1941 1967 1973 1977 1981 1991 1870 2003 2004 2015 1508 2021 2023 2026 2043 2045
9 12 6 1 3 7 1 3 3 21 28 31 120 70 195 317 4 37 20 334 45 4 56 26 3
2080 1508 2118 1991 2120 2121 2026 2060 1870 1967 2097 1981 1977 2122 2065 2116 2109 2111
14 404 3 375 1 2 164 46 342 120 65 13 46 1 24 5 10 6
2176 2180 2179 2116 2097 1991 2026 2146 1870 1967 2065 2134 1977 1508 2159 2173 2174
1 5 6 106 59 365 142 8 554 97 66 82 77 365 9 35 56
2146 1508 2198 2214 1991 2225 2026 2221 1870 1967 2097 2226 2222 2197 2134 2065 2116 2191 2173 2174
22 430 24 37 430 6 212 4 673 120 59 1 6 83 55 22 6 79 16 55
2273 1508 2245 1991 2026 1870 1967 2097 2197 2134 2267 2174
2 796 34 796 714 383 111 80 20 94 11 94
1508 2134 1991 2312 2026 2311 1870 1967 2097 2322 2197 2294 2327 2174
757 9 757 17 757 116 298 65 300 2 96 59 7 9
2368 2343 1508 2358 1991 2026 2311 1870 1967 2097 2197 2294 2360 2361 2362 2346 2365 2366
2 38 989 2 989 989 14 136 35 346 96 61 11 20 1 39 21 2
2401 2370 2407 1508 2422 1991 2026 2343 1870 2097 2419 2294 2425
15 73 2 1141 4 1141 1141 102 169 352 16 14 1
2370 1508 1991 2026 2343 1870 2479 2480 2097 2456
140 1512 1512 1512 60 97 1 1 273 34
2370 1508 2343 2505 2026 1991 2097 2513 2515 2520 2490 2523 2524 2526
247 1620 112 24 1620 1620 380 3 6 11 10 1 2 2
2579 2370 1508 2552 2534 1991 2505 2026 2343 2572 2562 2547 2544 2097 2578 2545 2569 2520 2575 2570
1 232 1752 6 94 1752 14 1752 67 11 8 38 5 248 2 6 3 4 13 15
2343 2370 1508 2534 1991 2633 2026 2631 2575 2097 2613 2619 2634
31 304 1696 119 1696 2 1696 19 41 304 58 25 1
2370 1508 2534 1991 2665 2026 2097 2674 2675 2676 2613 2678 2679 2681 2682
173 1827 305 1827 70 1827 173 52 6 12 103 5 14 3 1
2721 2370 1508 2534 1991 2665 2026 2727 2674 2097 2706 2676 2738 2724
4 365 1635 447 1635 4 1635 2 4 365 41 34 2 3
2370 1508 2534 1991 2793 2026 2795 2799 2097 2802 2676 2804 2777 2801
380 1620 642 1620 14 1620 14 2 380 1 12 1 20 5
2370 2851 1508 2534 1991 2824 2026 2827 2850 2097 2676 2852 2777 2843 2813
379 1 1621 482 1621 13 1621 137 4 379 14 1 20 23 12
2370 1508 2917 2534 1991 2921 2026 2827 2097 2919 2869 2871 2922 2911
594 1406 1 685 1406 2 1406 60 594 1 46 100 1 9
2370 2827 1508 2534 1991 2026 2935 2958 2960 2097 2869 2871 2968 2939
596 2 1404 729 1404 1404 26 13 6 596 18 215 2 126
2370 1508 2534 1991 2026 2987 2097 2869 2998 2871 2939 2997
1018 982 305 982 982 14 1018 25 3 141 218 5
3041 2370 3043 1508 2534 1991 2026 2097 3028 2869 2871 3044 3034 2939
7 1008 2 992 84 992 992 1008 33 30 28 1 2 230
2370 3099 1508 3110 2534 1991 3113 2026 3111 3116 3118 3120 2097 3114 2869 3044 2939 3100 3101
1149 8 851 9 62 851 14 851 4 3 2 1 1149 1 58 55 441 3 35
3169 2370 3171 1508 3173 2534 1991 3113 2026 3166 3170 2097 2869 3161 3140 3162 2939 3157 3167
4 1328 1 672 1 30 672 157 672 2 1 1328 30 11 59 8 457 12 2
3232 2370 3227 1508 3174 1991 2026 3234 3197 2097 3186 3235 3221 3225 3140 2939 3210
1 1534 2 466 31 466 466 1 4 1534 15 1 8 5 227 256 41
2370 3236 1508 1991 2026 2097 3186 3259 3210 3140 2939 3261 3263
1126 19 874 874 874 1126 2 5 31 172 218 5 3
2370 1508 1991 3276 2026 3308 3309 3310 2097 3286 3140 2939
1079 921 921 1 921 1 1 1 1079 33 116 122
2370 3140 1991 2026 3367 3311 2097 3286 1508 2939 3338 3326
1043 158 957 957 3 79 1043 1 957 43 32 5
3376 2370 1508 3365 1991 3368 3369 2026 3377 3344 2097 3378 3347 3349 3286 3140 2939 3338
3 1124 876 3 876 3 1 876 3 7 1124 1 84 4 47 64 36 225
3338 3347 2097 2370 3140 1991 3407 3411 3413 3286 3416 3424 3425 1508 3429 2026 3441 3442 3443 3444 3445 2939
150 376 1125 1125 24 875 26 91 5 24 41 8 8 875 33 875 2 4 1 5 1 87
2370 1508 3493 1991 2026 3458 3502 3503 2097 3506 3347 3411 3140 3507 2939 3505
1623 377 15 377 377 19 7 4 1623 1 420 121 63 1 33 3
3521 2370 3555 1508 3493 1991 3542 2026 3559 3532 3539 2097 3347 3540 3411 3140 3549 3557
23 1871 3 129 51 129 18 129 1 66 10 1871 544 6 338 109 12 2
3594 3596 3597 3598 3599 3600 3347 3493 2097 3521 2370 3140 1991 3532 3539 3542 1508 3559 3560 2026 3411 3583
4 1 1 4 3 1 633 55 1910 54 1910 126 90 86 24 79 90 109 25 90 175 5
3521 2370 1508 3493 1991 3542 3623 2026 3559 3532 3539 2097 3347 3633 3411 3640 3140 3643 3645 3637
129 1714 286 133 286 44 2 286 198 201 20 1714 527 8 164 4 28 6 1 7
3691 3521 2370 3699 1508 3493 1991 3688 2026 3559 3532 3637 2097 3347 3700 3701 3411 3702 3676 3647
4 101 1794 2 206 88 206 25 206 330 117 3 1794 405 1 2 241 1 9 50
3521 2370 3755 1508 3493 1991 3756 2026 3559 3532 3746 3760 2097 3730 3347 3764 3411 3716 3676 3754 3647
127 1950 1 50 183 50 1 50 105 169 2 2 1950 42 227 1 176 11 130 1 6
3817 3521 2370 1508 3493 3814 1991 3816 3818 3411 3559 3790 2097 3347 3797 3767 3812 3809 3676 2026 3647
1 110 1968 32 159 11 32 2 3 66 25 21 1968 283 19 27 11 8 137 32 10
3840 3521 2370 3843 3493 3814 3847 3848 3849 3819 3790 3841 2097 3347 3845 3833 3676 3838 3839
6 294 2000 7 52 60 2 2 1 73 105 6 2000 157 1 7 19 3 7
3521 2370 3814 3819 3790 2097 3858 3347 3893 3894 3864 3833 3676 3839
144 2000 6 106 225 2000 42 225 4 2 2 67 18 24
3936 3521 2370 3819 3938 3790 2097 3858 3347 3934 3929 3833 3900 3927
1 106 2000 155 1 212 2000 56 212 16 29 168 75 13
3971 3973 3974 3977 3978 3979 3980 3981 3983 3858 3347 2097 3900 3521 2370 3790 3927 3819 3958 3960 3833 3967
3 14 3 3 1 1 1 2 3 111 53 2000 2 84 2000 53 48 53 19 4 248 5
2370 4011 3958 3974 4010 3819 3790 4029 3993 2097 3858 3347 3990 3927 4024 3833 4019 3998
2000 30 10 12 38 153 153 2 14 2000 209 153 46 6 1 65 27 16
2370 4011 4070 3974 4093 3819 3790 4079 2097 3858 3347 4078 4087 4085 3993 4059 4060 4019 4095
2000 50 7 15 1 190 190 26 2000 398 190 3 22 2 57 16 34 132 1
2370 3819 4133 3974 4137 4138 4011 4108 4141 3790 4114 2097 3858 3347 4142 4087 3993 4019
2000 87 2 7 4 1 96 29 7 87 22 2000 451 87 5 23 5 190
2370 3819 4168 4011 4114 3790 4144 2097 3858 3347 4174 4187 4019 4171
2000 148 28 45 33 148 52 2000 373 148 10 4 317 1
2370 4011 4227 4229 4242 4241 4188 3819 4226 3790 4239 2097 3858 3347 4213 4238 4217 4220 4019 4222
2000 73 7 2 1 1 12 213 9 213 1 2000 205 213 15 4 42 33 293 13
2370 3819 4262 4295 3347 4011 4300 3858 4238 4303 4226 2097 4306 4019 4308 3790 4307 4248 4217 4280 4188
2000 118 68 4 118 96 3 194 74 2 5 2000 4 515 3 118 2 19 22 13 57
2370 3819 4262 3347 4011 4274 4238 4271 2097 3858 4019 3790 4278 4217 4188 4277
2000 78 103 78 84 10 54 6 2000 167 637 78 1 30 84 1
2370 4323 4324 4293 4262 4011 4238 2097 3858 4019 4308 4302 4311 4314 4325
2000 6 4 65 179 266 266 2000 270 759 15 6 15 3 1
2370 4363 4293 4262 4361 4011 4238 4368 2097 3858 4019 4308 4366 4311 4345 4348 4357
2000 5 48 107 14 212 212 4 2000 170 979 82 11 14 10 59 13
4416 2370 4363 4293 4262 4011 4397 4238 2097 3858 4019 4308 4406 4348 4413 4414 4415
2 2000 31 63 14 149 19 149 2000 168 936 114 8 81 11 2 3
4432 2370 4475 4293 4262 4433 4476 4435 4011 4461 4238 4464 2097 3858 4019 4308 4469 4473 4443 4348
28 2000 1 84 2 3 1 38 135 8 135 11 2000 144 1022 18 11 6 56 18
2370 4483 4293 4476 4435 4011 4531 4238 4530 2097 3858 4019 4308 4533 4504 4532 4443 4507 4522
2000 53 117 16 19 81 2 81 4 2000 410 692 7 3 20 2 22 6 5
2370 4483 4497 4490 4491 4499 4011 4238 2097 3858 4019
2000 113 1 11 2 2 2 2 2000 197 927
2370 4483 4519 4525 2097 3858 4019 4532 4533 4505 4509
2000 219 20 4 2000 191 1215 7 3 8 27
2370 4483 4519 4585 4579 2097 3858 4019 4597 4559 4599 4603
2000 499 66 19 23 2000 159 1272 7 17 8 1
4483 3858 4632 4636 4637 4519 4648 4649 4650 4656 2097 4658 4659 4665 4666 4669 4670 4671 2370 4657 4579 4019
268 174 37 51 36 14 35 35 8 26 2000 10 9 13 13 8 2 1 2000 17 130 749
2370 4483 4732 4682 4715 4722 4579 2097 3858 4019 4728 4636 4733 4734
2000 197 1 28 7 10 17 2000 24 659 5 17 1 1
2370 4483 4738 4749 2097 4019 4760 4764 4765 4767
2000 105 53 40 2000 490 4 8 4 8
