17 4 14 12 15
3 27 2 2 1
44 14 48 49 50 52 53 29
9 22 2 21 13 4 2 4
65 99 100 101 102 103 74 49 50 84 93 94 95
21 2 1 5 2 1 21 167 12 17 3 8 8
128 131 74 49 84 121 125
3 2 156 104 25 8 20
195 197 199 200 74 172 189 176 49 185 157 190
4 3 1 1 192 35 1 22 53 16 6 6
256 240 227 74 172 237 238 253 176 243 245 248 249 250 251 189 254 255
1 17 146 680 118 1 37 3 111 28 33 6 6 5 6 50 1 3
302 240 227 307 74 311 172 238 271 176 243 308 245 279 314 315 284
2 89 45 10 768 1 15 101 54 68 45 4 36 58 2 1 45
176 292 293 289 74 172 238 240 245 279
110 2 1 5 841 8 105 152 2 21
176 354 355 356 357 353 329 74 238 240 308 343
79 1 6 2 1 2 59 702 4 165 6 4
384 240 355 356 74 176 374 378 381 383
1 88 10 17 632 42 3 1 1 1
384 386 387 74 240 370 382 383
5 2 3 901 165 29 1 2
416 74 428 240 402 436 415
28 971 19 56 4 1 14
485 74 491 428 493 240 497 402 499 468 502 503 500 445 415
5 1155 46 76 5 74 5 24 4 43 1 1 4 101 43
544 546 547 518 74 428 445 240 529 402 531 468 532 539 540 541
7 1 8 63 1173 283 30 227 21 59 3 12 4 4 1 9
609 549 518 74 428 557 240 402 565 598 602 604 605 607
2 36 60 1076 294 146 110 16 26 8 7 2 2 7
549 518 620 74 428 557 629 240 565 631 632 634 607
90 140 8 1020 200 102 5 90 172 4 3 3 26
641 642 644 549 518 647 648 74 428 557 646 240 565 634 636 637 650
13 3 3 81 118 1 6 522 114 64 1 320 425 14 52 6 2
672 549 518 700 74 428 557 240 660 565 694 696 665 698 699 636 703
3 136 223 1 371 74 74 607 15 399 10 3 29 3 1 30 1
704 737 549 518 745 74 428 557 749 240 660 565 726 665 748 751 636
8 63 72 166 13 608 361 361 6 546 46 474 5 64 7 1 46
685 549 518 679 74 428 557 686 687 240 689 690 691 692 565 665 668 682
1 41 345 23 696 405 405 1 5 576 2 6 1 1 261 178 4 3
518 716 74 727 428 557 240 565 697 745 665 714
590 14 572 4 402 402 640 29 29 1 406 70
768 752 771 772 773 518 74 428 557 765 240 761 665 764 714 767
6 13 2 1 1 549 793 607 607 23 321 4 359 5 53 3
768 833 834 835 781 838 518 74 428 557 815 240 819 820 836 665 795 752 830
5 5 4 2 6 2 544 1024 984 984 3 57 58 59 1 274 230 6 12
834 867 518 876 74 887 428 557 879 240 889 819 820 884 665 890 795 874 830
85 2 598 18 1032 3 891 891 69 41 6 48 165 4 306 1 197 4 11
518 908 910 913 665 795 925 929 930 932 934 935 936 938 428 557 819 820 834 74 874 876 879
869 21 34 2 250 75 5 1 7 3 2 1 3 2 422 422 16 75 171 607 52 45 113
834 518 934 908 74 428 557 876 879 946 947 820 665 795 874
258 1141 81 50 601 238 238 1 28 3 2 52 475 52 146
994 834 934 518 999 908 74 1003 428 557 879 820 950 1001 665 795 874 997
1 22 111 963 1 83 714 3 270 270 213 83 106 1 654 83 187 7
934 518 972 74 428 557 879 989 950 983 665 987 988 874
111 1446 125 480 196 196 59 2 83 4 700 8 1 196
1026 934 518 972 428 1034 1036 874 1038 879 557 1044 1045 950 1047 1048 665 987 74
21 138 1218 21 167 49 6 167 9 292 167 7 2 121 2 2 632 81 490
934 518 74 1099 428 557 879 1076 1045 950 1079 665 987 874
218 1251 513 4 259 259 236 122 48 150 73 443 122 259
518 1045 665 934 428 557 1076 950 1079 1090 1094 1096 74 1101 1108 1111 1114 987 1117 1118 1119 874 879
1037 34 431 228 300 300 401 78 122 5 51 24 556 7 7 32 15 401 6 1 3 300 407
1153 1157 518 1162 1166 1045 665 934 428 557 1076 950 1079 1094 1096 74 1111 1114 987 1117 874 1134 879 1148
5 6 963 8 3 90 364 112 351 351 186 69 243 87 3 474 87 241 186 24 351 5 563 3
518 1172 1045 1175 1176 665 934 1191 1195 428 557 1076 1206 1207 1208 1209 1094 74 1079 1111 1114 987 874 879
1018 8 77 29 50 222 205 9 1 434 434 129 19 1 2 10 139 639 653 139 325 129 434 343
518 1045 1176 665 934 428 557 1079 74 1215 1217 1094 1226 1111 1114 1243 1250 1251 874 1262 879 1264
624 27 27 27 191 755 755 597 946 5 194 136 55 136 336 27 2 7 755 4 430 1
1217 1314 1111 934 518 1287 1320 874 1291 428 557 879 1079 1226 1114 1094 74 1311
411 71 8 70 313 10 2 1137 47 1137 1137 480 313 127 686 8 1207 21
1217 1314 934 518 1353 74 1291 428 557 879 1360 1359 1363 1365 1079 1226 1114 1338 1340 874 1343
348 53 21 178 8 1175 175 1154 1154 647 3 1 11 1 178 393 459 16 68 1154 72
1408 518 1415 1418 1421 1314 428 557 1079 1340 1226 1343 1217 74 1114 1378 1381 1382 874 1387 1389 879 1403
9 280 2 9 1 81 1038 1038 280 51 350 35 547 1038 595 40 59 27 1038 85 36 682 1
1408 518 1415 1427 1314 1443 428 557 1455 1460 1079 1466 1226 1343 1217 74 1114 1381 874 1387 1389 879
89 179 17 32 93 50 1437 1437 1 9 179 3 252 39 883 1437 1042 17 1437 105 161 384
1408 1515 518 1519 1314 1443 428 557 1460 1079 1226 1217 1478 74 1114 1506 1507 874 1387 1516 1389 879 1521 1523
121 15 112 1 72 27 1275 1275 20 112 280 875 160 1275 923 27 16 1275 50 3 166 613 2 3
1408 1537 1541 518 1547 1549 1552 1314 1443 428 557 1079 1226 1217 1478 74 1114 1506 874 1387 1389 879 1531 1533
3 10 1 292 32 1 1 123 47 1040 1040 292 89 828 303 1040 828 47 1040 95 244 668 21 27
1537 518 1601 1549 1558 1565 1314 428 557 1079 1596 1597 1599 1217 1602 1603 1478 74 1114 874 1387 1389 879 1531 1533
33 246 3 45 13 32 105 984 984 246 1 2 3 879 1 1 597 984 879 984 36 172 770 45 12
1217 518 1478 874 1079 428 557 879 1648 1650 1389 1114 1659 1565 74 1662
873 187 675 873 187 873 873 940 17 1 198 873 2 29 873 8
518 428 1675 557 1687 1692 1700 1701 1704 1705 1706 1707 1708 1709 1710 1079 1217 1478 74 1114 874 1389 879
605 908 18 908 29 17 12 4 11 2 4 3 1 1 1 605 908 379 908 908 908 197 487
1217 1757 518 1478 1725 1704 74 1739 428 1389 557 1745 1079 1753 1114 879 1756 874 1687
769 1 729 263 120 9 769 50 769 193 769 12 729 5 769 502 7 769 20
1217 1794 1796 518 1478 1725 1704 874 1739 428 557 879 1389 1079 1114 1787 74 1687 1797
797 6 1 790 283 199 32 797 179 797 797 413 235 790 797 15 797 92 1
1217 1739 1478 518 1725 1740 74 1687 428 557 1774 1389 1771 1766 1079 1769 1114 879 874 1758
956 25 244 643 135 36 956 23 956 956 3 378 4 2 643 8 956 401 956 4
518 1819 1824 1826 1830 1833 428 557 1841 1842 1079 1725 1217 1478 74 1739 1740 1114 874 1389 879 1789
726 9 14 18 11 39 802 802 24 4 726 161 802 234 802 23 151 802 802 295 472 43
518 1833 428 557 1841 1079 1848 1725 1856 1217 1478 74 1740 1874 1878 1114 1885 1886 1888 1889 1890 874 1389 879 1789
818 87 717 717 2 818 58 130 23 717 306 717 380 8 46 717 12 1 2 3 1 717 405 465 23
518 1930 1934 1389 1941 1945 1950 1951 1954 1956 1833 428 557 1079 1848 1725 1217 1478 74 1740 1878 1114 1885 874 1901 879 1910 1919
776 4 9 235 1 3 6 1 1 2 56 954 954 776 81 56 954 225 954 510 37 954 94 954 5 270 113 21
518 1951 1990 1833 428 557 1079 1848 1725 1217 1478 74 1975 1740 1998 1999 1114 1885 874 1389 879 1910
642 65 30 27 795 795 642 155 27 795 411 795 100 276 3 7 795 235 795 108 563 62
2049 2050 2051 2053 518 2055 1951 1990 428 557 1079 1848 1217 1478 74 1740 2001 1114 1885 2025 874 1389 879 1910 2042 2044
2 8 2 1 515 2 69 117 543 543 515 127 543 558 543 323 26 543 413 19 543 72 942 1 7 1
518 2057 2062 2093 2069 2071 2073 1951 1478 428 557 2094 2098 2099 2101 1079 1848 1217 1990 74 1740 1114 1885 2025 874 1389 879
249 13 61 7 62 74 3 30 466 394 394 3 2 3 2 249 82 394 74 394 41 394 392 8 394 74 1357
518 2057 2062 2071 1478 428 557 1079 1848 2110 1217 1990 2119 74 2103 2126 2129 2134 1114 1885 2145 2149 2151 2153 874 1389 879
240 21 85 23 347 476 476 240 135 141 476 23 21 476 24 16 11 1 476 324 8 9 1 1 476 223 1284
2176 518 2185 2062 2221 2195 2196 2071 2200 2159 2207 2212 1478 2218 2219 428 557 2222 1079 1848 2110 1217 1990 2119 74 1114 1885 874 2156 1389 879 2220 2175
49 172 37 84 3 14 5 139 3 19 8 2 669 3 2 274 274 1 172 172 67 274 139 9 274 274 530 274 56 226 1554 10 9
2176 518 2159 2207 428 557 2228 1079 1848 2110 1217 1478 2119 2248 74 2255 2256 2257 2259 2262 2263 1114 1885 874 1389 879
37 169 36 23 209 209 26 169 169 37 209 545 7 11 209 2 4 12 4 2 6 209 545 209 171 1622
2176 1217 1478 518 2317 2312 2316 874 2315 428 557 879 74 1079 1848 1114 2159 1885 2303
1 37 619 148 1 4 4 37 22 37 37 1815 37 148 148 37 37 619 6
2336 1217 1478 518 74 428 874 879 2368 557 2324 2365 1079 1848 1114 2159 1885 2366
40 51 896 169 51 51 51 1780 2 51 169 4 169 169 51 51 896 6
2336 1217 74 1478 518 2380 874 428 557 2382 879 2324 1079 1848 1114 2159 1885 2366
5 24 24 888 98 4 24 24 24 5 1878 350 98 98 24 24 888 3
2434 518 1478 2443 879 2448 2324 1079 1848 2426 2447 1885
25 6 778 3 1994 1 488 6 6 61 8 778
2434 1478 2472 2478 879 2482 2324 2488 2489 1885
14 1062 15 22 2000 2 374 3 2 1062
2555 1478 2540 2515 879 2547 2324 2549 2553 2552 2542 2543 1885 2517
1 1425 39 4 2000 7 344 13 1 4 3 19 1425 14
2571 2605 1478 2601 2603 2573 879 2608 2609 2547 2324 2580 1885
3 2 1653 5 12 41 2000 2 1 30 220 2 1653
2573 2324 1885 1478 879
20 274 1642 1642 2000
2594 2597 1478 2599 2598 2573 879 2324 2589 1885
36 2 1726 3 2 32 2000 157 25 1726
2634 1478 2599 2600 2602 2573 2638 879 2640 2641 2643 2324 2589 1885
12 1793 7 120 6 8 11 2000 4 3 2 207 46 1793
2690 2691 1478 2600 879 2324 2683 2684 1885
1 5 1929 153 2000 71 5 8 1929
2752 2723 1478 2600 2697 879 2324 2751 1885 2718 2719
1 2 1972 177 175 2000 28 4 1972 2 35
2756 1478 2600 2697 2762 2743 2765 2766 879 2729 2745 2767 1885 2719
10 2000 138 123 4 6 4 1 2000 7 14 1 2000 109
2817 2813 1478 2822 2600 2729 2793 2765 879 2803 2775 2697 2719 1885 2821
17 8 2000 6 157 54 18 110 2000 6 25 5 103 2000 13
1478 2600 2793 2765 1885 2837 2838 2839 2840 879 2813 2719
2000 182 6 107 2000 28 3 2 1 2000 21 12
2852 1478 2600 2765 879 2866 2868 2869 2871 1885
7 2000 86 129 2000 21 10 12 1 2000
2913 2914 2884 1478 2600 2889 2903 2765 879 2899 2871 2904 2874 1885 2909
1 1 43 2000 259 12 1 66 2000 3 20 3 64 2000 2
2946 1478 2600 2889 2954 2955 2765 879 2933 2874 1885 2943
6 2000 259 228 4 2 176 2000 101 15 2000 22
2765 2979 1478 2600 2889 2986 2988 2957 879 2989 2994 2933 2999 3000 2874 1885 2997
200 34 2000 316 166 25 1 109 2000 1 7 269 3 4 42 2000 4
2997 1478 2600 2889 2986 2957 3020 2765 879 3028 2933 3033 1885 3038 3039
2 2000 193 708 50 3 47 65 2000 12 295 6 2000 5 7
3072 3075 3083 1478 3047 2600 2889 2986 3069 3020 2765 3051 879 3056 3060 2933 3028 1885 3070
5 9 1 2000 12 237 1032 307 17 4 3 1 2000 2 8 315 6 2000 14
3075 1478 2600 2889 2986 3069 3101 2765 879 3056 3089 3107 2933 3100 1885 3102 3103
49 2000 257 1089 331 58 2 56 2000 56 40 1 220 3 2000 1 2
3075 3140 3141 1478 2600 2889 2986 3069 3148 2765 3118 879 3056 2933 3142 1885
217 11 3 2000 398 942 441 45 1 207 27 2000 207 249 1 2000
3075 1478 2600 2889 2986 3199 3197 2765 879 3056 3192 2933 3190 3160 3195 1885 3198 3189
141 2000 269 1070 411 3 3 78 2000 78 4 254 1 4 3 2000 2 6
3120 3075 1478 2600 2889 2986 3116 2765 879 3056 3121 3122 3123 3092 2933 3098 3119 1885
4 117 2000 74 849 394 23 58 2000 58 2 4 2 16 656 8 4 2000
3155 3075 1478 2600 2889 2986 2765 3165 879 3056 3123 2933 3160 3161 3163 1885 3166
6 209 2000 63 980 518 45 1 2000 45 41 644 7 6 2 2000 1
3075 3076 3077 1478 2600 2889 2986 2765 879 3056 2933 3078 1885
46 3 1 2000 20 643 380 197 2000 197 680 4 2000
3104 3113 3075 3110 1478 3111 3112 2889 2986 2765 879 3056 3089 2933 3081 3100 1885
18 2 30 1 2000 5 2 567 434 170 2000 170 11 841 30 8 2000
3104 2986 3131 3137 3139 3141 1478 2889 2765 3150 3154 3157 3158 3159 3161 3162 3163 3164 1885 879 3056 2933
7 471 5 6 10 8 2000 471 130 5 6 3 1 1 3 1 4 3 2000 2000 130 1100
3173 1478 2889 2986 3197 2765 879 3056 2933 3190 3209 3206 3183 1885 3198
50 2000 288 288 18 285 2000 285 909 21 1 1 11 2000 2
3232 3233 3202 3173 1478 3234 2889 2986 3197 2765 879 3056 3220 2933 3183 1885 3231
1 2 70 27 2000 1 58 58 87 699 2000 699 11 1095 21 2000 1
3296 3202 3299 1478 2889 2986 3183 3276 2765 879 3056 3298 3197 3294 2933 3291 3292 1885 3277 3295
1 53 1 2000 341 341 29 30 748 2000 748 1 126 7 756 20 1 2000 29 1
3344 3355 1478 2889 2986 3307 2765 879 3056 3345 3357 2933 3351 3291 3356 1885 3358
4 2 2000 353 353 4 600 2000 600 1 3 1047 7 41 2 2000 2
3392 1478 2889 2986 3403 3404 2765 879 3056 2933 3386 3402 1885
50 2000 165 165 2 1 756 2000 756 1079 4 2 2000
3392 3457 3458 3459 1478 2889 2986 2765 879 3056 3424 2933 3419 1885
100 4 1 1 2000 189 189 1110 2000 1110 12 701 1 2000
3520 3501 3493 1478 3463 2889 2986 3499 2765 879 3056 3521 3508 2933 3511 3517 1885 3519
1 3 13 2000 31 575 575 21 938 2000 938 2 11 487 8 6 2000 4
3562 3568 3561 1478 3463 2889 2986 3543 2765 879 3056 3570 2933 3511 3547 1885
57 3 16 2000 115 1009 1009 32 406 2000 406 5 585 54 44 2000
3568 1478 3463 2889 2986 3511 2765 879 3056 3572 2933 3574 3543 3576 1885
39 2000 127 1139 1139 45 349 2000 349 2 512 2 52 1 2000
3056 3626 1478 3463 2889 2986 3595 3628 2765 879 3568 3639 3636 2933 3511 3640 3610 1885
597 4 2000 36 1110 1110 70 9 597 2000 44 1 3 293 73 1 39 2000
3683 3685 1478 3463 2889 2986 2765 879 3056 3672 3667 2933 3511 3640 3641 3686 3676 1885 3661
4 2 2000 25 1206 1206 404 2000 404 27 12 390 15 94 37 1 9 2000 11
3713 3640 1478 3719 2889 2986 2765 879 3056 3729 2933 3511 3672 3738 1885 3733
75 47 2000 80 1288 1288 260 2000 260 13 452 8 29 1 2000 15
3713 3779 3781 1478 3719 3784 2889 2986 2765 879 3056 3729 2933 3785 3640 3772 1885
196 4 2 2000 23 2 1043 1043 266 2000 266 66 691 1 39 15 2000
3713 3781 1478 3719 2889 2986 2765 879 3056 3729 2933 3809 3772 1885 3806
198 9 2000 40 1485 1485 198 2000 198 85 317 33 23 2000 3
3713 3846 1478 3847 2889 2986 3817 3820 2765 879 3056 3729 3826 2933 3831 3772 1885 3838 3845
384 5 2000 2 1575 1575 2 31 384 2000 384 64 56 41 1 152 2000 5 4
