43 13 45 15 49 51 52 55 47
95 3 25 41 2 5 1 3 1
43 13 15 48 50 52 54 55 58 61
35 120 208 40 4 1 1 1 3 1
80 13 77 79 48 82 84 15
11 30 10 27 195 2 1 340
128 144 130 139 141 15 48
12 2 21 11 1 347 168
193 163 200 201 139 15 48 203 154 155
46 11 9 18 79 229 86 2 93 42
48 235 193 139 15 240 245 154 251 253
33 27 62 209 491 11 1 72 3 2
193 290 291 292 289 139 15 154
79 7 5 3 8 278 393 132
320 327 15 329 139 332 334 335 336 337 339 341 342 315
16 1 305 15 410 16 18 6 3 4 1 4 1 17
389 391 139 365 334 15 341 342 344 379 382 351
8 8 438 11 139 349 17 15 21 3 5 5
420 389 391 421 139 334 15 436 341 438 442 446 447
9 82 82 27 377 12 372 3 86 3 7 1 2
481 482 483 484 389 391 139 15 341 471 477 478 479
7 3 4 1 27 27 233 655 12 19 2 2 1
516 520 521 139 15 508 511
6 4 10 133 449 5 8
548 581 139 15 564 566 580 540 511
49 1 85 832 5 3 7 27 15
640 609 635 613 614 615 639 647 621 15 596 629 602 623 540 634 645
1 34 3 34 5 16 2 2 4 614 57 1 33 12 1 10 3
669 615 15 659 662 664 665 602 667 668 634
1 27 782 94 2 9 1 108 2 2 40
736 733 602 709 615 712 730 15 690 659 692 664 729 634 701
1 1 145 8 13 25 3 618 16 257 38 29 2 113 56
771 709 712 747 780 15 785 690 659 692 789 634 602
4 61 67 86 3 544 11 20 265 27 36 85 251
851 804 709 849 712 747 845 15 848 785 659 852 789 854 792 602 853
7 13 40 2 30 164 4 809 1 174 98 3 12 1 69 32 2
804 709 881 874 747 878 15 785 659 884 885 854 792 602 883
81 22 1 16 157 5 861 71 98 1 2 41 87 7 3
897 804 874 747 910 15 952 659 942 951 792 953 925 927
87 107 40 75 9 1037 12 40 4 3 12 2 36 9
960 897 995 998 970 747 910 15 984 792 953 925 990
73 71 1 1 15 136 32 1216 42 30 106 71 3
960 897 996 1025 1033 1034 747 1036 1038 15 1040 1016 984 953 1039 1020 925
14 44 33 3 3 12 288 4 3 1324 4 19 11 40 2 13 44
897 969 747 15 953 925 958
24 2 171 1053 100 24 12
994 996 997 998 1001 747 15 953
2 95 5 4 1 88 1168 65
1027 996 1029 1031 1033 1034 747 1036 1037 1038 1007 1035 953 15 1022
23 117 2 8 5 7 120 1 6 3 100 1 59 1301 20
1027 996 1063 1071 747 1068 1069 1070 15 1072 1074 1045 953 1007
26 61 5 1 236 12 2 2 929 1 4 66 26 156
1126 1063 1128 1130 747 1068 1007 1106 1108 1080 15 1116
3 8 5 1 329 58 228 9 5 159 1010 86
1154 1063 1169 1161 747 1068 1166 1007 1144 1080 15 1116
14 135 1 9 190 14 1 214 128 200 1139 221
1218 1251 1188 1253 1063 1256 1244 1247 747 1250 1230 1007 1144 1237 1238 1080 15 1116 1215
78 3 33 11 123 1 6 1 4 1 7 316 309 16 7 316 1392 69 18
1218 1063 1288 1289 1287 1292 1293 1294 1007 1144 1080 15 1116 1215
17 222 1 4 5 1 1 1 427 427 427 1511 88 24
1063 1308 1007 1144 1080 15 1116 1309
160 17 438 438 438 1562 92 19
1339 1007 1063 1329 1327 1328 1144 1332 1334 1080 1337 15 1116
1 403 229 5 41 23 403 2 2 403 1 1597 113
1376 1377 1378 1347 1063 1353 1007 1144 1080 1370 15 1116 1375
1 2 1 210 53 18 254 254 254 19 1746 121 1
1410 1347 1412 1383 1353 1007 1144 1411 1396 1399 1080 1404 1372 15 1116 1407
7 9 1 12 28 353 353 1 5 1 353 3 11 1647 97 7
1457 1448 1404 1450 1454 1007 1144 1396 1353 1080 1372 15 1116
4 1 106 2 4 608 608 46 6 608 24 1392 71
1504 1474 1475 1508 1513 1516 1007 1144 1080 15 1404
59 19 13 2 1 6 670 670 670 1330 111
1568 1570 1572 1553 1577 1580 1007 1144 1080 15
37 2 30 3 2 1 440 440 440 1560
1568 1634 1572 1609 1581 15 1144 1620 1590 1080 1594 1007 1629 1631
19 2 161 38 6 1562 438 3 72 438 46 438 5 6
1698 1635 1572 1704 1609 1688 15 1144 1699 1590 1705 1080 1700 1658 1007 1692
8 41 93 1 192 5 1709 291 9 2 1 291 20 17 291 3
1761 1698 1635 1572 1609 1783 1784 1007 1144 1781 1769 1080 1658 15
9 64 100 430 452 2 1 283 283 3 15 283 10 1717
1825 1698 1635 1572 1830 1798 1609 1803 1007 1144 1829 1769 1080 15 1820 1821 1823
19 20 56 584 4 73 507 9 367 367 4 14 367 1633 4 5 10
1857 1871 1572 1861 1798 1609 1866 1868 1869 1870 15 1144 1847 1080 1849 1850 1007
22 2 436 13 130 583 1 1 8 1 1641 359 32 359 6 12 359
1920 1921 1922 1915 1572 1798 1896 1609 1899 1900 1007 1144 1923 1912 1911 1080 1849 1924 15 1917 1919
2 3 4 3 152 28 11 864 6 19 311 311 1 4 12 311 229 3 1689 1 4
1952 1572 1798 1896 1609 1943 1900 1007 1144 1938 1912 1080 1849 1946 15 1950 1919
1 123 45 54 884 3 123 448 448 3 19 448 293 8 1552 3 223
1988 1989 1896 1609 1900 1572 15 1144 1080 1849 1007 1919
11 1 38 784 40 40 1335 665 665 492 665 346
2017 1572 1896 1609 2026 1900 1998 15 1144 2025 1080 1849 1007 1919
20 41 33 842 1 41 2 1361 639 1 639 450 639 500
2080 2017 2081 1896 1609 2079 15 1144 2073 2078 2072 2071 1080 1849 2074 1007 2046 1919
3 43 1 43 599 4 1081 919 4 1 4 10 919 772 6 919 30 414
2112 2113 2115 2118 2017 1896 1609 2136 1007 1144 2133 2134 2105 1080 1849 15 1919
10 41 21 9 7 7 775 1 541 541 2 8 33 541 388 1459 581
2168 2113 2179 2180 2181 1609 15 1144 1080 1849 1007 2172 1919
5 59 3 2 1 832 1450 550 550 463 550 8 619
1609 2223 15 2224 1144 1080 1849 1007 2221 1919
719 10 1563 2 437 437 255 437 5 549
2273 2267 1609 15 1144 1080 1849 1007 2268 2270 1919
1 7 707 1735 265 265 265 265 14 2 634
1922 1947 1951 1609 15 1144 1080 1849 1946 1007 1950 1919
23 11 1 815 1960 40 40 40 7 40 12 815
1984 1922 1988 1609 1994 1997 1966 15 1080 1970 1971 1998 1849 1976 1144 1007 1950 1919
53 135 1 1091 8 10 85 1978 22 15 31 2 22 3 22 22 55 1091
1984 2025 1922 1609 2026 2028 1997 15 2032 1144 1971 2007 1080 1849 1007 1950 1919
165 28 30 906 5 13 12 1879 4 121 9 111 121 121 121 87 906
1984 2048 1849 2052 2055 1609 2090 2087 1997 15 2033 2068 2089 1080 2103 1007 1144 1950 1919
267 20 4 148 42 1207 11 9 52 1996 40 51 6 4 1 4 4 63 1207
1984 2145 2132 2148 1609 1997 15 2033 2147 2068 2137 2052 2105 1950 1919
137 11 12 4 1083 114 2000 2 1 114 14 149 85 179 1083
1984 2178 2052 1609 2155 1997 15 2189 2033 2132 2174 2068 2180 2105 2185 1950 1919
32 20 145 606 71 31 2000 2 72 45 4 31 13 164 1 342 606
2241 2178 2052 2248 1609 2155 2220 1997 15 2132 2105 2068 2249 2237 1950 1919
15 36 81 3 532 38 20 203 2000 90 77 203 3 13 991 532
2272 2178 2052 1609 1997 15 2288 2289 2290 2068 2105 2287 2237 1950 1919
43 22 149 546 112 2000 2 1 2 112 47 16 77 900 546
2339 2052 2311 2331 1609 2348 1997 2350 15 2351 2333 2325 2328 2068 2303 2332 2237 1950 1919
33 13 1 24 865 2 164 7 2000 6 58 32 4 164 25 42 284 401 865
2402 2405 1609 2411 2412 1997 2303 15 2416 2415 2068 2325 2397 2413 2391 2388 2362 2331 2237 1950 1919
15 5 1039 3 9 69 26 2000 5 7 69 17 25 4 1 10 4 43 224 450 1039
2402 2331 2468 2469 1609 2411 15 2449 2429 2447 2460 2237 1950 1919
413 4 1 2 401 23 2000 8 175 9 12 166 697 401
2402 2513 2504 1609 2429 2512 2449 2482 2494 2511 15 2237 1950 1919
559 6 8 313 453 3 28 17 2 4 2000 227 851 313
2402 2566 2567 1609 2571 2574 15 2482 2429 2575 2237 1950 1919
210 20 2 202 6 5 2000 21 503 1 517 1062 202
2633 2402 2566 1609 2571 2642 15 2608 2482 2612 2429 2637 2618 2237 1950 1919
19 307 145 161 190 3 2000 58 7 26 431 10 4 465 1067 161
2402 2660 2693 2566 2695 1609 2571 2701 15 2608 2237 2706 2690 2680 2429 1950 1919
110 88 14 54 2 207 29 11 2000 57 394 10 15 8 192 1289 207
2402 2693 2566 2728 1609 2571 2733 2734 15 2608 2429 2735 2237 1950 1919
65 77 42 28 48 18 2 2 2000 130 63 1 352 1535 48
2785 2402 2797 2693 1609 2794 2796 2781 2798 15 2608 2742 2429 2237 1950 1919
14 123 3 329 54 7 3 2 2 2000 13 61 51 527 1296 54
2863 2402 2851 2820 2693 2859 2861 2862 2237 2865 2815 2742 2429 2845 15 2781 1950 2821
6 34 12 41 225 6 30 2 453 1 13 87 28 13 2000 24 1513 6
2402 2883 2820 2693 2892 2861 15 2237 2867 2742 2845 2906 2907 2908 2781 1950 2815
3 19 71 168 1 10 2000 183 193 105 2 1 2 1 219 1814 83
2944 2912 2402 2820 2693 2909 2945 2951 2781 2950 2867 2932 2742 15 2908 2237 1950
12 20 52 47 138 28 3 4 421 1 71 16 65 2000 42 138 1810
2912 3013 2820 2995 2909 3015 15 2237 2867 2932 2742 3002 2908 2781 1950 2693
8 2 39 44 8 1 2000 47 136 71 171 44 92 635 1953 47
3072 2820 2908 3037 3069 3022 15 2995 2742 3064 2867 3055 3068 2781 1950
1 111 7 8 1 138 2000 27 315 54 7 4 6 605 2000
3105 2820 3079 3112 3113 3083 3022 15 3091 2742 3111 2781 1950
1 26 14 1 3 42 272 2000 15 59 5 362 2000
3169 3179 3172 3177 3178 3083 3133 3022 15 2742 3145 3162 2781 1950
9 1 3 3 3 89 48 556 2000 10 3 20 305 2000
3136 3139 3144 3151 3147 3022 3133 3152 15 2781 1950
1 62 2 2 11 495 75 2 2000 134 2000
3171 3173 3177 3181 3022 3133 3152 3186 3188 3163 15 3196 2781 1950 3199
62 24 31 12 358 50 5 14 20 3 2000 1 292 2000 1
3241 3171 3261 3238 3209 3215 3133 3022 15 3152 3245 3218 3220 3177 3256 3188 3259 3260 2781 1950 3257
5 20 1 9 40 6 8 349 2000 24 11 51 62 12 3 29 1 1 227 2000 4
3312 3171 3238 3313 3209 3314 3022 15 3152 3281 3218 3309 3220 3289 3188 3305 2781 1950
1 17 54 1 12 2 345 2000 26 13 21 1 154 3 29 3 316 2000
3363 3364 3365 3238 3336 3357 3022 15 3345 3218 3220 3188 2781 1950
4 2 1 12 22 2 442 2000 4 72 423 1 186 2000
3393 3396 3366 3022 15 3377 3218 3411 3220 3413 3412 2781 1950
7 11 10 544 2000 6 45 2 810 1 2 114 2000
3458 3396 3464 3498 3499 3468 3501 3022 15 3496 3475 3220 3479 3460 2781 1950
113 11 16 9 2 13 1 618 2000 5 9 508 9 12 154 2000
3458 3530 3522 3022 15 3537 3538 3220 1950 3535 2781 3518 3519
19 16 18 313 2000 6 1 735 2000 2 92 48 2
3552 3558 3560 3561 3530 3022 15 3537 3220 1950 3518 2781 3550
25 14 2 1 119 191 2000 10 647 2000 105 204 23
3618 3619 3620 3558 3530 3022 15 3537 3220 3605 3518 3576 3613 2781 1950 3615
4 9 9 30 289 165 2000 1 212 27 34 24 13 165 2000 4
3650 3622 3644 3530 3639 3661 3022 15 3576 3666 3220 3671 3672 3673 3677 3675 3676 2781 1950
10 6 9 198 1 8 188 2000 25 1 168 8 20 3 5 1 5 139 2000
3715 3717 3720 3721 3530 3022 15 3220 3702 3644 2781 1950 3711
1 3 11 4 247 17 2000 403 17 28 118 2000 4
3776 3717 3720 3772 3530 3757 15 3762 3763 3220 3766 3768 3732 3771 3644 2781 1950 3749
1 31 15 4 57 13 2000 6 40 441 4 1 20 16 25 128 2000 41
3837 3749 3720 3530 15 3825 3763 3220 3833 3828 3835 2781 1950 3717
1 168 112 162 2000 51 17 379 13 12 5 17 2000 35
3749 3910 3720 3882 15 3928 3825 3846 3220 3893 3925 3924 3828 3835 3530 1950 3717
125 5 170 67 2000 2 102 61 246 61 3 21 75 28 27 2000 38
3749 3913 3882 15 3825 3220 3828 3898 3914 1950 3717
322 3 320 2000 77 101 45 2 1 2000 107
3969 3970 3749 3882 15 3952 3825 3220 3828 3962 1950 3935
2 3 131 131 2000 1 172 69 16 16 2000 43
4001 3749 4006 4007 4012 3882 3980 15 3825 4018 3220 4023 4020 3962 4028 4026 1950 3935
93 97 55 11 34 97 32 2000 111 2 10 8 9 80 1 4 2000 32
3980 15 4080 3825 4084 4086 4089 3962 3935 4060 4026 1950 4063
89 2000 2 28 2 4 2 259 25 16 15 2000 19
3980 15 4080 3825 4114 4115 4117 4118 3962 4060 1950 4063
63 2000 38 84 5 10 2 1 438 64 2000 14
4130 4163 4164 4166 4167 4168 4169 3980 15 4114 4115 3962 4154 1950
141 11 1 1 1 1 1 230 2000 1 74 398 25 2000
4130 4172 4202 3980 15 4176 4210 4115 4213 3962 4154 1950
126 7 16 539 2000 12 2 19 19 246 3 2000
4226 4261 4263 3980 4238 15 4272 4243 4275 3962 1950 4255
9 8 8 866 39 2000 10 29 2 248 2000 2
4323 4339 3980 4333 15 4336 4243 4340 4341 4310 3962 1950 4255
24 12 918 9 2000 9 87 1 2 21 387 2000 79
