67 70 39 72 73 71 56 28
3 1 3 2 1 1 10 19
128 132 134 135 103 110 126 127
5 3 19 2 1 16 1 15
160 192 134 168 173 175 179 180 184 187 156 189
49 4 49 59 11 1 6 5 5 5 48 7
160 168 234 235 221
244 82 5 4 20
160 168 268 272 277 281 283 284
205 42 37 8 8 2 1 2
160 321 168 300 272 352 342 345 347 348 350 351
193 25 17 4 23 2 14 11 34 2 2 1
160 400 388 168 272 371 404 342 376 345 347
59 2 4 51 132 54 3 130 46 38 96
160 452 454 455 168 426 272 456 371 404 342 376 436 347 445 446
49 4 2 1 118 65 216 2 165 7 216 29 13 17 3 7
160 481 483 454 487 168 426 492 493 494 495 272 371 496 342 458 478
51 60 5 58 6 41 138 3 2 1 2 193 85 3 193 100 8
160 481 515 454 168 426 272 529 371 342 539 458 542
37 139 3 139 41 66 368 12 13 368 1 2 5
576 481 546 454 160 588 589 590 272 342 571
55 115 32 236 38 19 6 7 578 578 32
160 481 642 644 646 454 647 622 272 342 576 635 645
89 426 6 4 2 176 3 24 522 522 24 27 8
481 676 678 454 682 683 622 272 657 342 635 670
502 30 2 255 1 1 32 608 32 608 22 42
481 740 742 454 743 744 745 746 747 748 272 710 725 734 342 698 670 703
407 1 5 293 7 9 2 1 2 3 653 11 10 11 653 55 129 111
481 802 803 454 801 745 782 272 798 342 791 761 698 799 670 703
458 1 1 540 5 7 13 421 7 421 24 15 67 5 214 209
481 837 454 843 861 272 849 850 854 342 791 857 698 827 826 670 703
263 199 888 48 2 413 24 15 4 413 61 19 131 14 32 228 376
481 867 837 454 905 906 843 907 902 272 899 894 342 791 698 670 703
39 20 141 1283 12 2 242 1 20 150 6 4 150 27 304 415 101
931 837 454 905 843 908 941 942 272 945 946 342 919 698 923 670
10 39 1663 51 229 19 4 4 45 5 1 45 46 137 9 655
1010 996 997 454 905 843 983 978 1007 272 969 1012 342 919 1014 698 670
6 17 9 1849 331 53 20 142 6 13 23 1 13 77 2 101 660
1056 1088 1028 1014 454 969 843 1074 1039 1072 978 919 1045 983 905 1080 698 1084 1053 670 1087
64 1 5 84 1874 68 68 10 14 3 136 42 17 55 172 5 126 2 17 1168 1
1028 454 969 843 1118 1103 1132 978 1107 1140 1109 1014 905 1144 698 1149 670 1151
134 1699 155 155 8 68 15 38 38 15 1 256 22 7 301 1 1156 1
1184 1186 1155 1028 454 905 843 1103 978 1107 1014 969 1144 698 670
5 10 83 76 1753 52 23 470 162 162 175 23 9 247 1282
1155 1028 905 670 1184 1186 454 1196 1201 698 1214 1215 1220 1222 1225 1229 1230 1103 978 1107 1231 1014
2 356 5 1212 29 13 1853 22 21 147 2 5 14 8 4 17 1 437 280 280 2 356
1184 1028 1254 454 1258 978 1103 1264 1265 1234 1107 1268 1014 698 670
53 166 1 1633 24 69 730 1 3 26 69 1 166 367 1398
1184 1249 1028 1238 454 1255 1256 1234 1103 978 1107 1254 1014 1252 698 1242 670 1253
74 1 146 27 1283 11 2 36 536 74 74 1 146 2 717 2 1063 1
1184 1313 1314 1315 1028 1238 454 1316 1321 1103 978 1107 1014 1305 698 670 1311
141 2 8 6 168 55 1391 3 1 764 141 141 168 16 609 1082 3
1184 1344 1028 1238 454 1321 1324 1357 1358 1103 1328 978 1107 1364 1014 1348 698 1366 670
49 17 293 105 1589 161 3 8 7 664 25 49 49 6 293 23 411 2 1247
1184 1409 1028 1014 454 1321 1418 1103 978 1107 1374 1238 1367 1412 698 1405 670 1407
35 4 479 479 1707 194 1 443 35 35 14 128 137 4 293 2 1193 2
1184 1459 1028 1238 454 1321 1453 1103 1456 978 1107 1014 1367 1432 1444 698 670
115 5 342 78 1975 125 9 125 12 115 115 342 92 15 6 25 1518
1184 1520 1238 1028 1477 454 1321 1483 1459 1103 1456 978 1107 1524 1493 1014 1367 1432 1523 1519 670
31 1 187 277 80 2000 95 28 2 95 24 31 31 2 24 277 79 56 1 4 1692
1238 1569 1028 1477 454 1577 1483 1519 1493 1014 1560 1532 670
202 27 272 169 2000 3 51 45 38 272 25 6 1728
1238 1569 1028 1477 454 1582 1519 1584 1585 1587 1014 1583 670
53 108 345 152 2000 46 18 3 1 3 345 15 1655
1569 1028 1014 454 1611 1622 1582 1615 1614 1238 1606 1624 1593 670 1477
183 611 611 2000 10 6 72 17 7 273 31 10 11 1389 108
1569 1634 1028 1014 454 1640 1641 1642 1582 1630 1238 1625 1624 1593 670 1637
64 10 1050 1050 2000 1 1 4 64 17 86 8 4 7 950 7
1238 1569 1634 1028 1637 454 1697 1704 1675 1703 1582 1702 1684 1014 1689 1693 670 1669
41 59 41 1297 53 2000 20 1 36 3 59 4 15 1297 23 11 703 61
1634 1739 1028 1238 454 1767 1768 1769 1675 1741 1750 1745 1746 1684 1726 1014 1766 1764 670 1669
149 16 1395 149 2000 1 1 3 137 16 3 9 7 72 23 1395 3 4 605 9
1238 1794 1739 1028 454 1766 1675 1634 1741 1777 1814 1811 1780 1726 1014 1815 1818 1819 1820 670 1813
1 66 23 1686 2000 77 93 1 5 17 8 4 6 14 1686 3 1 1 1 314 2
1028 1766 454 1675 1777 1814 1014 1850 1852 1853 670
1424 61 2000 77 48 39 1424 1 2 3 576
1028 1766 454 1864 1675 1872 1874 1875 1014 1881 1882 1883 670
1528 4 2000 41 10 47 3 2 1528 4 1 3 472
1028 454 1864 1903 1872 1907 1886 1014 1911 1912 1914 1916 670
1659 2000 88 36 6 9 160 1659 9 11 15 3 341
1954 1955 1028 454 1864 1962 1963 1964 1965 1903 1960 1938 1940 1886 1014 1912 1956 670
16 3 1587 2000 215 5 10 3 1 133 4 6 44 215 1587 19 1 413
1028 1940 670 1955 454 1966 1973 1979 1985 1990 1864 1994 1995 1997 2002 2005 2006 2008 2010 2012 2013 1886 1903 1014 1912
1747 161 253 21 2000 121 7 35 12 11 66 14 6 1 7 4 4 10 2 7 4 298 6 1747 3
2048 2049 2050 2075 1028 454 1864 2025 2029 1966 2064 1940 2014 1014 670 2073 1979 2076 2077 1886 2069
18 6 3 2 1928 2000 36 1 52 36 12 382 151 1928 72 5 199 1 3 586 3
2048 2114 2083 1028 454 2014 2025 2090 2091 2029 1966 1864 1940 670 1014 2110 1979 2108 1886 2079
5 3 29 1777 2000 117 19 11 88 20 192 31 285 223 1777 4 44 3 1020 192
2144 2114 1028 2149 454 2157 2014 2154 2091 2158 1966 2159 1940 1886 1014 2136 1979 670 2079
4 59 1907 1 2000 1 122 10 448 2 93 1 196 1291 1907 1 105 93 93
2176 1028 2182 2185 2190 2192 2193 2194 2195 1940 670 2079 2091 1966 1979 2114 454 1886 2158 2163 1014 2167 2196 2174
20 1943 8 7 7 1 1 3 2 59 57 57 184 57 59 106 2000 1437 36 49 1943 6 2 90
2176 1028 1940 2202 670 2079 2246 2091 1966 2231 1979 2236 2114 2243 2244 2245 454 2247 2248 2249 2250 1886 1014 2174
31 1946 128 8 54 54 2 111 54 7 128 32 137 3 2 1 2000 1 1 2 1 1487 1946 137
1028 454 2287 2289 1940 1014 2292 2298 1979 1886
2000 2000 3 3 154 2000 9 2 154 1444
1028 2341 454 2344 2347 2348 2350 2353 1940 2334 1014 2340 1979 2333 1886
2000 1 2000 8 6 13 1 2 185 18 2000 1 185 4 1056
2401 2388 1028 2358 454 2408 2410 2411 2354 1940 2389 1014 2390 2360 2361 2394 1979 1886 2405
2 2 2000 39 2000 12 3 1 95 48 31 2000 11 49 117 5 48 1050 1
2459 1028 2454 454 2358 2413 2449 2450 1940 1014 2361 2458 1979 2460 2461 1886
2 2000 11 2000 3 4 2 2 109 2000 369 1 109 1 1 823
1028 454 2478 2480 2482 2483 1940 2485 1014 2361 1979 1886
2000 2000 27 5 2 1 21 1 2000 501 21 970
2530 2531 1028 2501 454 2536 2539 2540 1940 1014 2523 2361 1979 1886 2527
1 5 2000 23 2000 1 2 2 73 2000 1 394 73 1429 12
2587 2592 2562 2571 1028 2550 454 2539 2580 1940 2581 1014 2551 2361 1979 2589 1886 2591
2 1 14 4 2000 33 2000 6 22 188 21 2000 4 338 188 1 1626 1
2562 1028 2646 454 2644 1940 1014 2647 2648 2361 1979 1886
41 2000 7 2000 4 14 2000 1 1 563 14 1437
1028 454 2702 2703 2705 2674 2707 1886 1014 2361 2683 2686
2000 2000 8 5 4 61 1 1694 2000 306 17 18
2754 2723 1028 2742 454 2727 2728 2735 2674 1014 2361 1886 2751
2 40 2000 21 2000 40 33 7 2 2000 405 1595 1
2723 1028 454 2823 2825 2826 2827 2830 2804 1014 2361 2812 1886
22 2000 2000 4 26 11 11 8 36 2000 180 18 1820
1028 454 2825 2861 2868 2865 2804 1014 2852 2361 2842 2812 1886
2000 2000 21 5 3 4 18 2000 9 497 183 45 1503
2914 1028 454 2922 2928 2930 1014 2872 2361 2842 2908 1886
14 2000 2000 4 2 1 2000 119 295 57 18 1705
2851 1028 2853 454 2855 2856 2861 2846 1014 2852 2361 2842 2843 1886
14 2000 5 2000 1 7 1 13 2000 12 508 98 2 1492
2851 1028 2886 454 2891 2892 1014 2852 2904 2361 2842 1886
76 2000 129 2000 34 2 2000 56 1 568 20 1432
2960 2947 1028 454 2886 2951 2955 2957 2905 2959 2923 2961 2851 2964 2965 1014 2852 2361 2906 2963 1886
11 11 2000 2000 395 1 21 9 104 16 24 1 64 1 4 2000 43 784 57 1 1216
3008 3009 2851 1028 2886 454 2955 2852 2959 2995 3011 1014 2905 2361 2906 3004 1886 3013
3 2 37 2000 370 2000 61 32 252 8 1 2000 46 721 36 49 1279 1
1028 2886 454 3016 2955 2959 3057 3060 1014 2361 2852 2906 3055 1886 3045
2000 109 2000 100 19 200 7 1 2000 445 152 131 1 1555 13
3105 3106 1028 2886 454 3016 3086 2959 3092 3093 1014 2852 2361 2906 3108 1886 3071
4 3 2000 238 2000 219 37 109 11 1 2000 105 387 90 3 1613 34
3136 1028 2886 454 3016 3135 3114 3086 2959 3134 1014 2852 2361 3131 1886 3071
1 2000 255 2000 282 2 6 7 65 9 2000 102 320 7 1680 87
2852 2886 454 3143 3016 3146 3086 2959 3184 3187 3156 1014 2361 1028 3164 3174 1886 3071
245 94 2000 4 280 68 38 170 8 22 8 2000 264 2000 6 4 1736 232
3214 3233 2852 3237 454 2886 3016 3210 3086 2959 3187 3188 1886 1014 2361 3222 3146 1028 3071
55 8 328 10 2000 3 290 35 185 189 17 64 1808 2000 192 1 3 2000 328
1028 454 3016 3277 3214 2959 3280 3282 3086 1014 2852 2361 1886 3071
2000 2000 108 5 238 265 8 4 85 2000 316 265 1735 316
2852 3301 454 3016 3214 2959 3282 3086 1014 2361 1028 1886 3071
100 1 2000 4 585 254 111 34 2000 254 2000 1746 100
3328 3355 1028 454 3341 3214 2959 3282 3086 1014 2852 2361 3327 3353 1886 3071
10 1 2000 2000 14 284 169 82 62 2000 142 169 24 2 1831 142
3328 1028 3397 454 3399 3396 3403 3404 3214 2959 3282 3379 3086 1014 2852 2361 3381 1886 3071
26 2000 10 2000 5 1 3 4 563 154 97 40 26 2000 142 154 22 1846 142
3328 3427 1028 454 3406 3433 3435 3214 2959 3432 3282 3379 3412 3086 1014 2361 2852 3419 3421 1886 3071
59 6 2000 2000 20 9 2 337 201 3 182 141 5 59 2000 201 232 39 3 1799 232
3456 3459 1028 3461 3462 3214 2959 3460 2852 3379 2361 454 3282 3412 3419 1886 3442 1014 3447 3448 3449 3071 3455
25 2 2000 1 1 445 155 6 99 293 155 2000 155 29 35 1845 30 2000 59 6 4 99 3
3456 3459 1028 3214 2959 3479 3481 3486 3488 3489 3490 3491 3493 3494 3379 2361 454 3282 3412 3419 1886 1014
50 55 2000 262 232 3 10 1 6 6 6 2 1 2 277 232 2000 232 6 26 1768 2000
3456 3489 3459 1028 3493 454 3510 3214 2959 3282 3379 3509 1014 2361 3419 1886
117 161 81 2000 17 2000 2 73 583 583 257 1 2000 583 64 1417
3456 3489 3459 1028 3558 454 3560 3562 3563 3566 2959 3568 3282 3379 1014 2361 3419 3549 1886
2 200 94 2000 6 2000 7 4 1 2 472 1 472 250 2000 472 137 36 1528
3611 3489 3459 1028 454 3585 3560 2959 3282 3379 3614 1014 2361 3419 3613 3549 1886
6 92 39 2000 2000 3 8 242 242 65 8 2000 242 156 4 27 1758
3585 3459 1028 454 3489 3658 3666 2959 3664 3282 3379 1014 2361 3631 1886
21 13 2000 2000 18 14 2 217 4 217 178 2000 217 35 1783
3489 1028 454 3585 3698 2959 3728 3282 3379 1014 3671 2361 3727 1886 3631
143 2000 2000 134 7 409 1 409 162 2000 28 409 11 1591 10
3585 3746 1028 3750 454 3489 3754 3755 3756 3698 2959 3282 3379 1014 3671 2361 1886
92 14 2000 7 2000 68 3 2 2 50 326 326 97 2000 5 326 1674
3489 3821 1028 3750 454 3585 3784 3815 3826 3822 2959 3760 3282 3379 3812 1014 3801 2361 3809 3772 1886
110 3 2000 39 2000 17 17 3 4 3 394 39 394 17 13 2000 50 394 1 26 1606
3489 3874 1028 3877 454 3879 3880 3772 3883 3884 3885 2959 3760 3282 1014 3876 2361 3836 3873 1886
22 2 2000 5 2000 2 2 33 1 2 1 502 304 502 2000 10 502 29 1 1498
1028 3926 454 3879 2959 3760 3921 3282 3924 3925 1014 2361 3887 3836 1886
2000 8 2000 162 397 327 11 397 29 4 2000 397 108 61 1603
3969 3938 3963 1028 454 3879 3970 3887 3760 3282 1014 2361 3972 2959 3836 1886
5 34 23 2000 2000 149 12 124 167 266 2000 266 1 266 15 1734
4000 4016 3963 1028 4006 454 3879 4015 4010 4011 4012 4014 2959 3760 3282 1014 2361 3887 3997 1886
27 1 104 2000 4 2000 228 4 1 16 3 6 228 228 228 2000 228 191 2 1772
4064 4066 4067 1028 454 3879 4011 3887 3760 3282 4062 1014 2959 4056 2361 3963 4060 1886
5 1 3 2000 2000 4 50 231 4 4 4 2000 4 26 4 81 13 1996
4096 4097 4099 1028 4101 454 4079 4074 4011 3887 4083 1014 4056 4100 3963 4092 1886
4 7 3 2000 1 2000 33 110 110 135 30 2000 147 1 263 9 2000
4128 4162 4099 1028 454 4113 4170 4167 4108 3887 4120 4131 4079 1014 4056 3963 4124 4157 1886
8 13 39 2000 2000 39 1 10 10 84 18 21 23 2000 81 274 144 14 2000
4128 4099 1028 4214 454 4167 4207 4113 4210 4211 1014 4215 4056 4216 3963 4124 4189 1886
40 141 2000 7 2000 56 56 141 19 3 2000 1 19 1 141 160 106 2000
4128 4099 1028 4246 454 4167 4247 4207 4113 1014 4215 4056 3963 4124 4189 1886
87 25 2000 1 2000 2 1 37 25 2000 101 208 113 166 145 2000
4128 4257 3963 1028 454 4264 4215 4267 4207 4254 1014 4247 4056 4260 4219 4124 4189 1886
157 7 129 2000 2000 4 11 2 116 10 2000 10 285 4 151 293 246 2000
4128 4288 4219 1028 4261 454 4264 4207 4273 4291 4286 1014 4215 4056 4292 3963 4124 4189 1886
136 2 96 2000 31 2000 18 343 47 2 3 2000 42 214 1 87 533 214 2000
1028 4124 4128 4273 4293 454 4215 4308 4056 4189 1886 4219 4328 4207 4339 4340 4342 4343 1014 4346 3963 4349
2000 387 86 34 54 2000 88 27 281 32 2000 158 3 644 3 1 4 1 2000 1 100 9
4356 1028 4124 4392 4395 4397 4400 4401 4402 4403 4293 454 4308 4056 4189 1886 4219 4207 4339 1014 4215 3963
33 2000 352 13 1 2 1 2 2 4 50 2000 60 117 97 2000 40 1087 15 2000 244 3
4219 1028 4422 454 4427 4430 4207 1014 4215 4056 4441 4443 4411 4124 4442 1886
73 2000 28 2000 28 2 1243 2000 382 113 4 2 34 7 1 2000
4449 4483 1028 4486 454 4471 4494 4207 4496 4504 4499 4501 1014 4215 4056 4503 4219 1886 4485
54 20 2000 29 2000 71 10 1448 8 3 12 1 2000 297 151 1 68 2000 5
4449 4546 4539 1028 454 4486 4534 4215 4494 4207 4530 4483 1014 4471 4056 4548 4538 4219 4540 1886 4543
100 5 24 2000 2000 59 14 185 42 1509 2 15 2000 179 145 1 2 69 15 2000 1
