33 35 39 8 41 43 44 40 20 22
18 21 3 37 8 4 1 3 9 2
96 99 8 108 109 78 104 35 85 92
6 17 49 3 5 32 4 60 29 41
35 102 107 108 109 111 112 113
2 70 9 4 1 1 3 1
35 164 102 166 148 149 153 132 124 159
127 8 1 1 9 13 6 82 18 6
35 132 102 203 209 210 212 149 214 215 124 213
21 174 208 2 9 2 15 29 1 1 10 6
132 102 266 203 273 275 276 149 277
46 252 3 102 1 2 1 244 1
320 289 132 309 102 299 300 304 276 149 318 319
1 56 55 6 168 4 9 6 24 366 1 4
289 370 132 358 102 363 365 367 368 338 371 276 149 372
13 1 67 15 70 5 22 8 2 8 2 21 16 1
387 132 358 102 389 367 402 276 406 404 378 390
22 105 94 74 20 60 6 84 2 1 123 31
448 451 132 390 102 389 427 367 276 358 378 453
6 12 172 43 114 50 100 34 39 172 6 6
132 389 102 458 427 467 276 472 445
155 60 235 5 48 1 45 4 11
513 523 132 517 102 519 520 427 524 525 515 499 276 505 508 445
6 1 114 1 180 11 3 294 3 1 6 13 5 76 6 8
132 102 519 552 427 530 566 505
129 115 16 21 377 92 5 159
576 609 132 427 589 530 594 505 601 603 604 608 607
94 2 53 616 12 15 6 65 16 1 1 5 12
576 641 132 649 427 652 658 659 660 661 631 601 607
265 18 175 9 432 6 2 1 1 2 50 18 65
576 132 710 714 427 716 719 661 631 708 698 607
633 343 5 1 259 11 1 8 93 12 4 5
576 132 427 716 718 762 763 764 607
645 309 479 38 43 4 1 1 2
576 800 811 132 773 808 810 427 716 813 718 817 818 803 814 819
414 1 4 585 3 8 3 715 188 2 24 3 1 4 1 1
576 864 132 845 808 427 716 877 879 880 868 862
299 27 510 4 69 950 90 7 4 2 8 71
576 132 903 808 427 716 910 893 926 888 923 924 925 862
197 598 5 277 977 117 6 5 3 3 26 1 7 196
576 960 132 966 961 808 427 910 953 862 959
83 10 980 1 7 616 787 63 32 230 23
576 132 999 808 974 427 1004 910 1000 862 990 959
16 1013 3 551 15 903 2 79 1 109 16 63
132 1036 808 990 427 1004 910 1039 1042 1043 974 1046 862
851 5 497 47 1149 117 105 20 3 2 60 3 147
132 808 427 1004 910 1039 1073 1044 862 1070 1076 1054 1077
695 405 1305 306 54 29 3 11 175 1 1 14 1
1089 1099 132 1093 1062 1095 808 1100 1098 427 1004 1101 1070 1039 1078 1094 862
10 5 1011 16 43 12 379 2 5 989 344 1 27 31 3 5 94
1120 1153 1154 132 1062 1159 808 1162 427 1004 1165 1070 1167 1168 1150 862
28 3 1 1194 98 7 494 3 806 494 10 6 4 1 13 92
1218 132 808 427 1004 1199 1171 1150 1188 1212 862 1173
4 1122 959 878 959 32 60 52 5 13 71 6
1248 1249 1218 1251 132 808 427 1004 1250 1199 1233 1150 1239 1247 1244 862 1173
8 1 24 2 1004 776 996 776 3 14 29 3 7 9 5 81 194
132 1285 808 1292 1290 427 1004 1199 1265 1173 1302 1284 1274 1307 1244 862
1429 5 1307 29 37 571 1307 7 60 7 2 46 46 6 99 7
1345 132 808 1356 1354 427 1004 1357 1358 1359 1328 1265 1302 1336 1339 1244 1290
8 1532 1438 4 4 468 1438 1 1 1 56 60 88 5 10 49 3
132 808 427 1004 1358 1328 1395 1397 1302 1399 1380 1402 1401
1746 1746 254 1746 43 129 7 2 231 2 19 3 2
1433 132 1430 808 427 1004 1358 1328 1302 1431 1380 1436 1407
6 1932 22 1932 68 1932 40 315 131 9 64 3 22
132 1446 1478 1447 808 1481 1482 1479 1004 1455 1328 1480 1302 1380
2000 4 24 23 2000 1 1 1 2000 12 224 1 211 62
132 1526 808 1516 1004 1328 1522 1525 1302 1527 1380
2000 5 2000 11 2000 27 1 2 555 1 50
1569 1570 132 1573 1575 808 1545 1004 1302 1577 1380 1565 1534
3 6 2000 2 1 2000 8 2000 775 2 87 14 51
132 1573 1639 808 1641 1004 1565 1616 1617 1621 1302 1380 1629 1534 1599
2000 71 3 2000 1 2000 11 69 40 2 1258 105 18 133 68
1664 1616 132 1669 808 1675 1004 1677 1648 1682 1651 1683 1685 1302 1656 1380 1629 1663
29 60 2000 12 2000 7 2000 11 76 2 23 1 2 1097 15 98 35 53
1725 1699 132 1723 808 1708 1004 1679 1616 1721 1302 1687 1380 1722 1727 1629 1726 1663
1 16 2000 1 2000 8 2000 15 67 2 1263 16 82 1 1 14 1 154
132 808 1772 1771 1004 1775 1768 1302 1783 1784 1785 1786 1787 1788 1380
2000 2000 23 85 2000 25 24 1504 17 1 6 2 3 2 1
132 1814 808 1802 1771 1004 1838 1832 1302 1820 1821
2000 3 2000 98 91 2000 1 1 1395 8 4
1771 132 808 1802 1803 1004 1805 1810 1302 1819 1820 1821
134 2000 2000 161 30 2000 26 1 1381 2 11 3
1858 132 808 1865 1802 1771 1004 1302 1879 1880 1822
3 2000 2000 16 60 113 2000 1488 7 2 20
132 808 1802 1771 1004 1302 1913 1914 1915 1916
2000 2000 74 19 2000 1771 5 3 2 1
132 1927 808 1929 1802 1004 1933 1934 1928 1302
2000 27 2000 11 194 2000 4 5 4 1626
1985 132 1927 808 1993 1802 1995 1004 1992 1302 1956
10 2000 2 2000 3 145 1 2000 6 1958 9
1956 2038 808 1802 2027 1004 2033 2035 1302 2041 132 2042 2014
82 7 2000 110 9 2000 2 17 1855 1 2000 1 18
2083 132 2085 2086 2087 808 2057 1802 2091 1004 2088 2035 1302 2089 1956 2078 2084
5 2000 1 13 2 2000 55 48 1 2000 2 10 1717 1 11 5 1
132 808 1802 2135 1004 2126 2096 2035 1302 2137 2136 2084 2138
2000 2000 26 5 2000 22 283 118 1867 1 3 38 1
2180 132 808 2153 1802 1004 2126 2159 2096 2035 1302 2167 2084
2 2000 2000 19 26 2000 27 7 136 441 1928 3 40
2210 132 2213 808 1004 2096 2035 2197 1302 2201 2212 2205 2207
14 2000 2 2000 2000 63 396 2 1926 12 4 38 2
2262 2256 2210 132 2227 2246 808 2249 1004 2254 2096 2257 2035 1302 2264 2205
2 2 69 2000 23 17 2000 13 2000 16 47 6 226 1968 1 77
2305 2307 132 2262 808 1004 2035 1302 2205
3 2 2000 9 2000 2000 517 2000 12
132 808 1004 2035 2324 1302 2327 2328
2000 2000 2000 317 15 2000 4 5
2368 2369 2339 132 2341 2343 808 1004 2035 2356 1302 2324 2363 2364 2365 2367
1 5 2 2000 53 15 2000 2000 226 8 2000 10 2 5 1 6
2403 132 2341 808 2380 2410 1004 2381 2413 2035 1302 2409 2364
36 2000 4 2000 42 3 2000 41 1 314 2000 1 8
2403 132 1302 808 1004 2445 2446 2447 2440 2450 2035 2454 2455
89 2000 2000 2000 2000 12 5 8 5 2 288 2 2
2403 132 808 2506 2475 1004 2509 2512 2035 1302 2495 2461 2463
254 2000 2000 7 99 2000 1 2 151 2000 3 31 21
2560 2562 2403 132 2550 2534 808 2540 2539 1004 2543 2563 2035 2475 1302 2564 2555 2461 2558
3 7 476 2000 25 69 2000 40 166 2000 40 1 195 54 2000 2 9 62 5
2592 2603 2403 132 2597 2598 808 2540 2602 2539 1004 2543 2035 1302 2461 2572 2586 2475 2590 2604
27 1 729 2000 7 1 2000 21 2 515 2000 21 9 2000 56 11 1 16 17 3
2656 2403 132 2630 808 2540 2539 1004 2543 2608 2659 1302 2653 2660 2650 2652 2461 2572 2655
2 923 2000 3 2000 164 567 2000 164 29 1 2000 1 1 18 4 23 25 3
2688 2690 2403 132 808 2540 2539 1004 2670 2543 2664 1302 2679 2682 2572
11 4 960 2000 2000 290 717 2000 43 290 64 2000 58 3 94
2688 132 1004 2572 1302 2719 808 2730 2732 2733 2752 2766 2770 2771 2772 2403 2664 2539 2540 2670 2543 2679 2682
107 2000 2000 284 2000 20 2000 50 10 21 28 4 8 1 1 1086 19 766 218 67 218 115 11
2752 2785 2403 132 808 2572 2826 2539 1004 2670 2543 2824 2802 2803 1302 2679 2827 2682 2811 2540
46 28 938 2000 2000 453 2 720 2000 140 200 15 38 41 2000 96 1 36 6 200
132 2540 2572 1302 808 2862 2868 2872 2874 2876 2877 2878 2879 2752 2785 2403 2539 1004 2543 2802 2803 2679
2000 226 336 2000 2000 8 3 3 7 1 1 4 1 68 60 1304 763 2000 226 41 74 157
2752 2785 2914 2403 132 2885 808 2540 2890 2539 1004 2925 2926 2543 2803 2900 1302 2922 2572
104 161 1 1425 2000 69 2000 258 24 556 2000 1 2 258 38 24 2000 4 114
132 1302 1004 2954 2572 2966 2967 2969 2970 2971 2972 2973 2974 808 2931 2752 2885 2890 2900 2785 2403 2539 2540 2925 2543 2803
2000 2000 2000 63 30 13 4 4 8 3 1 3 1 2000 1 162 38 18 18 287 1180 515 667 102 667 194
132 1004 2954 2572 1302 808 2995 2999 3000 3002 3004 2752 3009 3013 3023 3027 3028 3030 3031 2785 2403 2539 2540 2925 2543 2803
2000 2000 20 45 2000 2000 82 3 5 40 19 44 18 3 4 2 3 1 2 415 848 454 1081 60 1081 30
2785 2403 132 3073 808 2540 2954 2539 1004 2543 3056 3075 1302 3076 2995 2572
200 956 2000 1 2000 975 24 220 2000 975 61 4 2000 7 8 19
2785 2403 132 808 1004 2954 2539 2540 2543 3056 3128 3123 3125 1302 3095 3096 3087 3103
40 803 2000 2000 2000 3 40 1184 1184 25 1 29 3 2000 13 58 114 10
2785 2403 132 808 1004 3146 2539 2540 2543 1302 3129 3096 3140 3087
66 350 2000 2000 2000 10 66 1650 1650 2000 4 28 7 40
2785 3170 2403 132 808 1004 2539 2540 2543 3187 3188 1302 3192 3193
5 5 138 2000 2000 2000 5 1862 1862 33 12 2000 2 3
2403 132 3237 808 1004 2540 2543 3240 3244 1302 3193 3197 3231
35 2000 9 2000 2000 1965 1965 11 7 2000 45 32 11
3264 2403 132 3237 3271 808 2540 3274 1004 3278 2543 3276 1302 3273 3268 3193 3279 3197
47 355 2000 23 7 2000 1645 5 2000 1 1645 1 2000 15 7 21 5 29
3264 2403 132 3237 3271 808 1004 3306 2540 2543 3312 3313 3283 1302 3268 3311 3197 3294
124 211 2000 7 14 2000 2000 9 1789 1789 6 15 13 2000 32 2 10 2
3264 3318 2403 132 3350 808 1004 3306 2540 2543 3313 3348 1302 3354 3355 3356 3360 3326 3359
193 23 80 2000 13 2000 2000 2 1920 1920 67 2 2000 2 1 1 1 8 3
3264 3318 132 3382 808 1004 3383 2540 3373 2543 3313 3381 1302 3372
60 51 2000 19 2000 2000 12 2000 13 2000 26 9 2000 35
3264 3458 132 3318 3398 808 1004 3434 3435 2540 3437 2543 3313 1302 3460 3451 3453
23 6 2000 87 101 2000 2000 60 30 2000 23 2000 20 2000 2 13 3
3494 3489 3451 132 1302 3398 3495 808 1004 3434 2540 2543 3505 3507 3476 3503 3318 3492 3500
1 33 4 2000 2000 6 5 2000 2000 92 2000 2000 1 1 13 2 56 30 9
3489 132 3318 3553 808 1004 3434 3563 2540 3565 2543 3564 1302 3529 3513 3546 3503 3517 3525
16 2000 38 6 2000 2000 192 1 2000 2 2000 2 2000 11 51 13 40 86 15
3616 3619 132 808 1004 3434 2540 3597 2543 3608 3620 1302 3575 3609 3513 3517 3615
8 1 2000 2000 2000 135 2000 14 2000 4 3 2000 82 41 4 82 10
3616 132 3638 3622 808 1004 3434 2540 2543 3624 3636 1302 3608 3641 3642 3644 3646
21 2000 1 76 2000 2000 242 2000 2000 11 9 2000 76 1 6 4 2
3616 3692 3714 132 3622 808 1004 3434 3691 2540 2543 3666 1302 3608 3695
1 11 2 2000 19 2000 2000 510 55 2000 2000 192 2000 19 21
3692 3723 132 3766 808 1004 3434 3691 2540 3762 2543 3666 3747 3765 1302 3768 3754
134 17 2000 4 2000 2000 519 154 2000 2 2000 178 14 1 2000 1 7
3692 3787 132 808 1004 3434 3691 2540 3789 3790 2543 3784 3666 1302 3767 3791 3785
2 6 2000 2000 2000 464 35 2000 3 2 2000 1 368 2000 35 3 16
132 808 1004 3434 3691 2540 3799 2543 3792 3666 3829 1302 3767 3800 3834 3797 3839
2000 2000 2000 540 6 2000 6 2000 3 730 7 2000 6 29 15 5 1
3873 132 3878 3879 808 1004 3434 2540 2543 3666 3860 1302 3834 3869 3871
6 2000 3 1 2000 2000 238 2000 2000 853 5 2000 30 5 1
132 3917 808 1004 3434 2540 3922 2543 3666 1302 3928 3929 3930 3931
2000 46 2000 2000 198 2000 25 2000 886 2000 7 2 4 1
132 808 1004 3434 2540 3917 3982 2543 3953 3666 1302 3983 3981 3986
2000 2000 2000 291 2000 41 8 2000 9 587 2000 6 3 2
4003 132 3990 4007 808 1004 3434 2540 3917 4014 2543 3953 3666 1302 4022 4024 4028 4029 4005
9 2000 4 2 2000 2000 305 2000 55 1 2000 5 254 2000 5 3 4 12 11
4064 132 4076 4071 808 1004 3434 2540 4077 2543 3666 4051 4053 1302 4024 4061
2 2000 3 39 2000 2000 198 2000 1 2000 397 25 6 2000 102 8
4115 4098 132 808 2540 3434 1004 4114 4110 2543 4120 3666 4051 4117 1302 4119 4024 4111 4074
3 6 2000 2000 2000 220 2000 2 22 2000 1 450 72 4 2000 4 61 6 48
4147 4162 132 808 1004 3434 2540 2543 4156 3666 4051 1302 4124 4074 4159
2 2 2000 2000 2000 88 2000 2000 5 557 17 2000 20 120 33
132 808 1004 4074 2540 2543 3666 4179 1302 4183 4184 4164 4124 4189 4051
2000 2000 2000 105 2000 2000 462 28 2000 14 32 17 97 1 46
132 4197 808 1004 4074 2540 2543 4208 4209 3666 4179 1302 4184 4164 4124 4051
2000 28 2000 2000 83 2000 2000 2 2 446 109 2000 78 5 47 23
4256 4257 4258 132 4293 4289 808 1004 4074 2540 4274 2543 4240 3666 4179 1302 4280 4292 4124 4051 4287
7 39 14 2000 1 3 2000 2000 47 2000 13 2000 20 720 44 2000 21 9 222 52 1
132 808 1004 2540 2543 3666 4179 4348 1302 4343 4280 4124 4051
2000 2000 2000 2000 2000 586 139 4 2000 6 25 46 90
4416 132 808 1004 2540 2543 4368 3666 4179 4414 1302 4412 4408 4403 4124 4051 4415
3 2000 2000 2000 2000 2000 17 577 215 2 2000 5 3 1 26 41 3
4418 132 4470 808 1004 4467 2540 2543 3666 4179 1302 4440 4473 4442 4124 4051
15 2000 3 2000 2000 9 2000 2000 632 240 2000 1 2 15 193 2
4513 4418 4515 132 4485 808 1004 2540 2543 4496 3666 4179 4500 1302 4516 4508 4124
2 177 5 2000 25 2000 2000 2000 2000 20 592 86 50 2000 1 4 118
