32 33 2 13 20 24 29 30 31
1 1 21 8 22 10 1 1 1
2 70 81 82 83 24 59
40 22 1 8 1 17 157
2 59 70 136 138 144 113 131 24 123
49 209 25 6 30 12 3 23 5 6
2 163 131 198 201 203 204 173 205 179 155 185 186 59 156 189 191
1 16 3 1 1 2 2 43 1 13 34 14 15 38 72 1 7
59 156 173 230
5 215 57 38
291 292 263 295 268 270 156 287
3 2 9 1 8 64 153 11
331 324 330 299 332 333 334 270 156
9 26 3 99 6 3 2 258 166
386 387 388 331 270 375 376 377 378 379 156 382
2 1 2 10 317 31 6 2 9 18 11 2
416 419 393 270 375 379 413 415
12 29 3 258 226 27 22 14
481 482 419 452 457 270 375 442 379 479
4 2 202 2 16 330 197 22 29 7
419 487 521 523 525 270 527 528 529 501 375 526 379
64 270 3 7 1 839 1 3 2 39 43 1 119
419 487 588 270 592 579 595 596 597 534 375 379
154 517 9 907 5 1 2 1 1 131 36 211
576 419 580 550 487 584 270 560 579 534 379 572 575
25 104 2 17 511 3 1017 2 32 22 479 64 10
579 487 585 587 621 270 635 625 626 627 628 622 630 632 634 379 572
72 414 126 45 22 949 4 4 2 5 6 16 1 6 3 746 210
487 648 649 650 587 652 270 585 632 379 572
318 12 15 1 7 1 661 111 11 971 283
700 487 648 585 652 270 680 659 698 379 572 702 703
7 97 113 172 59 480 23 47 1 1112 290 2 1
738 700 746 487 680 585 648 747 652 749 270 712 722 739 750 745 721 379 572 733
5 50 1 50 100 158 4 1 38 2 363 27 38 7 1 2 7 1256 254 7
738 772 487 700 652 780 270 785 722 789 790 585 379 572
22 31 164 194 52 30 484 5 52 1 1 137 1359 126
738 487 585 780 270 787 379 700 572
59 13 187 59 324 11 1385 55 256
738 572 813 270 815 814 379 700
56 75 2 80 2 1 1565 5
832 837 841 844 845 818 379
1 23 7 4 1 55 1681
876 885 889 379 894 895
37 38 2 1607 3 4
904 938 939 940 942 943 946 949 950 379
14 35 12 31 19 2 3 5 4 1380
994 971 968 938 939 1008 1012 1015 1018 379 1020 1022
18 41 29 109 58 12 14 3 1 1359 1 2
939 1092 1064 938 1099 1101 1104 968 1091 1048 379 1066 1086
200 2 50 125 1 5 3 40 5 17 1595 8 14
1122 1123 1125 1126 1127 1064 938 939 1128 968 379
2 10 10 3 1 90 28 302 2 18 1718
1154 939 1125 1064 938 1131 968 1155 1173 1174 1176 1177 1178 379
21 322 73 152 57 233 29 2 18 13 3 1 1 1786
1216 1154 939 1220 1125 1223 1064 938 1131 1198 1192 1219 1205 1207 1211 379 1224 1173
18 20 32 5 80 2 36 150 7 146 25 6 57 14 18 1686 1 17
1216 1125 1064 938 1263 1230 1198 1264 1256 1266 1267 1205 379
2 74 212 19 5 102 50 18 4 2 2 50 1830
1280 1314 1064 938 1323 1325 1230 1198 1328 1205 379
41 23 169 86 6 3 130 47 1 96 1662
1339 1380 1382 1383 1064 938 1387 1388 1230 1198 1384 1386 1365 1335 379 1354 1205
5 3 5 16 209 40 1 1 150 26 1 6 27 11 1660 17 43
1441 1443 1413 1414 1064 1417 1354 1230 1439 1198 1398 1335 379 1205
7 1 34 113 161 37 135 129 1 135 125 41 1694 113
1446 1414 1447 1064 1417 1354 1198 1230 1448 1205 1398 379
10 94 1 45 35 216 216 45 3 94 530 1727
1506 1499 1508 1414 1478 1417 1354 1198 1455 1205 1398 1496 1497 379 1482 1502
11 23 1 73 33 111 192 192 49 73 708 15 12 1789 21 3
1542 1417 1354 1549 1198 1553 1554 1398 1496 1497 379
18 192 210 1 210 3 5 697 23 55 1532
1590 1575 1417 1354 1198 1398 1496 1497 379 1596 1597 1598
1 16 108 198 198 609 27 138 1371 7 1 2
1610 1607 1354 1612 1198 1585 1398 1594 379 1596 1597
9 11 390 1 390 57 415 15 1623 11 44
1608 1354 1198 1585 1620 1398 1594 379
18 222 222 82 13 760 62 1584
1636 1398 1608 1640 1354 1643 1198 1585 1650 1651 1652 1653 1654 1641 1594 379
82 790 46 21 236 26 236 14 6 2 1 1 2 4 104 1864
1665 1636 1354 1676 1677 1198 1682 1678 1398 379
2 10 148 15 4 148 4 19 919 1899
1354 1198 1712 1681 1714 1716 1678 1398 379 1706 1694
431 431 52 35 3 1 11 570 1943 2 80
1723 1354 1678 1712 1716 1198 1398 1722 379 1694 1726
1 222 27 1 35 222 827 8 1834 43 1
1764 1765 1354 1678 1198 1744 1716 1749 1398 379
4 2 181 49 181 21 20 24 837 1756
1793 1794 1801 1354 1198 1744 1809 1811 1678 1398 379 1808 1749
17 9 12 245 245 82 3 1 50 594 1510 37 18
1856 1793 1827 1825 1354 1198 1839 1840 1398 379 1853 1854 1855
1 11 9 19 190 190 3 18 699 1267 16 6 1
1888 1825 1889 1354 1198 1398 1880 1882 379
1 196 3 224 224 802 4 7 1316
1825 1910 1894 1354 1198 1398 1913 379 1916 1918
293 26 104 412 412 830 7 1625 1 2
1825 1910 1894 1959 1354 1932 1198 1398 379 1948 1951
269 4 323 1 359 23 359 525 1390 21 11
1825 1989 1894 1993 1354 1997 1198 1994 2004 1398 1976 379 2012 2013 2014 1951
281 10 476 54 360 7 360 28 18 323 22 1390 4 10 1 18
1825 1894 1993 1354 1997 1198 2004 1398 2042 379
320 447 60 495 66 495 46 212 3 1377
1825 1894 2088 1993 1354 1198 2090 2004 1398 2074 379 2077 2078
384 208 1 31 781 781 1 66 92 27 1259 49 4
1825 1894 1354 1198 2127 2004 1398 2074 379 2077
778 7 1125 1125 1 67 8 47 1215 3
1825 2181 2182 2183 1354 2189 1198 2162 2004 1398 379 2174 2175
749 3 6 2 953 6 953 5 46 94 1109 18 2
1825 2210 1354 1198 2195 2004 2197 2199 2200 2201 379 2205 2206
702 2 758 758 12 85 6 9 6 14 845 1 2
1825 2211 2248 1354 2219 1198 2255 2256 2004 379 2205
967 13 8 967 35 967 11 5 29 995 10
1825 2306 2275 2310 2248 2313 1354 2315 1198 2288 2312 2323 2293 2294 379
1005 2 111 1 9 12 1005 2 1005 9 3 2 18 7 1026
1825 2275 2326 2310 2345 1354 2349 1198 2288 2354 2324 2357 2294 379 2346 2293
1534 11 16 40 8 1534 3 1534 29 2 126 2 21 1534 4 13
1825 2310 2376 1354 2413 1198 2294 379
1745 16 4 1745 2 1745 40 1745
2464 1825 2459 1354 1198 2449 2420 2456 2452 379 2463
7 1956 17 1956 1956 11 23 15 23 1956 2
1825 2523 2500 2465 1354 2477 1198 2511 2529 2484 379 2527
2000 3 36 37 2000 22 2000 27 1 14 2000 2
1825 2594 2564 2566 2593 2536 1354 2477 1198 2511 2576 2577 2583 2552 379 2588 2589 2590
2000 4 25 27 4 8 2000 25 2000 52 38 8 7 36 2000 5 4 1
1825 2627 2598 1354 2635 2636 2637 1198 2511 2576 2552 2617 2639 379
2000 11 17 2000 1 2 4 2000 166 8 108 33 1 2000
2656 1825 2598 2662 2663 1354 1198 2511 2646 2552 2617 379
30 2000 21 2 1 2000 2000 78 8 12 59 2000
1825 2725 2730 2729 1354 2731 2733 1198 2511 2737 2739 379 2735 2686 2719
2000 12 2 7 2000 6 2 2000 59 3 1 2000 2 4 5
2784 1825 2779 2725 1354 1198 2776 379
15 2000 3 50 2000 2000 23 2000
2784 1825 2843 1354 2839 1198 2835 2836 2837 2838 2807 2840 2841 2842 379
136 2000 3 2000 1 2000 1 8 2 3 14 1 1 2 2000
2784 1825 2907 2888 1354 1198 2900 2901 2871 2872 2906 379 2878
71 2000 1 5 2000 2000 8 11 48 128 2 2000 5
2784 1825 2917 1354 1198 2959 2931 2958 2872 379
213 2000 62 2000 2000 2 77 9 17 2000
2784 1825 2917 1354 2994 1198 2962 2931 2996 379 3006 3007
27 2000 59 2000 13 2000 34 67 2 2000 2 1
3040 1825 3042 3043 3045 3046 3047 3017 1354 1198 3037 2931 379 3018 3039
6 2000 7 1 2 6 4 142 2000 2000 1 3 2000 29 13
3040 1825 3067 3017 1354 1198 3089 3091 3094 3095 3096 3098 379 3018
198 2000 5 338 2000 2000 9 5 4 1 1 1 2000 18
3040 1825 3138 3142 3137 3017 1354 3122 1198 3152 3154 3155 3125 3145 3095 3129 379 3157
62 2000 3 3 48 339 2000 9 2000 8 4 2 22 7 3 29 2000 2
3040 1825 3179 3137 3017 1354 3191 1198 3186 3187 3193 3125 3190 3159 3192 3129 379 3178 3189
309 2000 3 36 814 2000 2 2000 26 7 2 62 1 8 1 11 2000 21 3
3040 1825 3208 3017 1354 3232 1198 3125 3226 379 3228 3229 3231
453 2000 33 923 2000 2 2000 42 28 2000 10 2 1
3040 1825 3299 3301 3302 3297 3304 3017 1354 3275 3245 1198 3261 3284 3285 3256 379 3293
700 2000 4 1 8 11 1 1068 2000 37 23 2000 21 2 10 71 2000 11
3040 1825 3361 3017 1354 3275 3360 1198 3311 3320 3346 3348 3317 3353 3256 3306 379 3293 3358
690 2000 3 1029 2000 80 8 2000 166 17 7 2 16 6 20 51 2000 58 4
3040 1825 3395 3421 3017 1354 3275 3311 1198 3293 3376 3410 3406 3317 3382 3401 3256 3306 379 3402 3389
1266 2000 30 3 1440 2000 194 4 2000 15 126 15 4 31 45 3 31 241 2000 2 69
3466 3469 3470 3477 3482 3483 3485 1825 1198 3376 3256 3389 3017 1354 3275 3293 3040 3306 3440 3317 3450 379
21 13 4 20 11 1 9 2000 2000 54 34 26 1771 2000 113 38 1718 148 10 34 5 2000
3040 1825 3523 3017 1354 3275 1198 3477 3511 3482 379 3306 3531
1877 2000 5 1887 2000 113 2000 66 83 96 2000 250 5
3040 1825 3575 3017 1354 3275 1198 3538 3477 3511 3576 3577 3482 379 3306 3573
1746 2000 2 1746 2000 254 2000 11 54 5 2 2 75 2000 37 2
3040 1825 3017 1354 3275 1198 3613 3477 3598 379 3612 3482 3614
1944 2000 1944 2000 56 2000 3 261 34 2000 2 20 3
3040 1825 3650 3627 3652 3653 3654 3017 1354 3275 1198 3651 3477 3641 379
1986 2000 24 41 2 1 2 1986 2000 14 2000 48 292 5 2000
3040 1825 3687 3017 1354 3719 1198 3730 3700 3477 379 3708
2000 2000 60 2000 2000 11 2000 20 6 219 2000 66
3730 3477 3737 3738 1825 3757 1198 3785 3772 3774 3779 3780 3781 3783 3017 1354 3787 3788 3040 3687 379 3708
132 207 84 67 2000 26 2000 6 6 17 1 11 7 8 2000 2000 3 1 2000 42 2000 5
3040 1825 3687 3017 1354 3826 1198 3823 3730 3796 3477 3830 3801 3738 379 3806 3829
2000 2000 51 2000 2000 2 2000 2 25 19 274 1 14 94 2000 38 4
3040 1825 3842 3867 3876 3875 3873 3848 3017 1354 3874 1198 3806 3861 3477 3801 3738 379 3834 3870 3829
2000 2000 6 14 3 2 5 67 2000 2000 1 2000 4 11 156 57 65 2000 26 17 26
3842 3477 3738 3870 1825 1198 3906 3909 3910 3017 1354 3917 3918 3919 3922 3925 3926 3927 3928 3801 3040 3829 3834 379
46 111 150 104 2000 2000 12 17 25 2000 2000 4 3 6 4 2 4 2 2 169 2000 20 20 2000
3040 1825 3909 3910 3017 1354 3915 1198 3920 3922 3927 3925 3926 3929 3928 3801 3738 379 3930 3870 3477
2000 2000 40 27 2000 2000 1 2000 2 5 4 4 8 4 1 200 207 2000 2 163 24
3040 1825 3968 3967 3909 3017 1354 1198 3956 3477 3927 3801 3738 379 3964 3965 3870 3935
2000 2000 1 2 21 2000 2000 2000 14 64 64 98 186 2000 8 3 120 1
3040 1825 3995 3909 4006 3976 3017 1354 4011 1198 3982 3801 3738 379 4010 3870
2000 2000 2 77 1 77 2000 2000 2 2000 10 153 87 2000 6 55
3040 1825 4066 3909 4049 4040 3017 1354 4011 4013 1198 4048 3976 4054 3801 3738 379 4010 3870
2000 2000 1 41 3 24 2000 2000 93 5 2000 3 41 30 91 245 2000 68 34
3040 1825 4098 4101 3017 1354 4011 1198 4086 4073 3801 3738 379 4010
2000 2000 17 7 2000 2000 63 2000 37 6 148 269 2000 25
3040 1825 4150 3017 1354 4011 4140 4141 1198 4148 4086 4152 3801 3738 379
2000 2000 2 2000 2000 122 18 3 2000 4 235 1 80 267 2000
3040 1825 3017 1354 4011 4140 1198 4086 3801 3738 379 4156 4170
2000 2000 2000 2000 18 46 2000 451 87 126 2000 46 4
3040 1825 4199 3017 1354 4011 4140 4205 1198 4208 4212 4206 4086 4215 4217 379 4156 4189
2000 2000 7 2000 2000 59 32 17 2000 21 2 6 508 3 3 2000 32 74
3040 1825 4226 3017 1354 4011 4140 4269 1198 4189 4274 4276 4086 4279 379 4156 4221 4222
2000 2000 8 2000 2000 40 97 3 2000 60 17 8 390 2 2000 97 15 4
3040 1825 4331 4327 4328 3017 1354 4011 1198 4086 379 4189 4319
2000 2000 9 3 12 2000 2000 54 2000 366 2000 22 43
3040 1825 4354 379 4357 3017 1354 4352 4011 1198 4384 4367 4370 4372 4086 4375 4379 4348 4189 4382 4383
2000 2000 13 2000 22 2000 2000 64 2 2000 4 5 15 32 270 3 29 7 13 7 1
3040 1825 4406 3017 1354 4407 4394 1198 4399 4398 4086 4393 379 4189 4405
2000 2000 3 2000 2000 4 10 2000 12 13 107 58 2000 45 3
