40 43 12 45 46 19 20 26 28
3 2 24 2 1 19 14 17 4
96 66 100 101 103 104 12 76 80 19 90 91 92
2 12 2 2 1 1 42 9 9 3 12 16 3
147 144 145 146 19 149 150 151 152 124
5 9 5 9 11 1 6 1 1 7
160 199 200 205 206 179 180 182 191
4 6 1 5 2 22 47 34 20
224 179 180 182 222 191
5 254 257 93 23 81
260 261 243 264 266 269 239 273 179 180 182 191
23 21 36 40 1 1 116 1 274 76 260 36
288 321 323 260 261 243 308 327 239 179 180 309 182 311 281 318 191
38 2 1 82 18 61 8 2 63 357 137 2 422 3 18 1 61
385 386 260 389 390 243 328 363 365 367 179 180 373 182 343 374 347 191
2 3 25 1 1 31 120 14 9 22 501 31 24 636 3 8 3 31
373 243 425 179 180 437 182 439 440 260 191
8 30 35 563 30 9 431 20 2 15 30
182 486 243 425 501 179 180 469 502 468 191
331 8 6 71 2 945 6 31 2 55 6
547 548 550 519 425 523 536 179 468 469 182 553 504 543
6 1 2 41 51 115 3 736 13 77 255 1 26 5
608 577 611 548 609 523 557 589 594 179 182 601 602 604
1 40 3 90 1 135 67 7 24 462 127 3 10 14
548 662 523 557 179 628 661 182 663 666 667 604 638
275 15 131 36 449 4 31 381 1 2 1 92 40
704 734 738 739 548 662 523 684 557 717 720 709 179 628 661 182 700 736 638 735
64 5 3 2 360 74 34 50 70 39 64 13 591 108 53 700 14 5 382 4
704 784 739 548 662 757 775 523 684 717 720 786 179 628 661 182 771 734 638 741
73 1 87 225 73 63 3 159 106 42 73 1 332 5 143 955 21 7 337 81
548 741 523 684 717 179 661 182 824 638
599 19 254 155 26 646 222 594 1 152
830 548 741 886 523 684 882 179 884 661 182 883 638
18 742 62 2 182 210 11 747 12 411 806 9 219
931 548 918 936 684 523 940 941 945 179 661 182 927 924 638 741
3 931 63 13 8 58 2 3 3 931 530 1003 11 1 354 48
993 994 995 548 918 969 972 179 661 182 638
4 2 4 824 116 35 51 824 435 1176 674
1057 548 918 1041 969 1054 972 1039 1040 1009 179 661 182 1014 1050 638 1055
1 740 131 21 48 4 100 9 15 81 740 594 1260 36 1 652 3
548 182 1009 969 1066 918 1101 1071 1041 179 661 1014 1065 1113 1115 972 638 1109
314 1686 72 327 20 35 2 16 6 314 929 143 19 1 1 130 738 4
1152 1157 1155 548 1014 1158 969 972 1150 1134 918 179 661 182 1156 1142 638 1151
18 2 2 668 131 2 287 307 18 9 12 668 816 1332 3 12 516 23
1205 548 1014 1169 969 972 1201 179 661 182 1161 638 1151
2 508 62 1 366 245 7 508 1117 1492 43 375 62
1186 548 1014 969 972 1197 1198 1199 1201 179 661 182 1161 1203 638
17 491 123 260 387 3 3 2 2 491 1096 1509 72 2 413
1253 548 1014 969 972 1247 1246 179 1236 1205 182 1161 1241 1252 1213 638 661
4 220 139 218 220 1 14 220 6 88 1780 318 34 1 7 565 1215
1283 548 1014 1255 1161 1258 972 1261 1262 179 661 182 969 1284 638 1285
1 107 235 40 165 46 107 38 16 107 1433 1893 232 6 460 1
1313 1314 1316 1014 1161 1262 1294 661 182 969 1309 638 1311
2 1 2 193 315 47 28 1450 2000 384 18 550 5
1377 182 969 1325 1262 1395 661 1014 1161 1400 1401 1338 1398 1402 638
17 2000 416 22 23 8 1571 249 157 3 1 44 6 1 429
1377 1014 969 1262 1395 661 182 1161 1400 1401 1402 1398 638
56 220 182 118 118 1625 2000 155 3 4 4 3 375
1408 1377 1449 182 1415 1448 1417 1450 1452 1453 1454 1262 969 1395 661 1014 1161 1435 638
201 96 19 2000 110 2 43 3 7 2 1 2 10 2 1809 112 79 34 191
1408 1472 1483 1014 1415 1449 1479 1484 1485 1486 1377 1489 661 182 1417 1468 1469 638
264 72 4 3 229 3 121 1 4 3 8 6 1997 2000 4 3 112 3
1408 1472 1483 1501 1415 1479 1487 1490 661 182 1497 1498 1499 1469
260 130 11 7 269 122 3 3 2000 2000 10 1 2 129
1408 1536 1539 1542 1415 1479 1553 661 182 1497 1560 1561 1469
25 13 10 17 283 207 13 2000 2000 3 3 2 252
1479 1415 1615 1617 1619 661 182 1624 1595 1565 1469 1621
148 564 20 24 1 2000 2000 1 5 60 326 3
1415 1479 1615 1616 1617 1620 661 182 1469
646 23 106 10 1 2 2000 2000 334
1665 1666 1667 1636 1654 1415 1672 1673 1671 1615 1648 661 182 1469
9 4 2 43 24 793 2 5 1 49 61 2000 2000 203
1725 1415 1721 1615 1648 1716 661 182 1719 1720 1697 1724 1469 1726 1727
3 550 3 108 2 11 2000 2000 4 2 10 1 346 2 1
1697 1762 1731 1750 1415 1757 1742 1615 1763 661 182 1720 1753 1469
56 6 15 2 450 5 22 31 3 2000 2000 9 7 351
1697 1763 1814 1415 1757 1811 1812 661 182 1815 1720 1469 1813
42 10 1 568 76 10 8 2000 2000 2 44 234 4
1697 1821 1861 1885 1415 1864 1868 1871 1875 1878 661 182 1720 1884 1469
28 1 28 1 289 3 26 6 4 1 2000 2000 20 7 178
1922 1415 1929 1930 1931 1868 1934 1904 1932 661 182 1720 1916 1469 1886 1919
1 257 17 4 17 209 3 8 11 2000 2000 114 6 86 36 57
1979 1415 1974 1982 1983 1931 1868 1933 1966 1969 1938 1971 661 182 1720 1947 1980 1469 1886 1919
1 3 6 1 1 9 86 89 13 18 49 30 2000 2000 94 14 3 68 186 231
2034 2035 1933 1966 1938 1971 661 182 1720 2010 2015 2012 1469 1886 1919
1 10 96 18 100 95 2000 2000 249 4 25 1 91 146 350
2081 2075 2085 2069 1966 2063 1938 1971 661 182 1720 2015 2053 1469 1886 1919
4 8 2 10 55 51 123 89 2000 2000 136 104 13 122 115 423
2112 2118 2090 1966 2063 1938 1971 661 182 1720 1919 1886 2111
4 2 8 32 114 20 101 2000 2000 201 483 103 17
2160 2162 2150 2153 2154 1938 2159 2128 2136 2130 1971 661 182 1720 1886 1919
2 3 4 2 1 23 1 98 8 23 106 2000 2000 163 292 683
2211 2198 2187 2188 2206 2128 2200 2194 2196 661 182 2165 1720 2202 2203 2173 1886 1919
3 60 16 31 4 368 1 60 43 2000 2000 29 169 2 2 10 279 750
2241 2198 2246 2187 2252 2258 2254 2128 2257 2194 2260 661 182 1720 2239 2173 1886 1919
6 39 1 25 2 3 16 278 6 39 1 2000 2000 342 11 39 240 685
2128 2275 2276 2278 2279 2280 2187 2254 2256 2258 2259 2260 661 182 1720 2266 2269 1886 1919
228 2 11 2 3 1 63 31 9 28 3 2 2000 2000 171 27 1 502 548
2315 2349 2350 2351 2128 2354 2355 661 182 1720 2266 1886 1919
51 10 2 2 123 3 2 2000 2000 38 33 629 454
2400 2416 2404 2421 2315 2413 2414 2415 2128 2386 2419 2388 661 182 2391 1720 2420 2266 2394 1886 1919
4 2 42 1 5 17 1 4 98 61 3 102 2000 2000 20 291 1 212 17 244 451
2467 2404 2469 2438 2471 2473 2474 2415 2128 2456 2386 2388 661 182 2391 1720 2266 1886 1919
1 121 7 49 10 5 2 49 117 16 130 101 2000 2000 5 324 263 226 431
2512 2404 2514 2415 2128 2481 2386 2388 661 182 1720 2516 2266 1886 1919
1 55 8 139 129 27 93 62 2000 2000 345 4 229 238 274
661 2128 2481 182 1720 2512 2386 2266 2523 1886 2529 2536 2537 2514 2415 2546 2548 2552 2553 2559 2557 2558 1919
2000 169 82 2000 388 24 100 135 27 251 39 10 34 130 126 4 31 10 3 1 1 5 294
2570 2573 2576 661 2584 2481 182 1720 2617 2619 2628 2633 2639 2128 2641 2514 2266 1886 2386 2415 2552 1919
45 68 84 2000 27 215 2000 519 22 2 6 2 3 45 2 17 385 111 317 65 1 53
2693 2697 2633 2570 2701 2415 2514 2481 2386 2686 661 182 2653 1720 2617 2266 2687 2684 2666 1886 1919
9 4 37 58 2 59 22 200 137 6 2000 2000 22 576 69 137 1 6 28 21 66
2693 2481 2707 661 2727 2729 2734 2737 2741 2742 1720 2745 2747 2750 2751 2752 2753 182 2633 2386 2617 2266 2415 1919
137 179 8 2000 26 20 14 7 6 4 590 13 1 2 1 2 3 2000 341 53 24 53 56 31
2693 2727 2633 2386 2765 2798 2797 2481 2802 2707 661 182 2729 1720 2745 2778 2801 2780 2266
64 174 214 1 28 6 6 161 4 31 2000 2000 32 477 26 3 5 45 1
2797 2820 2693 2727 2824 2633 2829 2840 2765 2481 2802 2835 661 182 1720 2841 2844 2845
129 31 38 3 48 97 68 5 105 263 10 14 2000 2000 503 5 3 1
2896 2882 2481 2633 2890 2887 2892 2797 2765 2864 1720 2835 661 182 2840 2873 2863 2895
5 4 30 89 1 1 2 30 127 130 402 17 2000 2000 22 4 13 5
2944 2946 2955 2959 2961 2962 2963 2964 661 2840 2864 2481 182 1720 2633 2892 2895 2900 2909 2913 2797 2965
25 1 6 5 2 1 2 1 2000 24 235 181 2000 525 150 193 17 38 193 47 181 4
2944 3008 3014 2633 2892 2797 2990 2864 2481 661 182 1720 3003 2909 2974
27 2 11 161 233 183 19 558 183 2000 2000 999 54 233 4
3042 3014 3048 2633 2892 2864 3032 661 182 1720 3034 3035 3036 2909
1 294 15 564 130 590 9 2000 2000 976 15 58 35 130
3073 3077 3014 3080 2633 2892 2864 661 182 3081 1720 3035 2909 3071
12 20 369 1 701 346 406 2000 2000 3 756 99 346 53
3120 3126 3014 2633 3114 2892 3116 2864 661 182 3127 1720 3129 3130 3131 2909 3125
3 8 351 485 3 786 6 29 2000 2000 2 585 1 3 1 786 29
3014 2633 3114 2892 3181 3182 3156 661 182 3191 1720 2909
166 586 29 614 5 19 11 2000 2000 3 685 614
3222 3014 2633 2892 3229 3216 3219 661 182 1720 3225 3228 2909 3230
4 175 705 678 2 10 51 2000 2000 540 4 1 678 2
3219 3014 2633 2892 3262 3249 3244 661 182 1720 3261 3259 3260 2909 3230 3253
3 235 738 465 1 18 59 2000 2000 777 1 4 3 465 27 4
3328 3331 3014 3302 3271 2633 2892 3310 3325 3320 3244 3316 661 182 3273 1720 3284 3322 3305 2909
1 2 181 16 24 477 648 2 8 5 139 6 2000 2000 48 836 9 4 18 648
3014 3367 3368 2633 3370 2892 3244 661 182 3369 1720 2909
423 21 17 713 3 715 170 2000 2000 1 572 715
3397 3014 3400 2633 2892 3405 3408 3409 3244 3412 661 182 3415 1720 3404 2909 3391
85 286 21 509 970 16 2 5 115 6 2000 2000 5 521 11 970 13
3456 3460 3461 3462 3465 3466 3468 3469 661 3244 182 1720 3391 3014 2633 2892 3408 3409 3419 3420 2909 3448 3453
16 12 3 1 4 2 3 2 2000 188 2000 565 13 356 636 799 22 10 27 141 799 52 15
3520 3489 3522 3524 3525 3014 3521 2633 2892 3503 3408 3474 3244 3508 661 182 3511 1720 3420 2909
9 30 1 2 1 449 2 563 579 20 26 28 64 4 2000 2000 12 858 64 579
3520 3014 2633 2892 3503 3408 3544 3244 661 182 3543 1720 3547 3420 2909
152 658 893 518 111 111 20 124 2000 2000 108 589 1 124 518
3520 3552 3586 3587 3588 3557 3014 3585 2633 2892 3549 3544 3244 661 182 3543 1720 3577 3420 2909
125 56 1 1 2 100 500 2 717 557 29 43 85 2000 2000 22 726 5 85 557
3520 3552 3619 3625 3014 3623 2633 2892 3635 3244 661 182 3543 1720 3615 3420 2909 3637
260 115 3 33 306 13 634 738 5 63 2000 2000 114 628 2 63 738 1
3520 3552 3014 3697 3656 2633 2892 3420 3709 3665 3244 661 182 1720 3635 3706 3708 2909 3711
31 22 212 2 5 524 614 34 1 36 34 2000 2000 862 5 4 3 614 1
3520 3552 3670 3014 2633 2892 3665 3699 3668 661 182 1720 2909
101 69 4 267 622 475 66 11 30 2000 2000 903 475
3552 3520 3724 3717 3014 2633 2892 3746 3750 661 182 1720 2909 3733
199 56 91 49 446 572 334 8 3 2000 2000 1094 334 25
3776 3777 3552 3014 3784 2633 2892 3789 3790 3520 661 182 3785 1720 2909
23 29 33 712 12 851 400 23 8 139 2000 2000 23 749 400
3520 3552 3843 3814 3014 3845 2633 2892 3828 661 182 1720 3839 3776 2909 3829
211 171 2 65 650 1 861 450 11 2000 2000 689 2 44 450 13
3776 3552 3014 2633 2892 3889 3890 3891 3520 661 182 1720 3868 2909
138 318 563 741 424 4 3 3 178 2000 2000 835 37 424
3776 661 3868 3014 2909 3889 182 1720 3897 3520 3910 2633 2892 3922 3923 3925 3927 3933 3552 3940 3941 3942
49 2000 33 661 499 8 2000 744 13 96 44 757 499 35 53 9 3 5 526 10 2 1
3520 3552 3910 3014 3997 2633 3978 2892 3996 3986 661 182 1720 3994 3995 3989 2909 3973
239 435 114 543 3 782 14 319 3 3 2000 2000 899 1 1 5 319 20
3552 3520 4034 4032 3910 3014 2633 2892 4029 661 182 1720 4027 2909 3998 4021
405 244 1 4 228 405 649 224 2 2000 2000 1127 1 224 4 16
3552 3520 3910 3014 2633 4075 2892 4076 4079 4081 4083 4084 661 182 4055 1720 4070 2909
550 121 121 550 671 10 371 5 11 2 3 1 2000 2000 71 958 6 371
3552 3520 3910 3014 2633 2892 4157 4143 4144 661 182 1720 4153 4150 4156 2909
316 219 219 316 535 240 2 12 6 2000 2000 1225 5 13 1 240
3520 3552 3014 3910 2633 4203 2892 4214 4212 661 182 4215 1720 2909 4158 4213
161 293 293 161 454 10 110 1 6 2000 2000 6 1436 110 78 3
3520 3552 3014 3910 4264 2633 4271 4280 4274 661 182 4279 1720 4282 4277
256 75 75 256 9 331 6 3 2 2000 2000 2 1669 1 3
3520 3552 4290 3014 3910 2633 4298 4299 661 182 1720 4284 4287
670 102 3 102 670 772 8 1 2000 2000 1228 14 80
3520 3552 4325 4324 3014 3910 2633 4326 4320 661 182 1720 4318 4287
1096 59 5 1 59 1096 1155 1 3 2000 2000 845 18 106
3520 3552 3014 3910 4321 4296 2633 4331 4332 661 182 1720 4317 4287
1277 129 129 1277 15 24 1406 7 7 2000 2000 594 37 3
3520 3552 4387 3014 3910 4321 4392 2633 4331 4390 661 182 1720 4389
1023 214 4 214 1023 78 6 1237 128 2 2000 2000 763 4
3520 3552 3014 3910 2633 4331 4334 4335 4339 661 182 1720 4341
1236 147 147 1236 1383 251 33 3 11 2000 2000 617 1
3520 3910 2633 4331 4367 4376 661 182 4375 1720 4379 4381
1412 1412 1412 421 41 4 2000 2000 2 588 2 1
3520 4432 4427 3910 2633 4331 4430 4367 4400 4434 4435 661 182 1720
1253 7 16 1253 1253 290 8 60 36 3 1 2000 2000 747
3520 4400 4453 3910 2633 4458 4331 4460 4430 4367 4464 4434 4467 4468 661 182 4471 1720 4474 4469
1621 5 19 1621 1621 10 370 33 3 163 2 25 4 4 2000 2000 1 379 1 3
3520 4453 3910 4518 2633 4522 4331 4460 4367 4528 4519 661 182 4521 1720 4506 4527 4510 4511
1510 102 1510 17 1510 7 423 67 40 1 1 2000 2000 9 490 4 1 13 23
3520 4579 4453 3910 4584 2633 4331 4589 4590 4564 661 182 4521 1720 4585 4574 4510
1394 44 78 1394 11 1394 553 1 2 32 2000 2000 66 606 4 75 73
