56 57 58 54 33
1 1 1 1 4
96 108 109 113 82 115 117 118
9 3 7 9 13 8 1 2
113 135 168 173 157 177 116 189 183 184 153 186 187 125 159
2 7 11 1 2 17 2 1 1 13 43 12 3 124 25
227 235 189 240 242 243 153 239 125 159
2 5 40 3 3 2 94 2 287 120
278 262 271 274 246 153 125 159
4 1 18 7 38 116 200 137
323 327 328 317 307 246 312 153 125 159
27 3 1 32 1 7 2 193 41 88
352 355 356 343 153 347 317 159
15 9 1 90 320 5 117 155
406 407 408 153 410 411 317 159
12 4 1 60 8 2 21 422
438 454 455 465 406 471 473 159
11 8 24 19 68 27 2 493
518 455 527 528 465 530 531 406 511 159
9 116 2 4 27 2 2 109 1 208
551 455 556 589 591 595 596 597 406 536 159
37 312 49 7 5 11 3 4 89 6 136
646 455 556 653 654 655 595 627 596 633 159 607
2 647 18 3 9 2 6 14 56 7 96 56
673 675 455 680 556 685 687 688 690 627 596 633 159 607
15 2 622 5 36 6 4 1 2 31 25 24 25 25
673 706 709 455 556 627 633 729 730 699 732 733
82 7 2 803 9 50 6 27 12 95 4 3
800 673 803 804 455 808 807 781 787 758 699 732 798 767
6 126 3 3 1026 1 1 13 11 8 163 25 6 1
673 866 867 836 455 781 847 699 865 862 863
179 6 3 28 1074 1 51 105 1 3 13
897 673 863 699 836 455 896 888 891 892 894 895
1 239 98 177 95 703 2 42 25 8 2 4
673 891 836 455 906 910 913 888 699 892 863
160 78 309 968 29 7 1 87 138 104 80
673 891 836 455 914 916 888 699 892
25 29 390 1279 9 3 42 24 175
962 836 455 968 970 971 914 947 950 919 888 953 892 958
1 275 1279 8 3 1 1 14 42 6 142 3 158 9
836 455 988 947 950 983 888 985 986 892 990
296 1255 2 21 11 4 56 9 2 355 3
836 455 1032 1033 1039 1048 1043 1044 1045 1014 1047 888 892 1022 991
420 1231 7 14 2 1 3 14 3 38 1 122 268 23 100
1089 1083 836 455 1063 1068 1070 1085 1044 1014 1079 888 1087 892 1053 1086 991
1 1 165 792 16 13 29 3 21 113 2 42 2 94 16 2 42
836 1126 455 1130 1133 1134 1135 1014 888 1124 892 991
133 4 966 7 4 4 1 216 83 4 471 83
1155 836 1157 455 1160 1161 1159 1148 1014 888 1156 892 1150 991
17 48 2 1098 2 2 1 1 48 139 3 714 30 139
455 892 1205 888 1209 1211 1212 1213 991
704 96 1 75 1 2 2 1 75
1267 892 455
8 163 747
455 1308 1293 1296 1300 1304 1305 892
443 6 2 1 9 6 2 32
1318 455 1319 1300 1366 892 1373 1374 1375
8 200 21 10 2 30 1 24 3
1380 1381 1300 1319 1385 455 1389 1391 1393 1395 1396 1398 1401 1374
21 10 2 16 13 218 7 6 1 1 2 3 4 32
1451 1381 1319 1385 1450 455 1454 1455 1456 1404 1374
2 14 59 44 30 220 2 3 2 87 40
1476 1509 1510 455 1450 1319 1487 1488 1496 1508 1498 1404
98 2 1 171 17 107 1 6 2 1 4 71
1536 1540 455 1404 1450 1319 1518 1523 1528 1532 1533
2 1 282 46 72 59 16 7 9 23 7
1536 1571 1319 1576 1575 1450 455 1552 1587 1590 1595 1404 1596
246 5 47 9 12 14 340 9 28 5 1 135 2
1536 1635 1571 455 1575 1607 1648 1649 1587 1653 1641 1656 1658 1659
298 7 11 429 63 38 9 2 4 3 11 5 8 1
1536 1575 455 1680 1649 1683 1686 1691 1693
289 155 447 31 13 44 13 24 2
1536 1729 1700 455 1575 1680 1683 1726 1720 1722 1727 1724 1694 1695
339 1 17 610 319 66 59 2 3 7 1 2 32 11
1536 455 1575 1742 1683 1756 1759
157 742 589 14 32 3 9
1536 1796 1575 455 1742 1789 1790
113 9 777 956 36 7 20
1536 1824 1828 1829 455 1832 1575 1742 1831 1817 1821
145 8 3 1 999 1 727 192 2 1 1
1536 1889 1899 1888 455 1896 1897 1575 1868 1742 1900 1895 1891 1885 1886 1824
100 3 3 13 1243 1 1 1080 61 250 1 2 3 5 2 22
1536 1931 455 1932 1575 1868 1742 1929 1908 1934 1942 1911 1944 1913
262 31 1225 3 1080 66 282 1 2 10 4 29 3 8
1536 455 1992 1575 1868 1742 2000 2005 2007 1911 2008 2009
133 1323 12 984 112 286 1 4 1 34 1 11
1536 2059 455 2057 1575 1868 1742 2023 1911
245 5 1237 4 1020 96 251 9 63
1536 2112 2114 2115 2113 455 2057 1575 1742 2069 2103 2078
322 4 2 1 2 1189 31 728 227 21 4 29
1536 2144 2147 2148 2150 455 2057 2154 1575 2156 1742 2121 2136 2139 2140
122 7 2 15 2 1473 51 6 975 3 211 11 45 14 73
1536 2195 455 2057 2154 1575 2194 1742 2189 2162 2163 2196 2165 2200 2140 2186
51 6 1517 148 85 1042 4 363 2 20 7 2 57 3 3 14
1536 2242 1575 2057 2154 455 1742 2223 2195 2165 2217 2236 2218
111 1 893 121 129 1578 228 64 61 129 11 24 68
1536 2278 455 1575 2280 2057 2154 2251 1742 2223 2254 2195 2165 2262 2236 2218 2279 2277
22 10 1771 845 1 29 180 63 146 75 42 6 180 56 103 140 1 8
2305 2301 2251 2308 455 2312 2218 1575 2317 1742 2223 2254 2290 2322 2165 2326 2327 2328 2319 2154
44 2 126 23 1533 43 362 608 5 362 231 277 85 7 143 3 4 1 24 143
1575 2154 455 2322 1742 2223 2254 2290 2301 2165 2327 2362 2364 2218
541 113 1789 60 172 152 172 35 25 113 33 2 1 172
2338 2342 455 2218 1575 2365 2254 2223 2352 2290 2350 1742 2327 2362 2364 2154 2165
4 16 1793 202 757 2 202 201 13 5 10 202 5 1 2 239 239
2400 2375 2403 2402 2406 2374 455 2218 1575 2381 2254 2223 2386 2350 1742 2404 2405 2154 2165
4 13 12 4 1 35 1750 250 710 28 250 267 12 3 250 9 1 250 250
2442 2444 2445 2447 2449 2450 2453 2455 2457 2458 1575 2218 2223 2374 455 2381 2254 2386 1742 2154 2412 2165 2423 2431
6 1 12 3 13 1 8 1 1 3 866 137 402 145 1863 62 137 67 137 113 29 113 15 31
2519 2459 2374 2502 455 2505 2218 1575 2412 2381 1742 2223 2513 2165 2254 2423 2510 2511 2154 2494 2469
3 16 81 10 1920 23 80 639 69 98 80 326 7 34 80 211 50 10 34 10 50
2560 2538 2469 2374 1575 2568 2218 455 2412 2254 2223 2548 1742 2423 2510 2154 2165
10 3 18 24 296 3 203 1797 24 203 170 8 203 310 18 86 86
2603 2597 455 2601 2154 1575 2605 1742 2589 2254 2606 2165 2423 2223 2218
3 15 1878 2 173 199 1 122 71 122 2 173 417 35 122
2603 2423 2597 1575 2154 455 2638 2223 2165 2615 2650 2651 2655
3 554 52 246 39 2000 25 146 39 41 2 6 10
2690 455 2154 1575 2638 2223 2706 2708 2165 2423 2713 2714
26 2000 84 119 134 8 29 11 84 450 2 1
2752 2753 2756 2726 455 2745 2154 1575 2638 2737 2708 2165 2423 2740 2746 2716 2749 2718 2741
7 2 1 24 2000 6 86 246 115 44 4 86 629 29 10 42 3 31 6
2814 2795 2756 455 2154 1575 2828 2765 2638 2831 2832 2833 2791 2804 2165 2423 2740 2716 2826 2718
1 10 15 2000 117 74 12 47 108 7 6 2 14 34 117 1104 74 104 5 28
2880 2795 2756 2876 455 2857 2154 1575 2828 2765 2638 2863 2740 2165 2423 2716 2878
1 32 40 36 2000 8 153 50 9 34 88 17 107 153 1317 162 7
2914 2915 2756 2917 2918 455 2920 2154 2795 2638 2903 2919 2740 2165 2902 2423 2906 2716 2922
13 6 177 2 2 2000 1 363 84 86 10 4 128 363 6 1078 2 7 1
2977 2914 2795 2756 2919 2154 455 2925 2958 2947 2740 2165 2423 2971 2979 2978 2975
2 50 195 49 177 433 2000 43 1 6 60 433 1161 22 1 3 12
2914 2795 2756 2919 2154 455 3025 3026 2979 2740 2165 2423 2996 3028 3005 3029
14 171 103 180 551 2000 1 2 32 61 551 1013 14 1 62 1
3075 3077 3080 3082 3086 3087 3088 3089 3090 2996 3005 2756 455 3032 2914 2919 2154 2795 3055 3056 2165 2423 3067 3070
1 1 1 2 6 1 1 2 1 123 29 179 2000 73 123 324 376 67 25 7 376 951 7 2
3123 2914 2756 455 3080 2154 2795 3117 3119 3056 3121 2919 2996 2165 2423 3032 3124 3098 3125
2 68 386 2000 42 530 200 11 23 72 14 110 68 530 771 3 2 87 2
2914 2756 3121 455 2919 3144 2154 2795 3138 3080 3154 2996 2165 2423 3156 3098 3133 3157
197 276 35 2000 366 18 631 157 4 69 23 197 631 502 3 7 39 2
3168 2914 2795 2756 2919 3080 2154 455 3214 2996 2165 2423 3192 3225 3226 3227 3223 3194 3199
25 445 146 311 372 74 429 2000 2 445 429 873 34 3 7 1 3 2 43
2914 2756 3283 455 3080 3292 2154 2795 3192 2919 2996 2165 2423 3288 3289 3258 3260 3255 3271 3199
354 171 5 2000 201 1 731 201 9 467 354 731 585 4 1 21 39 4 38 104
2914 3331 2756 3333 455 3080 2154 2795 2919 2996 2165 3318 2423 3332 3325 3271 3199
614 5 248 1 2000 234 580 234 281 614 580 29 939 4 20 42 4
2914 2756 3382 455 3368 2154 2919 3340 3346 2996 2165 3318 2423 3380 3325 3271
709 103 3 2000 1 508 513 178 66 709 508 53 880 1 32 29
3424 3425 2914 3318 3410 455 2154 2919 3340 3405 3346 3411 2996 2165 3382 2423 3416 3325 3422
1 3 872 46 6 2000 517 456 172 17 100 7 872 517 327 927 6 10 1
2914 3318 455 3465 2154 2919 3340 3405 3474 3471 3440 3473 3346 2996 2165 3382 2423 3469 3451 3453
1245 41 2000 10 380 33 127 18 1 3 9 1 283 1245 380 354 1304 2 9 25
2914 3492 3525 3526 455 2154 2919 3340 3517 3346 2996 2165 3382 2423 3511 3495 3519
1189 23 11 6 2000 289 34 102 11 362 1189 289 123 1315 5 24 9
3585 2914 3492 3525 455 3596 2154 3495 3340 3565 3346 3539 2996 2165 3382 2423 3550
2 1186 43 38 2000 2 88 26 104 11 643 22 1186 88 68 1269 37
3340 3598 3346 3608 3492 3495 3634 2996 3637 3382 3646 3648 3525 455 3659 3663 3664 3539 3550 2914 3565 2423
90 42 672 5 69 25 8 1274 4 25 26 2 90 2000 1 10 3 39 138 1274 36 1328
2914 3715 3525 455 3721 3719 3340 3727 3346 3539 2996 3702 2423 3708 3550
1050 8 141 2000 8 20 141 1 937 299 1050 6 1063 9 127
3745 2914 3525 455 3752 3721 3340 3762 3729 3346 3539 2996 2423 3550
2 979 478 2000 2 15 478 1 42 1021 469 979 979 121
3777 2914 3525 455 3820 3818 3819 3340 3821 3822 3729 3346 3539 2996 2423 3801 3550 3813
54 1267 654 2000 1 11 7 654 8 2 63 733 350 1267 1267 33 90 5
3777 2914 3525 455 3850 3851 3340 3854 3855 3856 3346 3539 2996 2423 3550 3845
220 1491 930 2000 1 9 930 3 3 2 509 399 1491 1491 58 13
3777 2914 3907 3845 455 3912 3914 3851 3340 3346 3539 2996 3893 2423 3903 3905 3525
132 1122 7 104 2000 1 1 52 690 878 345 1122 10 1122 7 8 690
3936 3777 2914 3939 3940 3525 3942 455 3851 3340 3943 3346 3539 2996 2423 3932
2 345 1174 6 5 753 4 2000 88 753 2 826 449 1174 1174 6
3968 3777 2914 3525 3942 455 3978 3851 3340 3982 3346 3539 2996 3990 2423 3956
17 219 1469 1006 19 2000 2 217 1006 11 531 246 1469 4 1469 13
4000 3777 2914 3525 455 4001 3851 3340 3986 3982 3346 3539 2996 2423 3956 4002 3999
10 333 1665 1217 2000 5 376 1217 30 10 335 333 1665 1665 92 2 12
3851 3340 3346 3999 4000 4010 4039 4017 2996 4026 3777 3525 4038 455 4040 4041 4042 4047 4050 3539 4052 4053 2914 4051 3956 2423
514 1071 352 10 73 2 7 3 1648 10 352 1071 9 2000 2 9 2 2 6 352 8 2 1648 1 100 1648
4000 3777 2914 4100 3525 455 3851 3340 3346 3539 2996 2423 4103 3956 4091 4095
27 651 1349 4 1194 2000 932 1194 651 651 1349 1349 1 44 66 16
3777 2914 3525 455 4121 3851 3340 3346 3539 2996 2423 4153 4154 4091
799 1201 1038 2000 2 548 1038 799 799 1201 1201 22 16 105
3777 2914 3525 455 4201 3851 3340 4207 4204 3346 3539 2996 4213 2423 4212 4091 4191
946 1054 729 2000 16 404 729 17 8 946 946 1054 2 1054 3 159 13
4225 3851 3340 3346 4248 4249 4252 4257 4261 4264 4269 4270 2996 3777 3525 455 3539 4191 2914 4091 4212 2423 4216 4219
9 371 719 733 4 80 88 30 1 15 5 2 1267 733 719 2000 733 6 1267 225 88 1267 29 11
3777 2914 4299 4261 4294 455 4265 4212 3851 3340 4290 4302 3346 3539 2996 2423 4249 4219 4252 3525
946 1054 2 26 25 2000 11 335 388 582 4 2 946 946 1054 1054 187 29 63 582
3777 2914 4261 455 3851 3340 4306 3346 3539 2996 2423 4249 4212 4346 4319 3525
865 1135 43 2000 289 680 5 865 865 1135 1135 43 398 2 55 680
4356 4361 4362 4363 3340 4365 4366 3346 4249 4261 2996 3777 3851 3525 455 4364 3539 4319 2914 4324 4336 4212 2423
21 2 4 3 455 2 2 1072 5 73 928 1072 102 455 2000 11 1072 248 928 14 64 366 928
3777 2914 3851 4324 4261 455 4396 4407 4391 3340 4397 4336 3346 3539 2996 2423 4408 4212 4410 4319 3525
1011 989 113 28 41 2000 3 6 12 599 18 64 1011 1011 989 989 6 412 1 14 599
3851 3340 3346 4397 2996 3777 3525 455 4427 4428 4450 4429 3539 4440 4452 4445 4449 2914 4324 4336 4212 2423
26 806 976 75 1024 976 806 2000 15 39 1 3 976 9 4 8 3 1024 250 29 759 1024
4489 3851 3340 3346 4504 4508 4509 4512 4514 4518 4520 4522 4524 4525 2996 3777 3525 455 4427 4428 3539 4445 2914 4324 4336 4212 2423
4 95 904 859 17 37 10 10 5 4 3 2 7 2 1141 859 904 2000 62 133 859 25 1141 97 10 716 1141
3851 3340 3346 4504 4508 2996 3777 4548 3525 455 4553 4555 4428 4578 4557 3539 4566 4575 2914 4324 4585 4586 4587 4589 4212 2423
76 629 1072 48 3 928 1072 8 629 2000 13 3 113 19 7 1072 34 41 928 106 2 4 2 2 959 928
3777 2914 4611 3525 455 4616 4428 3851 3340 4589 4557 4624 3346 3539 2996 4566 2423 4600 4212 4623 4607
930 1070 10 831 2000 3 16 253 831 165 10 2 930 930 1070 33 1070 2 914 2 1
4611 3851 3340 3346 4679 4658 2996 4666 4668 3777 3525 455 4680 4428 4684 4557 4685 3539 4692 4694 4695 2914 4589 4212 2423
49 293 773 1051 9 28 949 33 6 1051 773 2000 9 49 5 49 11 1051 4 1 1 949 235 1002 949
