32 33 37 1 17 26 28 30
11 2 1 4 12 15 3 5
64 97 69 83 85 87 26 91 93 62 95
8 1 5 22 2 5 85 2 7 44 2
129 100 136 138 139 140 141 143 87 26
3 30 4 1 29 3 7 1 39 39
164 168 141 177 180 185 26 187 186
64 70 32 2 1 2 252 3 1
164 197 168 201 205 206 176 210 211 212 213 26
206 23 256 4 1 10 2 2 1 2 1 478
164 168 201 205 242 243 245 218 26
275 519 22 23 5 1 1 9 430
292 294 260 295 168 201 298 299 205 296 297 164 26
9 1 16 3 392 7 1 1 61 3 4 253 740
164 168 340 300 205 304 296 338 308 345 260 26 347
212 421 4 38 73 38 29 37 136 6 20 754 1
355 164 390 168 395 205 397 296 338 308 406 407 408 409 26
18 365 43 281 7 121 2 26 181 54 3 4 2 3 518
355 164 422 390 168 205 338 308 437 439 441 26
27 591 10 51 439 269 293 184 23 2 2 303
355 164 390 455 168 205 465 338 467 308 468 26 444
39 825 28 9 383 478 15 347 1 37 2 105 29
514 515 164 455 168 205 528 529 338 308 444 479
1 2 497 40 349 398 4 3 99 101 40 22
164 581 168 584 586 205 552 338 563 308 585 572 573 575
677 2 300 9 1 568 8 109 3 73 2 56 24 8
641 642 164 168 205 338 563 308 630 634 639 572 605 638 607
3 3 652 273 531 121 4 17 22 9 9 105 99 22 31
164 709 168 700 205 701 563 708 630 696 697 699 572 605 607
786 1 337 2 786 2 60 1 92 22 17 3 114 110 7
700 164 758 168 764 205 718 765 725 630 697 763 572 605
3 625 2 305 3 625 6 2 23 13 13 2 20 72
803 164 805 806 807 168 777 205 765 808 797 804 792 793 605
4 594 1 3 1 349 45 594 12 2 6 8 15 42 50
164 839 168 777 842 843 205 605 820 841 797
551 3 152 55 8 2 551 55 16 4 59
164 168 205 872 820 797
404 75 404 2 127 20
164 933 936 205 877 820 918 921 932 924
593 8 1 593 2 269 8 22 11 27
992 164 997 998 999 938 940 205 977 820 996
6 745 4 1 3 107 2 745 13 158 3
1026 1027 164 1029 1031 1032 1001 1002 205 1005 977 1011 820 1015 1016 1028 938 1022
3 5 570 3 2 2 66 144 570 6 5 10 261 3 6 2 6 5
1058 1091 164 1032 1001 1002 1099 205 1069 820 1083 1098
33 13 583 11 143 153 1 583 27 438 32 1
1058 164 1154 1032 1001 1002 205 1167 1169 1170 820 1174 1161 1083 1130
49 694 5 64 128 48 694 33 3 38 213 8 55 86 4
1058 164 1222 1235 1224 1001 1130 205 1230 1203 820 1161 1226 1083 1002
90 858 3 8 7 148 135 858 16 20 175 28 13 203 143
1058 164 1253 1284 1001 1130 1291 205 1230 1296 1297 1203 820 1272 1236 1226 1083 1002
116 872 5 11 128 361 34 872 32 2 1 10 250 4 103 2 116 88
1344 1345 1058 1339 164 1001 1130 1291 1331 205 1230 1341 1347 820 1083 1002 1342 1343
2 3 50 25 947 148 112 30 1 947 26 3 6 50 84 169 1 1
1058 164 1001 1130 1387 1388 205 1389 1386 820 1368 1083 1002
69 1188 233 221 8 1 1188 1 8 69 28 98 106
1058 164 1001 1130 1419 205 1432 820 1397 1368 1428 1083 1002
23 1412 311 51 2 1412 1 23 12 99 9 53 20
1505 164 1001 1130 205 1428 1493 1368 1499 1436 1502 1503
2 1691 654 69 1691 79 27 34 10 2 7 2
1568 1537 164 1505 1576 1001 1130 1579 205 1555 1428 1569 1577 1578 1567
4 54 1809 80 4 648 10 3 1809 12 235 16 1 3 1
1600 1537 1603 164 1608 1001 1610 205 1614 1615 1585 1555 1428 1609
31 13 4 1894 26 719 1 1894 8 3 36 75 322 13
1600 1651 164 1608 1001 205 1585 1650 1555 1428 1609 1652
13 49 1923 108 732 1923 5 15 315 119 94 2
1651 1692 164 1608 1001 1673 1687 205 1679 1650 1555 1428 1685 1609 1688 1658 1660 1690 1695
90 12 1849 89 781 25 23 1849 18 28 126 167 5 63 31 26 90 17 5
1739 164 1608 1001 1687 205 1742 1741 1744 1746 1651 1428 1673 1660
7 1988 69 970 16 1988 2 2 2 2 176 5 9 176
1793 1762 1795 164 1797 1608 1001 1739 205 1651 1764 1660 1791
2 10 3 2000 1 14 972 76 2000 204 37 204 8
1856 1857 1764 1001 1739 205 1837 1651 1849 1816 164 1850 1851 1660 1853 1855
1 2 95 913 8 2000 13 190 5 24 2000 8 1 190 3 2
1889 1891 1764 1862 1001 205 1651 1865 1816 164 1660
1 2 301 3 816 2000 144 10 106 2000 144
1953 164 1924 1957 1960 1001 1948 205 1934 1912 1651 1961 1816 1764 1947 1660 1962
13 2000 55 13 4 735 19 2000 58 17 273 5 16 330 23 273 2
2016 1985 2018 2019 164 1953 1001 205 1934 1651 1972 2009 1912 1764 1924 1947 1660 2014
10 53 3 2 2000 112 651 2000 177 133 15 5 40 368 27 79 133 10
1985 2051 164 2021 2054 2049 1001 1953 2055 205 1934 1651 2030 1912 1764 1924 1947 1660 2045 2053
82 2 2000 19 1 3 722 15 1 2000 137 140 33 252 578 26 131 140 2 3
1985 2091 1764 2053 2054 2088 1001 2086 2071 2092 205 1934 2077 2066 2030 2057 1912 164 1924 1947 2089
65 2 583 26 31 5 648 5 18 1 2000 65 5 2 118 8 279 2000 29 65 3
1985 2146 2155 164 2054 1001 2154 2071 2126 205 2030 2127 2132 1934 2153 2057 1912 1764 1924 1947
35 7 2 2000 63 521 4 14 10 2000 92 5 3 35 7 36 87 589 11 35
2054 2057 2188 1934 2195 2198 2201 1947 2206 2208 2209 164 2182 1985 205 2126 1764 1001 2157 2030 2153 1912
43 76 5 107 14 15 7 107 1 2 1 2000 86 107 2000 72 657 726 78 155 47 42
2182 2057 2188 1934 2198 2201 1947 164 1985 2243 2247 205 2254 2258 2260 2126 2262 2264 2265 1764 1001 2030 2153 1912 2261
159 48 14 91 47 68 91 2000 91 24 1 2000 16 2 5 70 8 1 2 800 622 120 189 142 1
1934 1985 2338 164 2182 2337 2312 2153 2282 205 2126 2336 2254 2030 2198 1001 1912 1764 2265 1947 2333
67 67 1 2000 427 1 18 223 89 2000 273 3 43 20 24 369 59 874 69 67 1
2182 1934 1947 164 2358 2364 1985 2372 2373 2377 205 2254 2384 2385 2388 2126 2390 2391 2265 1764 2153 2282 2030 1001 1912
537 23 23 2000 45 7 23 1 11 2 2000 23 3 7 2 322 2 2 93 1086 225 166 66 217 2
1764 2182 2440 1001 2282 205 2030 2447 2385 2451 2452 2126 2446 2153 164 2265 2453
1264 627 29 99 290 2000 256 12 34 1 1 213 4 244 2000 60 3
2489 2499 164 2501 2182 2440 1001 2282 2487 2500 205 2030 2385 2482 1764 2153 2265 2490 2493
4 4 2000 1 553 55 204 213 27 4 2000 501 59 3 1412 184 204 3 39
2553 164 2182 2534 2153 2282 205 2030 2550 2385 2518 1001 1764 2265 2556 2493
2 2000 533 61 132 243 2000 568 2 33 61 65 1780 65 1 81
2182 2569 2582 164 2602 2612 2617 2618 2619 2624 2625 2626 2627 2628 205 2385 2518 2265 1764 2153 2282 2030 1001
523 53 23 2000 10 2 1 2 4 1 2 3 3 1 2000 15 44 34 1796 163 204 662 34
2656 2658 2659 164 2518 2182 2153 2282 2667 205 2030 2669 2582 1764 2651 2666
11 19 3 2000 123 278 226 291 4 2000 968 4 20 1740 31 6
2182 2700 2701 2706 2582 2713 2715 2718 2719 2720 2722 2723 164 205 2518 2651 1764 2664 2153 2282 2030 2682
160 59 19 1 52 2 3 6 5 3 2 3 2000 2000 61 57 1714 54 111 386 1033 27
2784 164 2182 2664 2153 2282 2700 205 2030 2741 2518 2776 1764 2783
10 2000 331 159 23 287 97 2000 1103 22 13 73 1734 16
2784 2817 164 2822 2182 2664 2825 2282 2700 205 2030 2824 2798 2807 2776 1764 2811 2788 2783
57 3 2000 2 685 95 1 106 260 2000 1015 5 34 4 12 1806 3 7 2
2849 2882 2883 164 2182 2664 2857 2282 2859 2700 205 2030 2836 1764 2876 2877 2846
60 3 1 2000 860 277 31 37 4 185 2000 612 24 1509 8 5 25
2849 164 2182 2919 2664 2921 2282 2923 2700 205 2030 2900 2836 2935 1764 2938 2846
22 2000 841 34 359 12 12 18 201 2000 586 44 6 3 1439 2 26
2945 2849 164 2949 2182 2919 2664 2700 205 2030 2964 2965 2966 1764
62 94 2000 13 1024 86 206 353 2000 499 6 4 5 1523
2849 164 2182 2945 2664 2985 2919 2700 205 2030 2984 2965 1764
94 2000 1031 140 106 1 17 331 2000 575 35 23 1606
2945 164 3013 2182 2849 2664 3017 2700 205 2030 3021 3016 2965 3000 1764 3012
119 2000 9 1042 415 72 3 270 2000 645 3 2 72 20 1687 33
3091 2849 3042 1764 2182 2945 3016 3017 2700 205 2030 3027 3028 3094 3000 164
33 354 85 1901 1203 122 186 10 90 2000 698 11 164 32 264 2000
2945 2182 2700 3091 2849 164 3113 3000 3016 3146 205 3150 3151 3027 3028 3159 3160 3162 3163 3164 3166 1764 2030
80 1098 188 64 114 2000 24 562 453 15 2000 3 19 86 108 29 7 5 2 1 1 2000 902
2945 164 2182 2849 3016 3113 3146 2700 205 2030 3151 3091 3028 3230 3000 1764 3196 3027
104 2000 1158 57 416 12 69 122 2000 842 14 27 57 2 701 2000 9 122
3232 3233 164 2182 2945 3016 3241 3146 2700 205 2030 3247 3245 3027 3028 3091 3000 1764 2849
53 59 2000 1080 28 427 3 7 103 2000 920 1 3 103 11 2 557 2000 11
3232 3233 3299 164 2182 3303 3016 3308 2700 205 2030 3245 3313 3027 3310 3000 1764 3311 3292 3304
93 43 33 2000 1198 42 247 7 375 2000 802 4 1 375 1 371 2000 2 9 7
3232 3233 164 3365 2182 3303 3016 3308 2700 205 2030 3320 3027 3304 3319 3000 1764 3322 3347
17 149 2000 40 1731 72 107 131 543 2000 269 93 543 29 37 300 2000 72 86
2182 2700 3347 3233 164 3365 3373 3380 3000 3388 3392 3396 3016 3402 3403 205 3410 3027 3414 3421 3425 3426 3427 1764 3304 3308 2030 3411 3320
1879 585 481 126 2000 14 37 91 644 76 91 14 105 46 10 2000 2 585 3 16 3 4 1 2000 24 91 121 4 214
3461 2182 3467 2700 3469 3472 3474 3475 3476 164 3373 3000 3388 3396 3016 205 3027 3421 1764 3304 2030 3347 3320 3451
26 1828 5 338 9 21 1 2 2 2000 30 474 58 195 159 2000 338 56 2000 58 172 432 404 144
2182 2700 3469 3347 164 3493 3373 3512 3388 3521 3396 3016 3530 3531 205 3535 3536 3000 3027 3543 3544 3545 3546 1764 3304 2030 3320
1667 220 75 595 2000 137 75 14 76 14 73 333 2 2 2000 19 4 595 220 5 5 1 4 2000 40 333 175
3561 164 3493 2182 3559 3016 2700 3396 205 2030 3320 3347 3566 3543 3000 1764 3388 3304 3027 3557
4 2000 37 1575 70 425 25 175 2000 425 105 1022 1 46 1022 2000 12 137 25 7
2182 2700 3598 3347 3604 3607 3611 3614 3615 3617 3618 3619 164 3493 3622 3000 3396 3016 205 3027 3621 1764 3559 3304 2030 3576
1634 10 6 1131 2 26 9 1 3 11 3 3 2000 29 1 1131 47 366 2000 10 1 2000 237 59 366 43
2182 2700 3347 3607 3618 164 3621 3628 3629 3632 3637 3000 3645 3646 3649 3650 3396 3016 205 3027 1764 3559 2030
1541 27 902 13 46 2000 26 5 8 15 5 902 1 6 2 1 318 459 2000 27 2000 207 459
3618 3396 2182 3559 3016 205 2030 3632 3688 3347 1764 3705 3000 164 3706 3707 3708 3709 3678 3701
201 163 1345 209 655 2000 655 1 16 965 2000 5 965 2000 1 3 4 3 5 9
3745 3618 3748 164 2182 3559 3016 3754 3751 3396 205 2030 3757 3736 3347 3705 3000 1764
8 107 3 2000 1296 107 704 6 3 357 2000 704 3 32 832 206 832 2000
2182 3347 3745 3618 164 3000 3396 3016 205 3789 3795 3798 3812 3802 3803 3805 3807 3808 3811 1764 3813 3814 3559 3815 2030 3705
1515 1263 12 92 2000 1263 160 485 2000 64 30 8 21 6 19 3 7 9 19 2000 7 4 92 1 485 152
3840 3845 2182 3855 3347 3861 3863 3867 3868 3869 164 3000 3396 3016 205 3789 3705 1764 2030 3824 3829 3833
11 7 1308 6 1158 6 2 2 1 1 2000 1158 150 692 2000 210 197 2000 692 70 30 11
3873 3878 1764 3845 2182 3705 3016 3396 205 2030 3789 3347 3829 3895 3000 164 3919 3900
20 34 2000 81 1358 124 642 65 2000 642 373 1293 24 4 1293 2000 2 18
3940 1764 3878 2182 3016 3910 3929 3396 205 2030 3789 3347 3845 3705 3000 164 3931 3933 3935
1 2000 87 1684 316 15 27 115 2000 316 228 1569 44 185 1569 2000 1 3 10
1764 3878 2182 3016 3396 205 2030 3789 3952 3960 3347 3958 3705 3000 164
2000 1 1420 580 40 2000 580 153 35 3 1380 20 457 1380 2000
3973 2182 3975 3977 3978 3347 3995 3996 3997 4000 4001 4002 164 4005 4007 4008 3000 3016 205 3789 4004 1764 2030 3958 3705 3962
120 1342 4 14 18 1342 20 4 9 4 1 1 2000 1 1 2 1342 658 2000 267 1 2000 658 184 542 28
3973 2182 3977 3978 3347 3995 164 3000 4038 3016 4041 205 3789 4048 4051 4057 4060 1764 2030 3958 3705 3962
156 1477 7 47 1477 77 2000 1477 143 523 17 2000 132 6 27 5 6 2000 523 42 581 64
1764 2182 4038 3016 3978 205 2030 3789 4120 3347 4116 4117 4118 3705 3000 164 3962 4101 4051 3973
2000 1573 138 427 13 2000 427 220 1 1573 10 2 5 773 1573 2000 56 2 13 223
3973 2182 3347 4124 164 4135 4139 3000 4160 4165 4038 3016 4172 205 3789 4177 4178 4179 4175 1764 2030 3705
424 1825 1825 103 2000 57 26 1825 18 4 102 175 12 2000 310 16 1 1 7 2000 175 975
4224 4228 3973 2182 4231 4238 4240 4242 3347 4244 4246 4124 164 3000 4038 3016 205 3789 4194 1764 4204 2030 4207 4243 3705
63 22 277 1838 10 8 3 1 1838 2 2 81 2000 1838 70 162 2000 613 52 2000 48 162 3 2 628
3973 2182 4242 3347 4252 164 4124 4276 3000 4285 4289 4293 4038 4295 3016 205 3789 4313 4194 1764 4326 2030 3705
218 1935 60 1935 39 2000 42 32 1935 6 37 43 87 7 65 2000 678 14 199 2000 2 65 660
4353 4356 3973 2182 4361 3347 4252 4357 164 4358 3000 4293 4038 3016 205 3789 4194 1764 2030 4344 3705 4347 4349
20 7 179 1648 1 1648 64 1 2000 4 1648 83 83 352 2000 542 210 2000 352 21 421 14 25
4353 4194 1764 3973 2182 3016 4364 4402 4396 205 2030 3789 4401 4403 3347 3705 3000 164 4252
104 390 2000 201 1517 483 21 1 40 2000 483 413 5 6 1517 332 1517 2000 32
4353 3973 2182 4364 3347 4252 164 4424 3000 4414 4421 3016 4427 4428 205 3789 4432 4433 4434 4436 4194 1764 2030 3705
615 147 1861 131 1861 29 2000 5 1861 26 14 139 23 9 2000 476 2 7 1 1 829 2000 139 425
4353 4194 164 3973 2182 3016 4428 4427 4364 205 2030 3789 4432 3347 4430 3705 3000 1764 4431 4252 4421
562 682 2000 268 1731 269 3 12 209 2000 269 553 1 1731 2 287 1731 2000 4 113 113
4353 4482 4483 3973 2182 4364 3347 4252 164 3000 4421 3016 205 3789 4434 1764 4194 4452 2030 4463 4471 4472 3705 4476
353 1 1 232 1306 234 1306 118 2000 1306 118 694 2000 381 6 2000 356 52 694 14 15 3 335 4
4353 3973 2182 4364 4497 3347 4252 164 4525 4531 4533 4536 4538 4541 4421 3016 205 3789 3000 1764 4194 4452 2030 3705
299 191 1019 86 24 1019 9 2000 9 17 11 5 15 7 9 981 2000 161 1019 2000 299 156 981 473
4353 3973 2182 4364 3347 4580 164 4531 4533 3000 3016 205 3789 4568 1764 4194 4579 4452 4581 4586 4589 2030 4596 4600 3705 4602 4603
684 30 1416 4 1416 2 2000 77 8 1416 584 2000 413 27 2000 684 4 171 9 13 12 584 13 9 315 6 1
4609 2182 4353 4364 4623 3347 4632 4635 4640 4641 4643 164 4645 4646 4647 4531 3000 3016 205 3789 4644 4194 4452 4586 2030 1764 4600 3705
44 943 235 15 19 943 5 17 1 4 1 2000 1 1 1 13 943 1057 2000 623 2 235 57 29 1057 2000 6 70
4353 2182 4609 3347 4635 164 4651 4531 4663 3000 4670 3016 4683 205 3789 4699 4700 4701 4703 4704 4705 4194 1764 2030 3705
149 704 46 704 10 2000 15 65 52 704 16 1296 10 2000 490 7 7 3 1 2 1 149 2000 1296 65
4609 2182 4353 4747 4750 3347 4760 4762 4763 4764 4765 164 4531 4663 3000 3016 205 3789 4699 4194 1764 2030 4755 3705
60 463 7 6 32 463 6 5 1 2 2 2000 168 51 463 1537 2000 288 12 7 2000 1537 19 168
4768 4609 164 4806 2182 4775 3016 4793 4810 205 2030 3789 4808 3347 3705 4663 3000 1764 4783 4800 4531
11 6 2000 1 90 44 1910 14 2 2000 1910 81 2 90 9 86 90 2000 16 1 9
4832 4833 164 4838 4775 3016 4841 4810 205 2030 4847 4817 4820 4846 1764
4 6 2000 11 2 2000 1 7 2000 2000 4 59 1 3 2000
4866 4875 164 3016 4887 205 2030 4847 4880 4817 4883 4884 4889 1764 4879 4861
49 3 2000 2000 2 2000 2000 45 3 7 3 3 3 2000 1 13
4896 4929 164 4901 3016 4939 205 2030 4944 4945 4946 1764 4933
27 17 2000 20 2000 2 2000 2000 4 2 3 2000 4
