32 1 5 9 19 30
2 31 39 5 16 8
1 5 80 84 89 90 91 92 93 94 95
78 115 20 8 3 2 2 3 1 1 2
149 129 5 134 1 145 124 138 141 143 144 113 148 117 150 152 92 95
3 29 179 13 16 5 23 5 3 2 6 10 2 32 1 2 109 48
5 202 175 208 212 117 216 217 95
133 5 43 16 7 29 4 3 57
272 259 5 264 266 267 270 175 208 274 275 117 217 95
1 2 35 8 4 5 1 18 68 1 2 88 28 31
288 283 5 294 208 319 313 314 315 317 95
28 24 91 44 83 2 18 5 6 3 44
320 368 354 5 294 364 366 208 338 344 283 350 95
3 1 3 59 220 7 3 109 13 25 1 5 52
416 419 420 5 208 338 344 378 412 95
9 5 4 15 171 178 30 14 23 63
449 208 338 469 412 95
31 87 199 10 93 35
523 519 491 524 208 338 531 469 506 95 412 511
9 19 17 6 72 313 1 20 1 75 172 13
560 491 548 549 551 554 523 557 558 527 208 338 532 559 412 542 95
2 15 4 9 19 1 31 1 4 6 55 247 7 1 167 31 6
608 612 614 551 616 586 491 338 532 615 412 605 542
16 14 1 100 2 53 22 119 27 1 309 2 11
641 651 615 650 551 654 338 412 638 491
11 5 6 1 215 2 148 217 58 4
704 707 677 551 681 338 412 638
26 1 4 348 1 463 90 71
705 739 740 737 551 338 730 412
142 4 4 31 165 578 41 47
737 802 803 705 777 746 551 797 338 761 730 801 412 778 798
211 3 2 70 15 41 29 3 521 31 9 4 18 20 4
705 737 778 847 856 338 851 852 824 857 858 859 860 861
240 149 77 3 5 558 19 2 1 2 8 5 1 2
705 900 869 737 904 778 903 914 910 338 915 895
264 14 36 26 11 352 3 1 7 436 1 19
737 705 974 778 935 940 973 910 976 977 338 951 919 920 923 895
118 286 1 436 7 1 13 13 1 2 508 21 45 67 44 45
992 705 1035 1028 935 1032 778 951 338 1039 1040 1042 980 919 1044 737 989 895
64 183 18 18 86 12 568 75 557 9 9 9 32 54 5 12 24 53
992 737 1058 935 778 951 1073 338 1077 1078 919 1079 705 895
33 57 26 189 618 169 9 443 1 5 207 2 13 117
737 1058 935 778 951 1106 1102 1105 338 1108 919 895
194 33 252 287 183 3 51 10 250 1 172 446
737 1163 1126 935 1160 1129 778 919 1164 1102 338 1155 1162 951 1145 1130 895
193 10 110 64 9 11 264 60 3 144 165 1 1 333 26 25 362
737 1126 778 1163 1102 338 1173 951 1183 1180 1182 895
81 137 26 27 81 143 31 248 3 7 3 609
737 1218 1221 1126 1225 1226 1227 1102 338 951 1215 1214 895
117 1 4 266 2 22 7 117 262 271 6 13 468
737 1218 1126 1102 338 951 1272 895
50 69 284 50 322 229 4 500
1280 1313 1314 1126 737 1320 1321 1102 1295 1328 1329 338 1331 1332 1333 951 1277 895
21 28 7 349 6 6 11 6 36 4 1 637 1 3 1 164 6 230
1381 1126 1387 1388 1389 1390 338 951 1370 895
1 251 8 4 1 1 631 106 24 359
1408 1449 1443 1381 1446 1447 1448 1417 1451 1420 1391 338 951 1126 895
35 2 3 74 13 2 1 6 1 16 4 492 355 253 452
1442 1443 1444 1381 1126 1448 1449 951 1420 1391 1424 338 1428 1431 1432 1434 1435 1438 895
6 3 2 173 207 6 5 256 5 21 3 643 19 7 1 17 3 3 347
1442 1381 1126 1495 1485 338 951 1496 1498 1501 895
3 116 238 5 18 258 399 2 2 1 115
1537 1381 1126 1485 338 1523 951 1498 895 1534 1509
2 171 273 58 129 13 465 16 105 3 139
1509 1126 1381 1578 1485 338 1590 951 1592 1593 1498 1599 1564 1565 1598 895
266 479 104 18 10 204 27 328 6 5 120 1 48 6 2 41
1634 1509 1126 1639 1609 1642 1643 1644 1645 338 1590 951 1498 895 1564 1630 1381
1 450 591 19 25 2 7 2 1 156 41 298 148 59 83 25 125
1665 1667 1381 1126 1609 1687 1650 338 1683 1684 951 1498 895 1564 1509
9 12 110 503 13 2 12 103 4 1 624 103 59 40 450
1760 1730 1667 1701 1126 1609 1509 1714 1751 338 951 1733 1759 1498 895 1564 1757 1758 1381
8 88 6 82 336 5 298 36 1 84 709 26 1 84 37 33 5 7 189
1793 1794 1763 1796 1701 1126 1381 1769 1730 1776 338 1795 1780 1790 951 1498 1758 1509
1 5 14 1 108 436 224 4 37 1 127 1 26 3 607 127 5 436
1730 1701 1126 1381 1815 338 1830 1829 951 1498 1509
187 100 427 207 17 214 1 2 439 214 427
1856 1730 1870 1509 1126 1866 951 1868 1869 1838 1871 1701 338 1843 1829 1846 1815 1498 1381
29 110 2 279 279 5 401 2 2 53 1 34 260 2 111 53 60 260 389
1730 1891 1924 1381 1126 1927 951 1838 1925 1905 338 1923 1829 1846 1815 1880 1498 1916 1509
131 18 1 329 334 1 653 141 1 3 145 2 35 141 198 43 145 13 334
1730 1829 1126 1509 1970 1838 1942 1815 1969 338 1971 1846 951 1880 1498 1916 1381
61 170 265 265 2 186 4 89 6 196 1 186 758 68 196 202 454
1730 1829 1126 1980 1994 1509 2028 2018 1838 2029 1815 338 2030 1846 951 1880 1498 2031 1916 1381
70 102 381 169 23 381 1 9 146 1 43 113 1 146 1190 164 113 1 475 170
2049 2054 2061 2066 2067 1815 1829 1838 1846 951 1980 1730 1994 338 1880 1498 1381 1509 1126 2029 2032 1916
29 22 12 3 5 32 278 150 150 867 127 2 85 10 120 10 403 570 570 79 18 426
1509 1126 1916 1815 1838 2104 338 1829 1846 951 1880 1498 2111 1980 2110 1381
319 319 527 37 319 22 97 211 319 1050 149 97 1 401 28 215
2145 1509 1126 2151 1980 2122 1815 2130 1838 338 1829 1846 951 1880 1498 2139 1916 2110 1381
2 459 459 2 215 65 282 13 339 183 168 339 851 353 183 46 332 12 168
1509 1126 1980 2122 951 338 1838 2168 2130 1829 1846 1815 1880 2172 1498 2139 1916 1381
403 403 246 57 1009 49 464 24 63 75 464 224 282 2 49 72 300 75
1509 1126 1980 2122 951 2220 2189 1838 2225 2130 2222 1846 1815 1880 2168 1498 338 1916 2218 2214
386 386 296 165 1113 1 87 491 3 230 4 491 276 279 2 10 10 296 9 47
1509 1126 2258 1980 2122 1815 1916 338 1838 2255 2189 2225 2130 2259 1846 951 1880 1498 2236
96 96 2 402 62 96 402 18 667 46 20 8 311 1 667 1219 225 18 80
1916 2314 2317 1838 2255 2130 2236 2268 2318 1846 951 1880 2267 1980
643 12 7 588 114 578 130 19 5 588 1412 113 35 643
2346 2373 1980 2314 2364 2354 1838 2255 2355 2130 2236 2268 1846 951 1880 2329 2351 1916 2361 2366
2 2 943 22 2 13 332 321 42 730 321 36 332 1668 12 26 19 943 3 7
2416 2404 2377 2413 1980 1916 2354 1838 2351 2355 2130 2415 2268 1846 951 2329 2255 2236 2397 2366
1 6 49 3 941 941 47 212 80 8 899 3 63 212 1788 341 228 228 27 109
2435 2377 2438 1916 2442 2354 2446 2255 2130 2236 2268 1838 1846 951 2445 2329 2426 2351 1980 2366 2437
11 25 45 991 6 51 16 139 865 139 135 61 61 1939 5 398 25 75 991 146 8
2454 2329 2462 2463 2465 2473 1838 1846 951 2488 2236 2366 2495 2496 2497 2377 2255 2130 2268 1980 2426 1916
65 245 3 10 3 4 34 34 1966 35 102 423 1 6 1 3 102 578 39 726 3 726
2454 2329 1838 1846 951 2488 1980 2366 2496 2507 2510 2255 2130 2236 2521 2268 2533 2534 2536 2537 2538 1916
62 253 70 70 1930 141 762 331 107 9 61 305 733 305 35 54 65 36 1 1 5 762
2561 2583 2329 2591 2594 2595 2596 2597 2598 1838 1846 951 2488 2236 2366 2496 2255 2130 2521 2533 2534 1980 1916
19 20 100 14 5 1 3 1 1 204 204 1796 21 826 308 29 826 926 204 267 75 926 926
2583 2329 2598 2602 2605 1838 1846 951 2616 2236 2622 2496 2627 2630 2637 2638 2255 2640 2130 2521 2639 2533 1980 2366 1916
1 255 14 1 11 334 334 1666 2 787 18 69 27 5 2 3 787 1 1042 334 2 200 1042 376 1042
2684 2521 2627 2533 2649 1980 1916 1838 2255 2130 2686 2366 1846 951 2680 2329 2683 2236 2685 2622
1 219 75 197 15 1580 1580 219 841 1580 2 196 219 1781 6 739 3 841 1 245
2521 2627 2533 2649 2710 1916 2698 2754 1838 2255 2758 2130 2236 2702 2366 1846 951 2329 2748 1980 2622
61 9 119 54 10 1799 64 5 61 736 3 1799 736 47 140 61 1939 1063 2 1799 550
2698 2702 2329 2713 2727 1838 2738 2739 1846 951 2745 2236 2749 2366 2751 2255 2130 2521 2533 1980 2622 1916
1 17 1102 34 2 26 39 35 26 1974 2 794 4 78 3 794 1896 26 97 1896 600 1896
2796 2533 2792 1980 2807 1916 2738 2255 2800 2130 951 2329 2799 2236 2622
4 25 1 2000 6 2000 55 1013 8 2000 2000 987 4 1013 520
2851 2852 2853 2854 1980 2809 1916 2738 2255 2832 2130 2819 951 2329 2842 2236 2622
5 1 1 2 2000 22 2000 49 868 7 2000 9 2000 1132 6 868 814
2902 1980 2858 1916 2898 2255 2130 2899 2901 2738 951 2904 2329 2236 2622
1 2000 56 2000 92 1065 2000 17 4 129 2000 2 935 1065 809
2949 2950 2957 1980 2858 2955 1916 2738 2255 2130 2963 951 2904 2329 2236 2622
3 39 5 2000 47 1 2000 26 1460 2000 4 2000 83 540 1460 519
2949 2964 2329 2984 2858 2738 2991 2992 2994 2995 2996 2998 2999 3000 3002 1980 2622 951 2255 2130 2904 2236 1916
17 4 461 28 11 2 18 30 2 8 1 2 2 1 2 2000 369 2000 1539 2000 88 1539 2000
3072 3073 3074 3075 3079 3080 3082 2329 2236 2992 2995 951 1980 2622 3014 2255 2130 3027 2904 3043 3049 3053 3056 3061 3062 1916
2 4 2 6 1 1 2 408 1592 13 15 2000 2000 395 13 1592 2000 72 175 21 21 2 5 1 11 2000
3127 2236 3043 3120 1916 3114 3049 3095 2255 2992 2130 3123 3129 3125 951 2904 2329 1980 2995 2622
1 1559 35 2 2000 47 35 21 1559 78 2000 16 1 7 2000 108 441 2000 21 363
3123 3049 3043 3176 1916 3178 3179 3180 3149 2255 2992 2130 2236 951 2904 2329 1980 3165 2622
22 74 74 17 2000 4 3 1 66 1394 56 2000 1394 2000 30 606 2000 14 550
3043 1980 3210 3211 1916 3149 3214 2255 2992 2130 3049 3212 951 3209 2329 2236 3165 2622
81 2000 9 3 2000 96 1 1365 104 2000 81 3 2000 23 635 1365 117 531
3209 2329 3226 3230 3233 3245 2992 3250 951 2236 2622 3275 3269 3270 3271 3272 1980 3149 2255 2130 3165 3043 3049 1916
53 557 42 1 23 7 7 29 2000 1443 550 3 4 12 1 1 2000 198 1443 2000 23 18 18 2000
3309 3301 3270 3303 1980 1916 3250 3310 2255 3312 3314 2130 3315 3292 3286 951 3209 2329 2236 2622
6 93 8 11 2000 2000 103 10 1611 2 4 2000 1 74 18 2000 55 389 1611 389
3371 3330 3363 3301 3366 3367 3368 1980 3362 1916 3314 2255 2130 3372 3317 951 2329 3355 2236 2622
2 5 21 58 9 5 5 2000 4 2000 34 1742 2000 2 58 2000 258 3 1742 258
3425 3362 3396 3301 1980 3434 3383 1916 3426 2255 2130 3379 3372 3390 951 2329 3355 2236 3385 2622 3317
4 95 35 9 2000 6 95 2000 18 1658 2000 74 220 99 2000 342 17 1658 220 342 9
3452 3362 3396 1980 3385 3383 1916 2255 3440 2130 3379 3372 3390 951 3448 2329 2236 3453 2622
1 51 72 2000 43 51 2000 1826 24 2000 113 43 80 2000 6 174 1826 3 174
3520 3521 3522 3523 1980 1916 3501 2255 3505 2130 3379 3508 3518 951 3512 2329 3516 2236 2622
3 1 1 1 2000 2000 24 1701 15 2000 255 36 19 2000 12 299 5 1701 299
3553 3545 3577 3557 3528 1980 1916 3570 2255 3505 2130 3379 951 3512 2329 3578 2236 3549 2622
7 26 4 17 105 2000 2000 11 1767 62 2000 166 2000 14 233 1 1767 7 233
3632 3545 3634 3557 3528 1980 1916 3629 3630 2255 3603 3505 2130 3379 3602 2622 951 2329 2236 3636 3614
1 70 5 28 121 2000 2000 5 5 1854 12 145 2000 70 9 146 2000 146 1854 2 34
2329 3614 3505 3634 3635 3637 951 1980 2622 3528 3657 3661 2255 2130 3545 3675 3685 3684 3557 3687 2236 1916
12 54 31 2 62 126 2000 2000 12 50 13 11 1988 2000 44 1 2 5 126 2 1988 2000
3724 3716 3557 3687 3528 1980 1916 3693 2255 3728 2130 3637 951 3545 2236 3614
1 7 203 5 98 2000 2000 35 2000 6 2000 203 2000 47 2000 5
3772 3557 3528 1980 1916 3693 2255 3761 2130 3764 3637 3766 951 2236 3743
3 334 2 2000 2000 26 2000 2 2000 8 334 4 2000 2000 35
3557 1980 3819 1916 3826 2255 3825 2130 3764 3637 3766 951 3817 2236
324 2000 13 2000 2 2000 1 2000 37 324 46 2000 12 2000
3875 3557 3878 3879 3880 1980 3882 3863 1916 3881 2255 2130 3637 3766 951 2236 3877
3 110 4 2 1 2000 1 22 2000 1 2000 2000 110 122 2000 2000 1
3936 3907 3908 3557 3900 1980 3863 1916 2255 2130 3637 3766 951 3929 3931 2236 3925
4 43 7 177 17 2000 27 2000 2000 2000 177 243 2000 17 7 2000 18
3968 3965 3557 3900 1980 1916 2255 3953 2130 3955 3957 3637 3766 951 3963 2236 3964 3967
5 1 44 58 2000 2000 2000 7 2000 30 2 44 531 2000 3 2000 3 1
4011 3557 3900 1980 4012 1916 4013 2255 2130 4020 3637 3766 951 4024 4025 4022 2236 3998 4018
2 118 58 2000 26 2000 37 2000 2000 10 118 562 2000 2 2 4 2000 47 10
4083 3557 4039 1980 4028 1916 4018 2255 4013 2130 4051 4087 4085 3766 951 4084 4063 2236 3998 3637
3 202 5 2000 73 2000 112 2000 69 2000 14 1 1 740 2000 1 2 2000 91 202
4108 4109 4156 4115 4116 4126 4128 4136 3637 3766 951 4152 1980 4159 4151 2255 2130 2236 3557 4028 4083 1916
11 6 3 37 22 14 14 2 309 1151 2000 10 2000 3 6 2000 2000 2000 309 146 49 2000
4203 3557 1980 4028 1916 4108 2255 4152 2130 4083 3637 3766 951 4201 4204 2236
3 230 2000 67 2000 16 2000 41 2000 176 230 1237 2000 27 1 2000
2236 4228 3557 4230 4232 1980 4028 2255 4209 2130 4083 3637 3766 951 4152 4201 4218 4219 1916 4233 4229
2000 16 349 4 2 2000 114 2000 77 2000 311 349 1247 2000 40 24 2 9 2000 7 6
4284 3557 4287 4263 1980 4028 1916 4252 2255 4209 2130 4083 3637 3766 951 4282 4239 2236 4286 4278
6 52 1 24 2000 171 2000 2 2000 300 2000 109 52 1637 2000 1 40 2000 1 10
4320 4323 4342 4263 4339 1980 4028 1916 2255 4209 2130 4083 4340 3766 951 4344 2236 4343
5 14 1 26 9 2000 282 2000 2000 92 2000 207 3 1629 2000 1 2000 2
4353 4356 4263 4392 2236 4391 4028 1916 2255 4209 2130 4083 4373 3766 951 4388 1980 4394 4382
52 2 39 1 2000 1 770 2000 2000 5 2000 239 9 1230 2000 2 2000 1 3
4353 4451 4452 4455 4392 2236 4458 4028 1916 4461 2255 4449 4465 2130 4083 4432 3766 951 4441 1980 4446
235 3 9 5 14 2000 2 683 2000 2 2000 10 4 2000 274 21 1317 2000 17 2000 9
4353 2236 4028 1916 2255 4432 2130 4083 3766 951 4441 4474 1980
476 2000 363 2000 2000 24 2000 453 1637 2000 13 73 2000
4353 4484 4499 4487 2236 4028 1916 4493 2255 4432 2130 4083 3766 951 4506 4507 1980
223 34 2 1 2000 167 2000 15 2000 86 2000 680 1833 2000 5 2 2000
4353 4484 4506 4525 4531 3766 951 4536 1980 4542 4544 4545 4549 4550 4551 4552 2255 4432 2130 2236 4028 4083 1916
417 53 102 72 1 1881 2000 5 2000 1 25 3 2 3 1 1 2000 48 2000 2000 119 382 2000
4576 4353 4484 4598 2236 4028 1916 4525 2255 2130 4083 3766 951 1980 4588
5 646 242 2 2000 192 2000 34 2000 2000 521 1808 2000 2000 71
4353 2236 4484 4614 4616 1916 4028 4626 2255 4624 4625 2130 4083 4628 4629 3766 951 4600 4603 1980
843 2000 185 73 1 2000 83 1 2000 2 2 2000 481 2 1 1917 2000 36 3 2000
4353 4642 4484 4645 4614 4647 1916 4650 4651 4646 2255 4656 4657 2130 4083 3766 951 1980 4028 2236
903 16 215 60 32 91 2000 3 50 42 2000 1 3 2000 575 1805 2000 2000 195 2000
4353 4484 4645 4646 4647 4651 3766 951 2236 4677 4681 4682 1980 2255 2130 4697 4699 4703 4705 4707 4028 4083 1916
1394 246 124 12 155 185 1833 2000 2000 36 22 5 2000 2000 2000 3 4 1 2 2 167 374 2000
