8 35 36 7
24 13 3 55
82 83 84 86 87
10 4 5 2 1
112 83 120 121 123 124 94
2 2 14 7 3 1 16
170 172 174 175 148 120 153 156
1 1 1 1 3 133 34 19
224 227 232 175 176 216 120 153
5 2 2 65 6 1 134 43
224 227 175 246 153 250
11 11 24 47 9 3
224 288 291 295 296 175 272 227 246 279 271 287
84 2 1 1 1 11 12 50 26 9 18 7
224 336 227 327 304 175 272 339 342 343 344 335 287
121 14 92 22 31 72 50 4 1 3 1 7 50
224 391 362 175 272 372 376 380 287
207 9 88 57 24 7 5 9 24
224 448 450 452 453 454 362 175 441 443 444 413 447
302 10 7 1 1 1 129 27 9 4 2 38 3
224 480 482 502 487 509 362 491 463 497 500 470 504 505 506 495 413 510 511
469 22 19 2 55 5 191 61 55 12 5 61 1 6 19 27 9 9 1
224 480 515 549 487 502 362 555 556 557 567 463 560 470 544 566 495 491
638 45 57 31 121 20 53 102 7 20 3 121 13 102 34 1 40 5
480 544 549 587 630 362 555 224 622 495 560 593 626 627 470 589 635 636 573 574 491
107 107 15 56 4 22 193 457 10 97 35 21 8 9 34 14 4 1 48 40 39
224 480 587 676 680 555 684 589 622 685 560 657 660 544 573
309 7 4 12 9 216 8 35 35 3 25 17 20 7 58
480 544 555 224 622 589 560 721 722 692 726 719 729 730 731 702
47 47 135 295 61 61 58 7 3 47 2 3 2 1 1 21
224 742 555 782 560 755 788 790
470 16 6 7 204 18 6 2
224 848 808 809 843 844 560 849 819 788 822 841 820
365 17 114 94 2 4 181 1 61 39 5 1 2
224 880 808 878 560 819 891 892
230 9 2 4 41 27 3 1
224 935 937 942 560 881 892 926
448 5 1 2 233 54 70 12
224 961 944 971 975 560 881 982 984 985 892 926
646 36 111 22 23 319 30 3 2 1 39 91
224 961 944 993 971 1005 1007 560 881 986 892 926
419 20 27 36 87 4 22 27 227 25 43 214
224 993 1056 1032 1052 971 1038 881 1045 1046 1051 892 1053 926 1055
725 6 2 6 1 63 4 280 21 19 4 47 2 61 2
224 1059 1073 971 1069 881 1075 1046 1081 1083 926
455 31 12 106 17 186 3 16 8 1 32
224 1122 1059 1124 1125 1127 971 1132 1090 1134 1133 881 1107 1111 1112 1115 926
619 36 51 14 7 2 274 9 16 2 1 63 10 12 63 8 35
224 1184 1186 1059 1124 1187 1159 1185 971 1132 1170 1107 1175 1112 1179 926
375 5 1 41 98 2 27 1 268 39 37 66 10 99 17 98
224 1059 1124 1159 1225 971 1132 1229 1199 1227 1228 1237 1206 1112 1220 926
276 82 38 20 3 364 18 5 71 6 20 1 71 102 1 38
224 1059 1270 971 1263 1269 1206 1199
55 92 1 331 11 2 16 16
1312 1284 1321 971 1294 1199 1331 1332 1206 1311
8 8 10 466 25 49 3 2 49 25
1377 1347 1380 1349 1382 1321 971 1358 1199 1361 1294 1206 1368 1375 1372 1373 1311
1 13 5 6 2 59 545 33 4 13 60 4 20 19 12 8 18
1424 1429 1321 971 1420 1294 1422 1425 1358 1430 1433 1434 1435 1406 1375
3 3 101 644 22 90 5 2 164 4 4 2 1 31 76
1472 1440 1476 1462 1479 1321 1477 971 1294 1358 1430 1467 1468 1470 1375
3 13 4 16 2 16 3 677 31 22 101 1 8 5 249
1536 1537 1538 1539 1508 971 1486 1294 1430 1528 1535 1500 1534 1375
2 2 3 2 3 679 98 14 219 10 3 123 2 195
971 1486 1430 1500 1501 1502 1375
803 75 142 20 3 5 182
971 1557 1486 1553 1555 1556 1525 1430 1559 1375
1180 2 49 2 3 4 29 58 1 20
1601 1603 1609 971 1613 1583 1616 1617 1618 1587 1620 1430 1591 1615 1597 1567
6 3 2 1305 8 61 7 4 1 18 2 279 13 7 2 67
971 1613 1646 1661 1616 1652 1430 1656 1658 1659 1629 1662 1567
1259 24 37 4 37 17 348 18 7 1 28 1 10
1698 1706 971 1709 1710 1711 1712 1652 1430 1658 1629 1567
4 15 1247 8 4 6 1 83 550 4 81 54
1734 971 1740 1743 1747 1652 1430 1752 1753 1754 1748
58 1246 46 9 3 130 400 1 6 2 2
1792 1797 1734 1769 971 1740 1805 1806 1814 1652 1813 1430 1816 1812
50 12 149 23 980 79 1 2 3 152 2 354 3 2
1792 1857 1826 1828 1797 1734 971 1841 1846 1812 1430 1848 1652 1856 1855
28 1 36 87 32 264 859 2 10 46 263 14 201 2 1
1792 1826 1891 1828 1893 1734 971 1812 1652 1430 1879 1881 1884 1887
57 77 2 78 8 558 958 8 62 134 2 3 8 11
1921 1826 1923 1828 1734 971 1905 1907 1652 1430 1917 1918
1 212 4 22 676 1060 1 7 60 60 4 6
1826 1734 971 1652 1845 1430 1848 1850 1854
460 491 887 21 2 21 2 5 12
1826 1894 1734 1897 971 1900 1904 1873 1907 1652 1909 1430 1910 1908 1862
514 8 279 12 934 5 13 47 3 79 1 79 1 1 1
1826 1957 1734 1960 1897 971 1932 1873 1907 1652 1430 1958 1919
398 3 213 1 57 845 26 45 47 100 100 2 43
1984 2017 1826 2019 2006 1734 2024 1994 971 1932 1968 1873 1907 2004 1430 1652 2016 1981 2014 1919
60 5 125 10 28 337 4 3 925 65 35 3 28 33 36 36 2 17 5 48
1826 2082 2084 1430 1734 971 2050 2029 1652 2006 2075 2085 1919
184 6 4 17 108 644 105 6 17 68 8 1 13
1826 2121 971 2050 2128 1652 1430 2136 2138 2139 2140 2142
348 13 377 100 17 1 1 2 3 1 2 2
1826 2179 2184 2121 2186 971 2188 2050 2128 2185 2172
155 9 1 79 1 565 1 93 19 2 15
2208 2050 2121 2186 971 2237 2236 2172 2218
15 80 167 52 830 4 13 50 45
2208 2240 2050 2121 2186 971 2172 2237 2238
53 3 130 276 32 798 18 47 4
2208 2050 2243 2277 2121 971 2284 2269 2288 2238 2294 2237 2270 2293
114 138 61 10 340 645 2 25 10 16 2 124 40 1
2208 2050 2243 2340 2121 971 2333 2322 2329 2330 2335 2237 2270 2303
50 214 99 1 465 538 5 12 3 18 14 115 122 117
2336 2050 2243 2330 2405 2121 971 2415 2420 2386 2419 2388 2398 2409 2393 2394 2237 2270 2303
169 114 64 100 8 372 774 3 5 18 3 12 16 2 10 23 154 92 92
2336 2432 2050 2243 2405 2433 2121 971 2434 2435 2421 2423 2393 2330 2431 2237 2270 2303
208 2 83 35 137 8 510 764 1 2 3 15 6 9 7 81 26 178
2336 2496 2243 2405 2438 2121 971 2493 2491 2452 2486 2489 2490 2495 2492 2237 2270 2303
93 7 26 94 54 831 513 8 3 16 5 15 57 4 13 80 35 262
2336 2554 2533 2405 2535 2121 971 2509 2541 2544 2550 2553 2490 2555 2237 2303
55 2 6 95 7 569 690 36 7 4 3 5 42 1 84 234
2592 2603 2563 2533 2121 971 2604 2541 2601 2490 2303 2237 2405
5 2 82 78 501 611 3 26 1 145 174 364 193
2657 2658 2563 2533 2662 2405 2121 2634 971 2631 2490 2620 2237 2303
4 2 51 166 4 276 652 7 577 2 271 19 317 153
2533 2714 2405 2121 971 2707 2708 2710 2712 2490 2715 2716 2237 2718 2303
84 2 180 874 629 8 2 1 3 261 1 2 125 1 301
2752 2753 2533 2746 2405 2760 2121 971 2764 2765 2490 2237 2303
29 13 12 21 194 8 894 415 2 1 257 150 106
2752 2405 2121 971 2796 2802 2774 2775 2746 2779 2237 2490 2303
251 465 676 912 5 3 72 16 15 3 98 45 11
2752 2405 2121 971 2832 2838 2839 2490 2237
293 402 753 818 42 1 2 73 77
2752 2864 2874 2852 2405 2121 971 2861 2832 2870 2840 2873 2490 2237
451 16 2 112 582 629 1167 33 346 1 22 9 31 127
2752 2852 2405 2918 2121 971 2927 2832 2929 2935 2840 2938 2940 2237
111 3 914 8 786 1038 11 111 7 12 93 1 4 176
2752 2987 2405 2918 2983 2121 971 2832 3000 2996 2985 2840 3001 2237
112 2 1215 9 17 654 1327 112 2 2 9 176 1 19
2752 2832 2405 2918 2121 971 3021 2992 2840 3036 3037 3038 3013
152 152 1207 34 641 1359 1 4 417 1 4 8 7
2752 3072 3075 2405 2121 3082 971 3084 2832 2992 3083 3081 2840 3040 3013
208 28 5 1191 601 8 1399 3 208 17 1 11 708 32 193
3072 2752 3138 3163 2405 3142 2121 971 3132 2832 3153 3164 3145 2840 3131 3100 3165 3102 3013
181 159 8 1 945 29 896 1104 5 159 3 1 11 860 42 30 2 58 314
3072 2752 3147 2405 2121 3178 971 3182 2832 3186 3155 3188 3190 2840 3161 3013
181 388 114 1096 516 50 1484 45 388 45 6 9 3 1065 6 512
3072 2752 3147 3219 2405 3201 2121 3178 971 2832 3218 3155 2840 3013
256 355 148 1 788 14 857 24 1143 355 39 41 788 328
2752 3072 3269 3147 3268 2405 3201 2121 971 2832 3155 3253 3255 2840 3225 3248 3261 3013
614 286 1 110 1 440 27 946 1054 614 165 23 10 440 40 4 5 286
2752 3072 3298 3147 3299 2405 3201 3304 2121 971 3296 2832 3155 3253 3305 2840 3225 3297 3303 3013
941 513 2 194 10 246 172 1 813 1187 25 941 25 25 1 246 165 18 9 52
3072 3201 2832 2840 3225 3375 3376 3378 3381 3382 3383 2752 971 3013 2121 3147 3296 3297 3299 2405 3315 3325
307 5 992 517 208 1 14 5 6 1 2 992 1509 126 491 391 324 324 42 517 26 15
2752 3072 3426 971 2405 3297 2121 3147 3296 2832 3013 2840 3225 3386 3421 3424 3423
1162 153 2 1629 467 606 371 442 606 1162 25 467 32 76 38 2 3
3072 2752 3147 3492 2405 3297 2121 971 3296 2832 3441 3474 3465 2840 3482 3483 3013
343 849 472 7 500 427 651 1349 427 849 202 11 1 500 11 9 28
2752 3296 971 2405 3072 3297 2121 3147 2832 3441 3538 3543 2840 3545 3546 3547 3548 3495 3013
525 311 1235 710 349 311 765 645 525 85 2 9 710 4 6 1 2 4 65
3072 2752 971 3595 2405 3297 2121 3147 3296 3599 2832 3602 3584 3607 2840 3611 3548 3613 3013
419 478 1072 8 594 478 928 529 478 16 478 28 6 4 594 1 43 1 65
2752 3296 3147 2405 3072 3297 2121 3658 971 3630 2832 3633 3649 3638 2840 3642 3548 3013
347 347 447 468 615 347 1185 7 815 23 347 1 2 36 468 32 8 21
2752 3296 3147 3716 3686 3072 3297 2121 3718 971 3719 3630 2832 3638 3703 2840 3674 3713 2405
680 680 154 1 33 390 680 1166 1 834 1 7 680 68 20 154 2 2 154
2752 3296 3778 3147 2405 3072 3297 2121 971 3759 2832 3638 2840 3770 3775 3776 3774 3777
721 721 3 53 53 258 721 1226 774 14 721 118 53 33 1 4 9 2
3072 3843 3845 3849 3850 3852 2832 2840 3770 2752 971 3783 2121 3147 3799 3296 3297 2405 3819 3829 3830 3833 3837
93 12 13 6 5 5 575 47 28 575 622 9 1378 47 33 575 575 47 9 16 8 4 6
2752 3296 3147 2405 3072 3297 2121 971 3783 3855 2832 3896 3902 3893 3894 3895 2840 3901 3870
543 543 27 27 75 543 1430 570 27 20 543 7 1 4 2 19 27 6 55
2752 3296 3147 2405 3072 3297 2121 971 3949 3783 3917 2832 3960 3955 3950 2840 3953 3870 3935
459 459 62 62 45 459 1479 521 29 62 9 459 2 3 3 62 5 177 17
2752 3296 4007 4003 4004 4006 3297 4008 2121 971 3949 3950 2832 3953 3955 3998 3870
199 199 3 6 8 2 199 4 1801 199 35 143 199 29 70 7 318
2752 3296 4066 4065 4032 3297 2121 971 4044 3949 3950 2832 3955 4058 4062 4056 4026 4060 4029 3870 4063
247 247 1 2 9 247 1753 247 1 84 104 247 61 1 1 10 87 2 37 390 4
2752 3296 4075 4065 3297 2121 971 4044 3949 3950 4093 2832 3955 4094 4026 4092 4090 3870 4095
344 344 78 13 344 1656 344 11 82 51 1 344 261 1 6 2 33 294 1
4160 4101 4102 2832 3870 4133 4147 4148 4153 4154 4159 2752 4162 4065 2121 971 4044 3296 3297 4075 3949 3955
1 3 56 330 741 72 13 1 5 32 10 330 1 22 1670 330 38 330 330 448 83 95
2752 3296 971 4133 4102 3297 4193 2121 4075 4044 3949 4207 2832 4212 4181 4214 4215 4154 3870 4197
402 402 402 45 3 402 10 1598 756 104 194 6 402 3 21 2 2 45 1082 15
2752 3296 4258 4075 3297 2121 971 4044 3949 4237 2832 4235 4181 4246 4249 4252 4253 3870
442 442 1 715 442 1558 442 73 322 26 442 71 30 1 2 9 14 1352
2752 3296 971 4283 4044 3297 2121 4075 4288 4237 4300 3949 2832 4235 4181 4265 4297 4295 4263 3870
247 247 247 9 10 247 1753 565 15 228 2 186 247 47 32 16 8 21 43 1238
2752 3296 971 3949 4263 3297 2121 4075 4300 4237 4303 2832 4335 4235 4344 4345 4346 4347 4348 4317 3870
59 59 59 59 60 59 1941 498 28 270 95 59 2 11 14 9 4 13 1 9 1197
2752 3296 4386 971 3949 4357 4358 3297 2121 4075 4374 4237 4368 4303 2832 4263 4379 4317 3870 4385
98 98 1 98 98 100 108 98 1902 589 2 171 1 92 98 104 6 76 1004 10
2752 3296 4075 4422 4357 4358 3297 2121 971 3949 4237 2832 4433 4434 4405 4415 4431 4263 3870 4385
114 114 336 5 148 72 114 1886 114 114 228 114 3 1 66 15 6 143 856 27
2752 3296 4450 971 4357 3297 2121 4075 4428 4237 3949 2832 4449 4451 4436 4444 4441 4427 4442 4263 3870
91 91 2 91 39 91 1909 262 22 140 91 91 1 1 11 1 22 23 12 69 1103
2752 3296 971 4485 4263 2121 4075 4460 4237 4495 3949 2832 4497 4436 4471 4493 4441 3297 3870
28 28 28 70 165 1972 83 28 327 4 28 28 1 34 3 4 4 28 1385
4518 4263 2121 4523 4460 4237 4436 3870
2 447 2000 2 30 203 250 976
4568 4263 2121 4237 4557 4561 4436 4566 4567 4536 4564 4570 3870
1 437 2000 67 20 3 578 2 3 128 2 1 875
4609 4614 4263 2121 4621 4237 4627 4436 4606 4631 4536 4633 3870
69 10 396 2000 6 110 4 519 17 4 175 1 954
