38 42 45 51 20 24 52 29
4 8 17 3 1 16 1 1
59 95 45 118 53
14 86 52 1 61
162 164 135 168 169 45 145 53 158 95
5 7 45 2 1 263 7 23 9 98
164 197 135 200 199 45 206 207 177 178 53 95
4 61 42 4 22 110 5 1 73 6 30 97
197 233 45 206 239 245 53
287 73 160 86 80 2 4
290 283 197 295 296 233 298 45 206 269 276 279 239 297 286
4 7 229 10 4 16 1 157 64 38 19 2 59 1 1
352 353 197 361 362 363 45 303 276 348
1 11 21 4 13 3 15 33 12 30
386 389 362 412 414 415
66 23 43 3 1 2
386 389 456 465 466 468 442 453
81 42 3 2 1 1 13 15
386 515 518 519 536 499 529 533 504 537 442 538
57 8 11 16 2 10 1 1 7 2 31 3
386 580 581 550 519 586 599 589 557 560 529 596 598 567 442 604 602
35 17 19 35 43 38 6 34 17 2 102 29 5 11 2 2 3
643 580 581 550 519 586 651 652 621 646 653 529 627 632 644 650
2 92 123 40 11 17 1 1 22 7 1 52 44 26 8 3
708 709 550 682 710 580 586 581
4 15 67 17 2 46 65 4
580 550 716 717 718 722 726 729
279 146 10 2 8 8 7 4
772 773 550 716 774 755 580 767
1 2 28 3 1 14 303 27
832 803 580 810 814 821 823 824 767
2 3 138 9 11 3 10 6 37
834 580 872 875 814 879 880 851 884 885 824 767
59 305 18 2 78 22 4 26 1 1 27 139
896 834 895 580 872 874 876 814 851 889 883 894 767
1 342 1 504 97 22 2 211 79 6 20 2 105
929 834 580 872 874 876 930 814 851 942 950 932 915 767
5 405 546 82 170 33 106 19 74 1 3 23 85 238
960 930 580 967 872 969 874 971 876 834 968 915 932 851 970 767
4 183 560 5 183 2 316 5 12 156 3 166 125 12 1 435
960 930 580 872 874 1003 834 915 932 988 767
17 100 406 122 183 51 40 77 212 23 306
1025 930 580 872 874 1003 1006 1007 1009 915 1017 932 1021 767
2 36 413 75 42 41 8 18 7 39 1 168 2 207
1057 930 1003 580 1063 872 874 1035 1036 1058 1007 1048 932 1039 767
3 158 91 102 1 47 158 35 17 4 79 22 33 3 33
1056 1057 930 932 1063 1064 874 1003 1058 1070 1073 1048 580 1052 1054 767
5 12 63 98 3 8 63 141 3 8 2 1 103 64 18 98
1088 930 1099 580 1094 1065 874 1003 1101 1102 1075 932 1052 1098 767
1 64 5 85 11 82 64 255 3 1 37 85 55 8 85
930 1099 580 1125 1128 1065 874 1003 1132 1122 1116 1106 932 1115 1052 1130 767
209 65 176 16 1 69 209 288 9 14 39 39 176 101 34 2 176
1122 1003 932 1125 1065 874 1099 1132 930 1167 1180 1171 1182 1175 580 1115 1116 1183 767
28 231 198 69 100 156 100 58 156 5 2 12 1 17 198 229 52 7 198
930 1099 580 1191 1065 874 1003 1132 1198 1167 1227 1236 1237 1238 1239 932 1115 1116 767
158 25 462 53 25 158 140 112 9 47 2 1 2 2 1 462 409 56 462
1249 930 1099 580 1285 1286 1191 1065 874 1003 1132 1301 1292 1272 932 1115 1116 1302 767
3 109 3 581 19 34 28 3 109 168 169 2 3 6 581 499 62 2 581
930 580 1317 1286 1316 1320 874 1003 1132 1333 1285 1336 932 1115 1116 767
203 331 40 91 12 2 203 68 403 6 20 5 331 581 39 331
1376 930 580 1317 1286 1384 1353 1386 1003 1132 1389 1393 1366 1369 932 1115 1116 874 767
7 225 480 4 78 2 66 3 14 392 2 2 65 28 480 544 153 225 480
1441 930 1443 580 1445 1447 1353 874 1003 1132 1435 1366 1433 932 1115 1116 1386 767
3 269 13 507 18 6 18 269 5 290 10 33 57 507 406 23 26 507
930 1499 580 874 1003 1132 1486 1487 1491 1366 932 1498 1115 1116 1386 1502 767
285 2 488 285 19 297 2 22 12 10 488 5 502 112 87 3 488
1552 1557 1561 1569 930 1571 1572 1574 1575 1576 580 1570 1487 1491 932 1115 1116 1386 1003 1132 1525 874 767
8 25 13 3 161 4 3 2 1 2 472 1 111 28 472 476 66 68 32 415 50 161 472
1532 930 580 1548 1386 1527 1132 1565 1487 1491 1561 1560 932 1115 1116 874 1564 767
3 325 436 4 296 8 321 1 41 60 4 1 436 321 24 325 4 436
1570 932 1606 1574 1386 1132 930 1487 1604 1491 1602 580 1115 767 874 1567
77 516 3 93 442 619 79 40 4 110 2 516 619 516 79 122
930 580 1386 1132 1613 1614 1491 1567 932 1115 874 767
26 279 230 1232 59 1 195 10 279 1232 26 279
1651 580 1649 1641 1386 1132 1613 1615 1648 1617 1650 1491 932 1115 1628 767
1 295 3 6 283 1231 50 69 4 9 2 16 295 1231 99 295
1697 1692 580 1701 1703 1704 1628 1386 1132 1613 1615 932 1706 1115 1695 1693 767
1 6 443 6 1 1 115 443 1238 14 25 443 1 1238 9 12 443
1698 580 1740 1386 1719 1132 1613 1695 1615 1744 1749 1747 1742 1721 932 1115 1628 1727 767
7 280 4 280 23 1130 34 26 29 11 2 4 4 27 280 1130 38 2 280
1794 1787 580 1800 1804 1386 1132 1807 1810 1721 932 1115 1628 767
2 5 343 4 10 343 1000 1 2 69 343 1000 82 343
1787 932 1386 1132 580 1873 1874 1811 1845 1878 1847 1721 1115 1628 767
96 333 333 1280 333 3 3 96 62 1 22 248 1280 80 333
1923 1935 1811 1942 1947 1949 1950 1951 1952 1953 932 1845 1847 1721 580 1880 1115 1628 1386 1132 1787 1918 767
28 24 29 15 11 1 1 1 1 1 587 29 24 334 587 12 1167 24 587 1167 27 6 587
1923 1132 1811 1942 1988 1947 932 1845 1721 1979 580 1995 1996 2002 2005 2008 1115 2018 2021 2022 2024 1386 2027 2028 2026 767
15 1259 104 44 4 3 583 104 424 11 583 11 1 1 3 13 1259 20 2 8 2 583 3 2 1 583
2067 580 2021 2028 1386 1132 2038 1811 2068 1845 1942 1721 932 2070 1115 2053 767
11 463 19 11 463 1394 85 138 1 138 82 456 463 1 1394 43 463
2067 2075 932 2038 1386 1132 580 1811 2068 1845 1942 2071 1721 1115 2076 767
10 1 552 29 552 1203 552 248 6 248 263 1 533 1203 2 552
2078 2049 2067 932 2070 1386 1132 580 1811 1845 1942 2073 2072 1721 1115 2076 2052 767
2 24 8 646 13 646 1034 646 442 442 290 3 10 440 1034 1 123 646
2116 2049 932 2117 2128 1386 1132 2126 580 2129 1811 1845 1942 1721 1115 2052 767
24 59 392 13 4 392 945 4 392 1 153 153 171 733 945 58 392
2176 2049 2180 2171 580 2188 1386 2155 1132 2190 2191 2192 1811 1845 1942 1721 2185 932 1115 2052 767
25 18 7 27 349 20 349 241 874 3 1 1 234 234 253 622 3 349 874 78 349
2049 1115 932 1386 2155 1132 580 2225 1811 1845 1942 1721 2224 2171 2052 767
23 737 500 500 148 737 500 1 292 292 5 422 6 115 109 500
2283 2052 2284 1811 932 1845 2233 2235 580 2247 2252 2262 1721 1115 2276 1386 2155 1132 2286 2287 2171 2282 767
3 307 1 202 670 202 1 82 670 6 108 8 257 459 1 670 115 459 4 1 18 2 670
2052 1811 932 1845 1721 2235 580 2252 2256 2265 1115 2273 2274 2275 2278 2279 1386 2155 1132 2286 2287 2288 2289 767
86 166 211 166 210 89 211 65 5 4 376 8 31 6 1 8 211 253 376 4 4 1 1 211
2306 2052 2315 1811 2324 2326 2328 2332 2338 2339 932 2341 2342 2343 1845 1721 2235 580 2256 1115 2274 1386 2155 1132 767
10 101 3 12 18 27 2 2 7 4 257 1 1 1 12 125 156 257 102 137 53 257 752 137 257
2052 932 2346 1721 2235 580 2373 2376 2384 2393 1115 2397 2398 2399 2256 2274 2404 2405 2406 1386 2155 1132 767
2 113 42 394 111 113 13 15 4 2 394 18 3 1 165 12 1 2 1 113 845 394 113
2274 2373 2440 2409 2155 1132 2446 2256 2451 2453 2454 2456 1721 2444 1115
17 144 33 49 748 303 7 90 1 1 1 2 303 9 303
2505 2373 2502 2472 2444 2155 1132 2477 2504 2409 1721 1115 2494 2501
1 199 6 64 48 375 165 45 5 43 165 165 1 1
2562 2563 2373 2566 2567 2472 1132 2570 2155 2444 2477 2568 2569 1721 1115 2558
7 6 12 4 15 113 318 2 186 186 68 4 2 318 318 1
2628 2617 2630 2567 2472 2636 2634 2155 1132 2477 2599 2609 2613 2615 2632 1721 2444 1115
1 8 3 116 341 6 5 6 684 116 43 71 19 3 5 684 64 684
2567 2472 2444 2599 1132 2477 2609 2674 2675 2677 2646 2679 2680 1721 1115 2653
63 290 94 7 607 63 185 4 11 2 8 1 3 607 607 26
2567 2472 1132 2728 2444 2477 2609 2674 1721 1115 2653
4 653 629 34 40 4 94 4 629 629 4
2737 2472 2728 1132 2765 2609 2770 2771 2772 2773 2745 1721 2769 1115
21 677 46 816 6 45 10 1 2 1 22 816 1 816
2820 2821 2609 2472 2796 2728 1132 2737 2806 2745 1721 1115 2833 2815
10 1 86 893 40 66 821 89 13 80 821 821 1 27
2737 2880 2875 2796 2609 2472 2857 1132 2864 2865 2866 2836 2869 2806 2871 1721 2842 1115 2878 2879
56 1 9 17 190 679 3 832 1 18 5 23 14 25 3 832 125 832 1 1
2875 2916 2917 2918 2737 2472 2921 2891 1132 2865 2919 2836 2609 2806 1721 2842 1115 2869
14 1 6 18 67 714 10 10 1019 39 4 15 174 94 1019 68 1019 14
2980 2981 2982 2609 2472 2983 1132 2925 2865 2869 1721 2970 1115 2972 2842
3 10 1 198 977 1 589 18 330 6 589 10 589 22 30
3040 3042 3043 3046 2609 2472 1132 2925 3023 2865 3016 3033 3032 1721 2842 1115
10 13 6 2 251 710 966 26 55 422 10 32 9 966 26 966
3073 3075 2865 3016 3079 1132 3099 2472 3091 3061 3097 1721 3098 1115 3068 2609 3093
12 68 448 37 18 593 1 1033 7 24 1 593 3 593 5 65 2
3108 3121 2865 2472 1132 3117 3120 2609 3123 1721 1115
5 3 167 596 1082 23 5 163 2 1082 1082
3169 3170 3171 3108 2609 2472 3148 1132 2865 3126 1721 1115 3164 3167
1 1 1 17 223 600 12 1348 29 32 1348 1348 13 9
3201 3108 3205 3206 2865 2472 3180 3207 1132 3183 2609 3188 3209 1721 1115 3167
2 22 2 2 22 702 17 3 1293 22 221 22 1 1293 1293 93
3234 3235 3108 3206 2865 2472 3180 3242 3243 1132 3183 2609 3244 3240 1721 1115 3167
10 4 155 75 155 643 47 4 4 1357 155 464 2 1 1357 1357 38
3269 3108 3270 3206 2609 2472 3244 3242 3271 1132 3247 3183 2865 3257 1721 1115 3262 3167
1 422 3 35 716 878 122 38 6 1122 35 422 422 147 1122 1122 24 21
1115 3108 2865 2472 3244 3247 2609 3257 3262 3271 3279 3282 1721 3291 3167 3296 3302 3304 3306 3307 1132 3183
1534 153 153 466 25 118 1295 56 68 62 37 49 1534 35 1 1 1 3 1 4 1534 153
3332 3291 3108 3334 2865 2472 3244 3339 1132 3183 2609 3282 3331 1721 1115 3325 3326
2 40 179 4 179 258 33 3 1742 179 1604 40 20 1742 1742 11 27
3392 3394 3291 3108 2865 2472 3396 3370 1132 3183 3376 2609 3282 3347 3385 1721 1115 3331
3 2 124 146 146 241 1 10 1759 146 12 1700 124 52 7 1759 1759 48
3456 3458 3331 3347 3419 3439 1115 3108 2609 2472 2865 1721 3406 3282 3416 3291 3423 3427 3430 1132 3183 3442 3452 3455
18 50 77 37 20 14 1714 113 1608 286 113 1714 72 305 29 305 85 9 117 1714 113 34 4 1
3458 3331 3463 3467 3347 1115 3487 3488 3291 3108 3493 3494 2865 2472 2609 1721 3406 3282 3419 3423 3430 1132 3183
38 23 39 28 32 1804 5 2 330 23 3 3 23 196 1603 1804 86 330 108 113 173 1804 23
3458 3419 3430 3463 2472 3551 3467 1132 2609 3282 3550 3291 3423 1721 1115 3549 3547 3519
45 128 600 4 600 2 31 1400 1279 153 1 153 25 1400 1400 1 11 68
3458 3291 3430 3559 2472 3580 1132 2609 3282 3571 1721 3578 1115 3419 3581 3423 3519
88 215 430 1 430 1 1570 1247 215 1 1570 14 1570 175 1 40 82
3458 3523 3430 3537 2472 3561 1132 3565 3567 3568 2609 3282 3569 3291 1721 3419 1115 3546 3519
90 78 253 16 253 6 1747 2 1 5 1418 268 1 268 1747 268 1747 12 46
3585 3458 3523 3430 3537 2472 3561 3575 1132 3570 2609 3282 3587 3291 3583 1721 3419 1115 3580 3586 3519
9 69 35 207 23 207 72 7 1793 7 1473 88 3 88 4 1793 88 1793 9 1 62
3458 3419 3430 3537 2472 3561 3626 3627 1132 3628 2609 3282 3523 3291 3625 1721 1115 3612 3519
155 102 268 121 268 199 2 1 1732 1 1518 102 245 102 2 1732 1732 14 142
3523 3430 2472 3561 1132 3695 3696 2609 3688 3639 1721 1115 3678 3519
456 461 461 324 1539 3 2 1333 13 18 1539 1539 5 52
3523 3430 3729 2472 3561 1132 3727 2609 3730 3731 3732 3733 1721 1115 3709 3711
170 170 7 170 130 1830 4 1649 3 5 2 1 1830 1830 2 13
3776 3777 3523 3780 3430 2472 1132 3759 2609 3779 1721 1115 3772 3711
10 3 226 1 226 226 1774 15 1699 1 1774 1774 3 34
3803 3523 3812 3430 3835 2472 1132 3810 2609 3829 3833 1721 3802 1115 3838 3839
24 104 6 104 7 104 1896 4 1771 5 13 1896 50 1896 4 2
3872 3523 3876 3430 2472 1132 2609 3859 3829 3862 1721 3802 1115 3868 3869
2 116 1 116 116 1884 1754 24 16 15 1884 37 1884 11 16
3904 3936 3938 3939 3430 3937 2472 3931 1132 3929 2609 3523 3892 3926 3927 3928 1721 3802 1115 3933
66 1 3 2 59 1 59 5 1941 7 1751 59 44 6 6 7 1941 120 1941 5
2609 1132 3953 3928 1721 3802 1115 3966 3967
1899 2000 12 10 2000 101 2000 6 5
4001 3972 3974 4004 1132 2609 3986 3989 3993 1721 1115 3966 3967
1 62 41 1 2000 2000 74 17 5 2000 2000 45 45
3972 4038 3974 4049 1132 2609 4024 4054 4025 4056 1721 4058 1115 4051
63 43 63 4 2000 2000 121 1 23 3 2000 4 2000 14
4067 3972 4038 3974 4071 4072 4073 4074 1132 2609 4055 4024 1721 1115
20 79 322 79 2 1 1 1 2000 2000 6 72 2000 2000
4100 3974 4038 4139 1132 4109 4110 4141 2609 4151 4152 1721 3972 1115 4126 4132
10 40 183 17 2000 27 2 6 2000 2 1 2000 40 2000 28 17
3972 3974 4109 4038 4139 2609 1721 4159 4166 4175 1115 4195 4197 4202 1132 4206 4208 4209 4211 4213 4214 4215 4216
15 15 74 154 174 2000 2000 51 86 34 2000 9 11 10 2000 6 5 2 9 3 4 6 3
4258 3972 4230 3974 4263 4202 4139 1132 4109 4240 2609 4245 4246 4247 4038 1721 4248 1115 4262
1 75 24 75 2 75 169 2000 85 3 2000 41 22 9 24 2000 3 2000 3
4291 3972 3974 4305 4300 4202 4139 1132 4109 4270 4240 2609 4306 4299 4267 4310 4248 1721 1115 4295 4309
32 40 40 4 19 40 259 2000 262 2 9 2000 2 13 9 4 65 2000 2000 1 2
4347 4328 4139 1132 4109 4351 2609 4248 1721 1115 4348 4344 4350 4319
5 10 163 2000 148 2 2000 90 2000 2000 6 13 8 71
4385 4418 4139 4421 4422 4395 1132 4109 4368 2609 4419 4372 4248 1721 4378 1115 4348 4413 4376 4319
42 5 57 1 3 9 2000 215 7 2000 6 34 50 2000 123 2000 26 4 5 133
4385 4453 4248 4428 4139 1132 4109 2609 4434 4372 4376 1721 4378 1115 4319
1 6 52 95 52 2000 97 2000 35 155 127 2000 112 2000 112
