19 28 37 38 39
133 32 14 1 3
65 98 99 19 52 55 56 28
11 13 1 361 30 4 11 84
65 129 138 135 143 144 145 146 19 52 28
75 16 2 6 8 2 1 1 406 9 56
65 147 129 201 170 204 173 143 176 19 28 202 190
15 21 3 4 95 2 6 32 10 441 75 1 5
129 227 220 143 240 19 244 245 248 249 28 222
31 4 1 99 54 749 12 4 1 1 173 8
129 272 143 240 19 244 283 28 285 286
15 33 122 23 1142 33 1 122 2 1
19 327 330 331 332 143 339 340 342 313 344 345 346 28
1068 9 1 2 2 34 13 20 3 1 1 3 2 34
386 387 388 389 327 19 340 346 348 378
1 2 1 1 151 1256 17 58 14 5
346 19 391 430 327
99 1306 51 4 150
474 327 391 460 467 434 19 470 471 346 445 478
3 11 3 78 5 2 1451 11 13 137 17 3
19 516 534 327 524 460 526 527 531 532 533 470 535 346 510
1320 2 3 39 4 210 4 2 6 3 5 14 1 312 4
19 327 567 460 531 564 565 566 535 346
1323 47 1 460 46 2 1 1 5 469
19 620 610 327 617 619 460 622 623 624 531 600 346 604 606
976 2 12 204 2 2 373 7 1 2 39 2 373 2 2
19 641 666 327 651 460 654 669 531 346 668 637 671
805 31 16 338 1 441 44 16 115 441 2 7 2
704 641 740 709 327 712 714 460 669 720 531 19 728 698 346 734 741
42 55 6 5 300 80 45 249 64 5 1 1043 4 32 249 15 1
641 327 712 778 460 781 19 346 714
27 210 27 73 257 1 706 257 67
641 327 778 460 781 782 19 346 714
21 179 50 428 2 2 958 428 114
804 327 778 460 19 821 822 346 795 714
99 150 55 367 595 21 2 367 18 95
867 804 869 870 327 778 871 460 858 19 346 828 714 863
1 5 15 7 386 233 1 225 6 421 225 54 153 10
898 804 869 327 778 907 460 909 906 19 346 892 714
5 20 128 621 496 3 82 4 2 183 82 7 125
932 933 327 940 714 460 906 943 947 19 948 346 923 778 869
3 13 765 3 282 272 24 9 7 569 5 272 18 483 88
869 327 968 778 460 977 19 346 714 933
122 597 2 538 570 2 879 570 59 106
933 327 940 778 460 954 19 952 953 346 714 869
147 540 93 492 624 1 916 7 1 624 48 25
933 327 1000 940 714 460 1004 1005 972 19 1001 346 778 869
18 458 51 164 130 697 4 3 50 991 6 697 328 16
869 327 1000 940 778 460 1007 1008 1009 1010 19 346 933
7 333 94 275 333 776 7 2 1 1 1157 776 58
1051 1052 1029 327 1000 1033 778 940 460 1038 1008 19 1013 1046 1049 346 1019 1045 1050 869
1 2 52 527 8 55 527 44 958 38 5 1087 41 3 1 958 50 1 1 127
1029 778 19 1065 940 1072 1074 1077 1086 327 460 1101 1102 1103 1107 1108 1109 346 1115 1116 869 1013 1019
122 673 1151 101 6 35 7 32 8 673 1145 5 2 9 1 2 3 1145 3 1 32 26 76
1129 1029 327 1065 778 460 1103 1072 19 1013 1143 1145 346 1148 1149 1109
5 15 838 15 838 1004 12 223 1004 17 16 3 1004 2 2 38
1200 1187 1188 327 778 1195 460 1199 1072 19 1206 1143 346 1180
9 12 8 865 865 12 857 4 519 857 9 88 857 16
1218 1187 1253 327 778 1195 460 1262 1072 1266 19 1259 1143 346 1180 1258 1255
47 96 18 510 510 4 874 1 187 2 874 5 101 874 28 1 5
1296 1218 1187 1285 327 778 1314 460 1293 1072 1313 1298 19 1300 1143 346 1308 1309
9 72 46 9 562 562 1 1130 32 175 2 2 1130 14 209 1130 9 4
1386 1392 1218 327 778 1383 460 1293 1072 1393 1298 19 1396 1143 346 1370
1 3 74 414 414 6 1456 29 251 2 74 1456 1 162 1456 33
1408 1440 1218 327 778 1431 460 1410 1423 1072 1441 1298 19 1143 346 1435 1436 1370 1406
22 4 157 468 468 12 1529 4 35 377 1 157 1529 27 1529 5 1 113 57
1408 778 1423 1298 19 1431 346 1453 1072 1463 1370 1218 327 1480 1483 460 1490 1493 1498 1499 1501 1406
14 557 95 239 1443 8 1443 50 518 17 135 239 557 23 36 1443 59 8 5 8 3 117
1536 1544 1545 778 1547 1548 1423 1298 19 1370 1453 1072 1546 1218 327 1480 1483 460 1490 346 1506 1517 1520 1525 1527 1406 1534
6 8 7 480 2 2 245 84 1520 119 109 478 1 84 480 16 58 1520 67 1520 9 53 43 76 8 251 4
1218 327 1545 778 1483 460 1517 1423 1072 1585 1298 19 1525 1587 1453 346 1490 1564 1370 1406
88 653 145 653 319 1347 49 73 653 9 88 1347 152 1 55 1347 7 29 242 283
1545 778 1453 1298 19 1564 1370 1576 1581 1072 1587 1593 1595 1596 1597 1598 1218 327 1483 460 346 1423 1525 1406
88 1084 85 65 916 26 119 19 3 1084 1 3 2 1 2 1 65 1084 277 916 916 39 37 190
1632 1601 327 1545 778 1483 460 1453 1423 1072 1649 19 1622 1639 346 1370 1406 1648
20 60 1051 13 1051 182 949 5 247 1051 1 949 17 2 949 13 193 1
1632 1601 1635 1637 327 778 1483 460 1678 1423 1072 1682 19 1684 1622 1687 1652 346 1691 1406
177 45 10 71 1390 1390 94 610 3 72 1390 27 610 7 71 5 18 610 5 297
1632 1712 327 1705 778 1483 460 1072 1713 1714 19 1684 346 1693 1406
445 6 1612 36 1612 77 388 1612 1 3 388 138 388 12 133
1632 1729 327 1740 778 1483 460 1741 1743 1072 19 1684 1737 346 1406
403 17 1550 8 1550 23 450 3 1 1550 450 48 6 450 257
1632 1776 1741 1729 327 1768 1769 778 460 1773 1757 1072 1778 19 1684 346 1770 1406
625 2 10 4 1568 24 8 1568 432 18 67 1568 3 432 27 432 34 210
1632 1793 327 1769 778 460 1805 1072 1777 19 1684 1814 1816 346 1819 1757 1406
753 58 1677 11 1677 323 1 1677 5 323 98 5 1 323 1 117 264
1632 1793 1829 327 1868 778 1867 460 1072 1873 19 1684 1406 1847 346 1851 1757 1822
844 12 9 1931 14 1931 1 69 1931 3 69 152 32 129 69 5 6 13
1632 1891 1829 327 778 460 1902 1072 19 1684 1909 1847 346 1907 1914 1918
940 19 108 1624 1624 376 18 1624 376 17 10 121 376 8 9 5
1632 1984 1891 1829 327 778 1963 460 1072 19 1927 1909 1942 1847 1976 346 1979 1980
1038 2 56 294 1657 1657 7 343 1657 343 109 17 58 293 5 343 11 4
1927 778 19 1942 1829 1072 1847 1976 327 460 1998 1999 2009 346 2011 2013 1632 1891 2021 2024 2027 2032
102 1534 466 86 345 1534 328 51 1534 466 14 17 16 466 4 36 1129 26 6 5 2 1
1942 1927 778 19 2070 2071 2072 2074 2075 2076 2077 1829 1072 1847 1976 327 460 1999 346 1632 2042 2043
11 39 1826 174 4 5 3 2 1 1 1 325 1826 517 86 1826 174 29 174 1215 32 23
1632 2080 1829 327 778 1927 460 1072 19 1942 1847 2137 346 2043 2138
1393 8 682 1822 1822 156 178 1822 178 6 470 2 178 50 18
1632 2160 2210 2139 1829 2176 327 778 1927 460 1072 19 2197 2202 1847 346 2043 2186 2207
1409 113 1 40 605 5 1841 1841 159 159 1841 159 9 8 389 159 53 10 3
1632 2176 2178 2043 1829 327 2160 778 1927 460 2194 1072 2188 19 2196 2197 1847 2200 2201 346 2139
1362 81 49 61 301 1726 74 1726 162 274 14 1726 22 274 4 7 333 1 1 274 72
1632 2176 2043 1829 327 2160 778 1927 460 1072 19 2228 2229 1847 346 2139 2227 2231 2206
1404 33 70 278 1648 19 1648 133 352 1648 352 14 4 519 352 49 17 1 73
1632 2139 1829 327 778 1927 460 1072 19 2228 2230 1847 2232 2233 346 2043 2227 2206
1740 109 241 1810 1810 162 190 1810 190 109 4 778 3 1 190 178 33 63
1632 2043 1829 327 2284 778 1927 460 2285 2286 1072 2258 19 2228 2261 1847 346 2139
1776 113 126 1776 6 1776 126 224 1 3 1776 48 224 38 26 919 224 38
1927 778 19 2324 2325 2327 2328 2329 2330 2331 1829 1072 2228 1847 327 460 2258 2261 346 2139 1632 2296
482 1756 244 3 8 6 3 7 5 1 482 1756 49 499 1756 244 148 31 244 49 1756 15
1632 2379 1829 327 778 1927 460 2386 2382 2383 1072 2258 19 2228 2325 1847 2356 346 2139 2362 2261
1936 4 697 1936 1936 697 64 1 5 1 1936 200 64 62 101 761 20 64 62 18 15
2433 2435 1927 2440 778 19 2325 2458 2460 2461 1829 1072 2356 1847 2228 327 2379 460 2382 2258 346 2139 1632 2428 2453
18 1 776 1 1995 5 40 16 3 1 776 1995 129 612 19 1995 35 5 114 411 5 19 1995 27 15
1632 2528 1829 2519 1927 778 327 2508 2382 1072 2258 2529 2356 2478 2518 1847 2490 2525 2526
2000 2 622 6 622 2000 2000 24 23 2000 384 3 23 15 10 455 9 9 1
1632 2595 2613 1829 1927 2601 778 327 2508 2573 2542 2607 1072 2258 2611 2356 2382 2614 1847 2606 2604
2000 20 6 384 384 9 2000 2000 49 19 297 4 2000 223 17 96 96 1 878 11 34
1632 2595 2677 1829 327 778 1927 2508 2573 2542 2607 1072 2673 2258 2676 2606 2678 1847 2680 2674 2629
2000 92 2 287 2000 2000 287 27 14 395 145 2000 15 172 2 100 1 747 4 2 23
1927 778 2701 2711 2714 2715 2718 2720 2721 2722 2595 1829 2607 1072 1847 327 2508 2573 2258 1632 2542 2676
278 2000 2 30 10 1 2 3 1 1 55 278 274 2000 509 2000 69 14 240 2000 385 69
1632 2731 2791 1829 2758 327 2796 778 1927 2711 2542 2607 1072 2258 2595 2676 1847 2508 2794 2795
2000 41 1 402 23 2000 2 2000 402 8 778 165 2000 346 3 36 817 14 1 4
1632 2832 2731 2820 1829 2758 327 2824 778 1927 2834 2542 2607 1072 2833 2258 2835 1847 2826
2000 4 42 2 83 9 2000 6 2000 83 1 838 98 2000 1 366 1 838 28
1632 2832 2851 1829 327 2856 778 1927 2860 2542 2607 1072 2258 2869 1847 2843
2000 15 5 20 2000 20 2000 20 2 1149 103 2000 420 2 1149 34
1632 2832 2927 1829 327 2856 2928 778 1927 2930 2542 2607 1072 2929 2258 1847 2843 2911
2000 352 14 2 2000 131 3 2000 2 2 1034 401 2000 3 426 1034 37 32
1632 2832 2979 2982 327 2856 778 2987 2988 2542 2607 1072 2984 2258 2967 1847 2932 2938 2843 2986 2911
2000 224 18 12 2000 400 2000 1 1 1215 224 2000 5 161 8 1215 1 22 127 4 127
1632 2832 2982 327 2856 778 2967 3020 2542 2607 1072 2258 2998 1847 3032 2938 2843 3004 3034 2911
2000 254 26 2000 423 2000 4 3 1044 254 2000 279 64 1044 1 174 93 65 1 93
1632 2832 3088 327 2856 3004 778 2542 2607 1072 2258 3092 1847 3065 2938 3087 3068 3082
2000 85 7 2000 333 14 2000 1479 85 2000 103 2 1479 22 85 4 18 3
1632 3104 3141 327 2856 3113 778 2542 1072 3144 2258 3145 1847 3146
2000 27 2 2000 186 86 2000 1657 2000 2 157 1 1657 3
1632 3104 3203 3204 327 2856 3113 778 3191 2542 1072 3185 2258 3200 1847 3159 3199
2000 20 5 1 2000 121 185 2000 26 1783 2000 18 96 2 1783 4 6
1632 3232 3234 3259 327 2856 3113 778 3243 2542 1072 3249 3251 1847 3258 3191
2000 15 41 1 2000 70 228 2000 8 1930 2000 13 2 1930 3 23
1632 3296 3234 3299 3300 327 3113 778 3287 2542 3311 1072 1847 3290 3305 3294
2000 2 23 18 3 2000 359 2000 39 2000 1 2000 2000 17 7 6
1632 3339 327 3368 3113 778 3287 3373 2542 3325 1072 1847 3352 3371 3338 3356 3370
2000 25 2000 8 365 2000 60 1 2000 13 2000 2000 41 1 13 16 6
1632 3394 3396 327 3113 778 3383 3372 2542 1072 3377 3399 3406 3374 1847 3401 3389 3287
2000 11 9 2000 326 2000 63 1 2000 2000 2 5 1 128 2000 4 17 128
1632 3383 3395 3398 327 3113 778 3287 3404 2542 1072 3374 1847
2000 86 14 7 2000 316 2000 116 1 2000 2000 116 2000
1632 3463 327 3113 778 3287 3374 3439 1072 3465 2542 3446 1847 3434 3454 3455
2000 2 2000 380 2000 485 485 26 2000 2 2000 40 2000 41 13 2
1632 3488 327 3113 778 3287 3500 2542 3439 1072 3506 3374 3446 1847 3516 3434 3454
2000 22 2000 583 2000 302 36 2000 65 2000 47 302 178 2000 5 40 29
778 3113 3500 3374 1072 3506 1847 3516 327 3530 3535 3541 3287 3549 1632 3555 3558 3560 3561 2542 3439 3446 3454
2000 998 54 361 2000 66 2000 25 2000 8 33 20 361 42 2000 6 1 4 1 2000 6 59 40
1632 3617 3618 3619 327 3113 778 3287 3605 2542 3535 1072 3374 1847 3581 3454 3583
2000 1 3 3 2000 1382 2000 320 57 2000 72 2000 320 2000 17 14 86
1632 327 3113 778 3287 3660 3629 2542 1072 3669 3374 3671 1847 3643 3454 3583
2000 2000 1537 2000 129 1 32 2000 2000 35 129 2 2000 8 14 115
1632 3682 3702 327 3113 778 3287 3693 2542 3701 1072 3698 3699 3700 3374 3671 1847 3583
2000 4 1 2000 1793 2000 2 10 2000 5 2000 3 8 6 2 12 2000 83
1632 3777 3771 3750 327 3113 778 2542 1072 3776 3779 3766 1847 3768 3712 3775 3772 3583
2000 1 1 40 2000 1687 2000 2000 2000 1 1 5 2000 23 12 4 4 153
1632 3812 3781 327 3113 778 2542 1072 3797 3798 1847 3806 3583
2000 1 20 2000 1908 2000 2000 2000 8 8 2000 10 115
1632 3840 3811 327 3816 3113 778 2542 1072 3829 3830 1847 3832 3833 3839 3841 3837 3583
2000 1 60 2000 2 2000 2000 2000 2000 32 7 2000 3 12 2 1 3 200
1632 3876 327 3113 778 3882 3881 2542 1072 3879 3862 1847 3865 3867 3869 3583
2000 10 2000 2000 2000 1 3 2000 2000 1 3 2000 6 8 3 151
1632 3876 327 3113 778 2542 1072 3924 3926 1847 3928
2000 149 2000 2000 2000 2000 2000 13 8 2000 1
1632 3972 3973 327 3976 3113 778 3975 3948 2542 1072 1847 3960 3876 3962 3964
2000 23 5 2000 6 2000 2000 2 13 2000 2000 2000 23 233 28 22
1632 4017 3876 327 4046 3113 778 3948 2542 4015 1072 3985 4050 4051 4021 1847 4025 3962 4041
2000 5 134 2000 6 2000 2000 56 2000 45 2000 75 9 1 38 2000 23 56 1
1632 4096 4098 3876 327 3113 778 2542 1072 3985 4082 4089 4046 1847 4025 4090 4097
2000 4 3 284 2000 2000 2000 2000 2000 8 11 1 2 2000 3 21 2
1632 4129 4130 3876 327 4160 3113 778 4151 4141 2542 1072 1847 4135 4090 4156 4158 4127
2000 11 14 236 2000 2 2000 2000 10 21 2000 2000 2000 11 147 1 1 37
1632 4224 4195 3876 327 3113 778 4167 4141 2542 4207 1072 1847 4090 4220 4218 4222 4223
2000 1 83 387 2000 2000 2000 30 37 2000 58 2000 2000 270 3 1 10 3
1632 4195 3876 327 3113 778 4167 4141 2542 4269 1072 4285 4274 4259 4278 1847 4090 4263 4286 4287
2000 123 458 2000 2000 2000 84 47 2000 5 2000 8 18 57 1 2000 328 23 4 1
1632 4336 4195 3876 327 4339 3113 778 4263 4300 4141 2542 1072 4337 4259 4308 4334 1847 4340 4090 4319
2000 13 142 446 2000 5 2000 2000 69 14 3 2000 2000 5 16 43 5 2000 1 498 11
1632 4195 3876 327 3113 778 4263 2542 1072 4339 4308 1847 4377 4090 4347 4380 4383
2000 120 536 2000 2000 2000 84 2000 2000 77 302 2000 11 262 67 11 1
1632 4416 4418 4195 3876 327 4420 3113 778 4263 2542 1072 4339 4308 4406 1847 4388 4090 4347 4383
2000 1 13 161 377 2000 10 2000 2000 220 2000 2000 118 239 61 2000 6 251 152 28
778 2542 4383 3876 4263 3113 1072 4467 4406 1847 327 4424 4308 4444 1632 4195 4457 4462 4464 4465 4339 4468 4469 4090 4347
2000 2000 140 437 119 2000 2000 6 40 2000 2000 46 165 29 2000 322 32 8 2 2 147 1 1 109 165
4482 4489 778 4499 4462 4504 4505 4506 4383 3876 3113 1072 4406 1847 327 4424 1632 4195 4457 2542 4339 4090 4476 4479
37 6 2000 3 44 3 2 1 177 261 2000 2000 89 2000 2000 122 2000 577 51 2000 92 92 1 25
4482 778 2542 4383 3876 4519 3113 1072 4406 1847 4548 4534 327 4424 4554 4558 4559 4560 1632 4195 4457 4462 4090
36 2000 2000 72 71 36 2000 2000 44 2000 7 41 2000 126 5 4 5 1 2000 643 13 342 126
4482 778 4462 4383 3876 4519 3113 1072 4406 1847 327 4424 4558 4090 1632 4195 4457 2542 4597 4599 4600 4602
43 2000 192 120 208 43 2000 2000 197 2000 2000 35 8 116 2000 753 38 2000 5 23 8 6
