32 33 36 37 39 40 11 18 23 31
3 10 3 5 1 1 9 8 4 12
32 84 86 88 89 63
45 2 1 8 1 14
96 160 145 84 151 152 154
76 2 19 21 13 7 4
194 198 199 206 175 145 210 84 216 212 218 219 188
17 33 15 4 1 1 2 58 4 6 1 1 31
194 227 260 261 198 236 258 259 84 219 254
81 22 1 2 20 27 5 5 83 16 44
194 259 198 305 264 295 236 296 306 275 84 309 310 311 312 313 254
213 31 31 14 54 10 105 38 9 32 41 3 3 3 4 1 116
352 194 326 296 362 236 366 367 368 264 84 309 342 254
37 130 45 36 3 41 2 5 1 94 9 44 5 436
352 194 264 236 366 401 309 414 409 411 296 254 415
10 80 159 103 6 12 378 1 6 11 2 378 4
264 236 366 424 435 436 309 438 439 440 411 254
22 172 157 7 1 2 579 2 2 1 80 177
475 236 366 309 471 474 411 476 254
11 184 184 645 7 4 61 1 27
517 519 523 236 525 366 495 529 500 309 527 477 254
8 2 6 95 7 95 37 1 91 751 2 16 34
550 236 525 366 500 309 534 567 571 572
61 150 73 150 185 705 7 2 2 3
579 617 236 525 366 621 624 626 627 500 309 601 622
12 3 301 101 301 2 2 1 2 138 617 14 1
675 678 683 236 525 366 688 691 500 309 666 669 670
10 2 17 599 36 599 2 2 438 726 13 5 12
752 747 715 745 683 236 525 366 751 749 754 707 500 309 755 670
1 16 4 3 203 388 14 388 4 2 3 2 474 869 1 111
801 805 806 807 808 809 810 683 236 749 366 500 309 791 670
6 4 2 2 7 1 1 87 180 6 180 723 948 77 162
236 683 844 366 815 849 851 500 309 791 847 853
7 308 20 7 73 8 1 633 1008 289 4 4
901 902 903 683 815 883 500 309 791 847 892 894 895
7 1 2 409 132 38 722 1131 164 55 11 13 13
964 969 683 815 912 977 978 883 500 309 791 952 921 892 894 895
7 28 397 99 63 3 1 177 690 1087 219 34 154 35 68 219
993 1026 1028 1030 1025 892 683 1022 815 912 1009 969 883 500 309 791 921 1013 1020 894 895
75 2 1 1 1 69 388 5 7 108 28 49 37 455 843 133 22 23 7 41 133
1056 1059 1060 1070 1063 1064 969 683 1037 1052 1069 912 1009 500 309 791 921 1013 892 894 895
5 1 15 1 1 4 241 843 3 30 3 23 3 183 1026 142 11 19 249 31 142
1120 1123 1124 1125 1127 969 1129 683 1102 1052 1071 500 309 791 892 895
2 10 1 5 1 466 2 806 5 177 83 224 1030 187 180 187
1156 1157 1160 969 683 1052 1071 1138 500 309 791 1161 892 895
27 8 4 483 657 204 38 57 206 863 484 2 133 484
1185 1186 1188 1189 969 1162 683 892 1167 1138 500 309 791 1176 1052 1181 895
1 1 1 2 290 38 648 38 155 159 131 779 687 9 199 3 687
1217 1218 1204 1221 969 1162 683 892 1167 1138 500 309 791 1176 1177 1052 895
2 3 41 1 394 7 280 42 44 247 417 697 491 224 160 39 491
1282 1284 1162 1167 791 1176 1177 683 1204 309 1218 969 1234 1138 500 1271 1272 1274 895 892 1277 1279
11 1 81 28 335 220 313 304 61 867 11 306 168 198 563 2 4 8 335 44 1 6
1162 791 1176 1305 1312 1319 1322 683 1330 1331 309 1339 1340 1343 1344 1346 1347 1348 1349 969 1234 1138 500 1177 892 895
98 309 390 42 20 35 23 200 41 4 824 3 7 3 4 4 2 2 1 334 55 179 624 397 43 309
1162 791 1176 1177 1305 683 1138 1330 309 500 1347 969 1361 1382 1386 1393 1394 1395 1396 1398 1399 895
92 432 392 576 1 63 133 264 562 499 63 330 1 12 10 11 7 6 3 11 1 432
1347 1431 969 1162 683 1138 1330 500 309 791 1176 1177 1439 1436 1405 1438 895
114 6 335 84 114 44 49 313 427 600 229 605 1 1 26 2 600
1347 1460 969 1162 683 1484 1485 1487 1138 500 309 791 1176 1177 1477 1405 1483 895
48 44 227 241 48 4 1 2 30 348 396 632 107 745 2 45 10 632
1537 1497 1507 969 1162 1485 500 309 791 1176 1177 1535 1533 895
4 28 26 481 442 8 467 467 713 25 339 4 8 713
1537 1570 1507 1540 1575 969 1162 1581 1588 1571 1587 500 309 791 1176 1177 1578 895
4 55 81 16 1 417 252 8 4 5 9 253 253 639 1 691 23 639
1570 1507 969 1162 1644 1645 500 309 791 1177 1578 895
70 57 67 286 4 1 286 286 678 969 57 678
1696 1570 1507 969 1162 1687 1693 500 309 791 1177 1695 1692 1578 1694 895
2 15 93 5 239 25 1 239 239 448 1308 4 2 93 2 448
1760 1761 1507 1578 1757 500 309 791 1759 1177 1695 1162 1694 895
3 1 60 60 4 209 209 330 3 1461 61 209 96 330
1794 1765 1800 1162 1783 1804 1808 1809 500 309 791 1177 1802 895 1791 1694 1695
9 34 3 201 28 1 2 2 201 201 245 1554 1 245 46 117 117
1835 1765 1162 1783 1854 1791 1843 500 309 791 1177 895 1834 1694 1695
2 20 135 20 1 5 14 135 135 230 1635 230 36 159 118
1872 1834 1849 1840 1873 1876 1846 791 1177 895 1694 1695
22 130 82 29 6 5 34 627 1373 627 151 154
1846 1927 1834 1931 1932 1849 1934 1933 1840 1937 1938 1939 1876 1941 1878 791 1177 1940 1915 1694 895
112 2 210 15 1 100 1 9 169 6 1 1 17 1 17 488 1512 2 9 224 488
1988 1846 1943 1969 1834 2007 1849 1933 1840 2001 2003 1876 2006 791 2008 1177 1989 1978 1694 895
6 81 51 10 75 4 47 178 544 6 2 124 5 265 1 1735 11 25 75 265
2051 2052 1834 791 1933 1840 1943 1846 1849 1876 1177 1978 1694 895
20 1 159 164 74 469 31 47 90 102 1836 108 159 164
1849 2068 1834 1943 1933 2095 1840 2123 1876 1846 791 1177 2122 1694 895
29 45 142 6 45 45 830 3 148 53 225 1775 2 142 225
2157 2134 2129 1834 2123 2169 1933 2158 2095 1840 2161 2068 2165 1846 791 1876 1177 2138 2171 1694 895
5 16 18 33 2 1 122 25 245 859 35 245 14 162 314 92 1686 8 1 33 314
2230 2217 1834 2231 2158 2095 1840 2161 2226 2068 1846 791 1876 1177 2191 2236 1694 895
15 42 98 3 9 313 1069 67 11 313 81 223 34 1777 27 2 98 223
2068 791 1177 1694 2217 1834 2095 1840 2226 1846 2254 1876 2266 2267 2273 2276 2286 2288 2161 2296 2297 2298 895
489 348 1652 145 31 145 489 969 45 183 42 101 3 6 12 2 18 3 42 1 1 1 348
2307 2068 2324 1834 2329 2095 1840 2161 2226 1876 2302 1846 791 1177 2331 2332 2333 1694 895
7 516 7 143 4 516 975 176 12 69 31 296 169 1831 2 6 2 143 169
2369 2370 2372 2161 1834 2095 1840 2302 2366 1876 1694 1846 791 1177 2364 2365 2068 895
2 2 3 107 93 378 662 68 13 376 93 299 426 1574 44 7 378 426
2392 2372 2302 1834 2411 2095 1840 2161 2068 2366 1846 791 1876 1177 2393 2364 2397 1694 895
31 14 44 68 26 307 678 292 307 104 270 342 308 1658 8 68 58 68 342
2435 2438 791 2452 2453 2454 2455 1177 1694 1834 2095 1840 1846 2364 2366 1876 2392 2397 2161 2068 2426 895
11 7 452 2 1 1 2 1548 113 113 221 479 214 120 35 419 156 196 258 221 45 452
2392 2465 2521 2467 1834 2516 2095 1840 2161 2068 1846 791 1876 1177 2522 2364 2397 1694 895
8 37 3 118 107 1 163 403 240 163 29 600 599 1400 1 43 153 107 600
2465 2467 2068 2502 1834 2510 2095 1840 2161 2515 1876 1846 791 1177 2495 2397 1694 895
84 329 115 30 63 2 115 598 483 76 767 83 767 1233 12 46 63 767
2467 2534 2502 2550 2543 2510 2095 1840 2161 1876 2549 1846 791 1177 2523 2068 895
269 58 130 1 17 14 232 463 231 1019 3 84 1019 981 28 232 1019
2592 2595 2596 1846 2534 2600 2602 2604 2605 2095 1840 2161 2467 2068 2582 791 1876 1177 2587 2523 895
6 20 27 14 85 4 5 4 3 436 639 203 74 436 5 875 875 1125 68 40 875
2595 2630 2534 2641 2632 2634 2646 2637 2095 1840 2161 2642 2643 1876 1846 791 2648 1177 2620 2068 895
55 12 118 1 8 13 1 13 254 681 427 21 9 823 156 823 1 1177 32 254 823
2704 2690 2691 2534 2695 2634 2668 2701 2095 1840 2161 2706 2707 1876 1846 791 1177 2703 2685 2068 895
2 4 22 188 24 6 67 2 68 651 583 4 1 1096 105 1096 904 1 8 68 1096
2753 2756 2726 2534 2727 2095 1840 2161 1876 1846 791 1177 2751 2068 895
2 2 12 507 54 259 935 676 824 241 824 1176 17 259 824
2816 2800 2534 2785 2775 2727 2766 2095 1840 2161 1876 1846 791 1177 2810 2751 2817 2068 895
8 26 887 2 27 4 94 98 624 526 1234 142 1234 766 2 124 1 98 1234
2832 2830 2821 2534 2833 2766 2095 1840 2161 1876 2837 1846 791 1177 2849 2751 2845 2068 895
11 1 57 674 11 141 141 720 579 1120 1 160 1120 880 3 107 18 141 1120
2881 2883 2884 2821 2534 2833 2885 2766 2095 1840 2161 1876 1846 791 1177 2877 2068 895
59 2 1 13 572 38 1 204 204 1189 985 790 21 790 1210 1 204 790
2928 2881 2821 2534 2161 2766 2095 1840 2833 2930 1876 2910 2917 791 2900 1177 2906 2068 895
1 4 107 424 1324 164 164 1488 155 2 512 15 4 512 19 1488 94 164 512
2945 2979 2534 2833 2977 2766 2095 1840 2161 2962 2068 2934 791 1876 1177 2906 895
6 2 748 282 2 278 278 1144 866 45 278 16 856 856 1144 116 856
3008 2993 3010 2534 2833 2999 3009 2766 2095 1840 2161 1876 2997 791 1177 3003 3006 2068 895
4 31 1 642 132 7 1 146 146 1318 1172 682 8 682 1318 2 2 146 682
3013 2534 2833 3016 3054 3052 2766 2095 1840 2161 3058 3059 1876 3048 791 1177 3060 3055 3037 2068 895
95 453 11 17 5 6 112 112 1531 1419 4 1 469 20 469 1531 3 23 4 112 469
3013 2534 3121 3016 3113 2766 2095 1840 2161 2068 791 1876 1177 3055 895
98 615 2 81 59 227 227 1232 1005 227 768 768 1232 18 768
2068 791 1177 2095 1840 3128 3140 3013 3142 3016 2766 3152 3156 3158 3163 3168 3170 3171 3172 3173 2534 3055 2161 1876 895
195 802 1198 195 1198 5 14 75 82 25 195 2 8 6 13 1 7 2 1 1 640 48 1003 802 802
3205 3013 2534 3142 3016 3209 3210 3211 3212 3213 2766 2095 1840 2161 1876 791 1177 3193 3196 2068 895
2 113 194 23 143 1 1 1 1 1 318 318 1473 1155 527 527 1473 21 14 318 527
2068 3221 791 1177 1840 3238 3242 3244 2095 3248 3252 3260 3261 3262 3013 3016 2766 1876 2534 2161 3196 895
543 43 507 1493 1493 33 5 18 543 11 2 1 1 3 109 425 543 507 132 950 1 507
2068 3221 791 1177 3269 1840 3238 2095 3248 3268 3013 3016 3277 2766 3284 3289 3290 3294 3296 3298 3300 2534 2161 1876 895
908 62 364 1636 8 1636 9 908 8 5 131 635 1 908 25 5 8 4 2 4 3 118 728 364 364
3330 3333 3334 3343 3344 2068 791 1177 3238 2095 1840 3268 3013 3016 2766 3284 2534 3310 2161 1876 3325 895
1 5 31 1 8 1108 349 1651 14 1108 1651 14 44 812 1108 28 126 48 543 349 48 349
3383 3325 3013 3016 3370 3371 2766 2095 1840 2161 3347 2068 3349 791 1876 1177 3375 3368 3357 3310 895
1 7 61 835 22 6 1154 1154 1804 650 22 1154 70 196 196 1804 3 48 27 77 196
2068 3349 791 1177 3357 3368 3370 2095 1840 3378 3381 3385 3392 3013 3016 2766 1876 3413 3414 3415 3416 3418 3419 3310 2161 895
1239 59 399 1601 1 51 26 1239 1601 24 17 22 3 58 817 1239 399 8 1 11 4 3 1 1 362 399
3464 3465 3466 3469 3471 3472 3473 2068 3349 791 1177 3368 3370 2095 1840 3385 3016 2766 1876 3435 2161 895
5 17 7 4 2 3 4 1429 67 495 1505 27 47 1429 1505 27 943 1429 495 27 76 495
3520 3521 3522 3492 3502 3016 3370 3435 2766 2095 1840 1876 3349 791 1177 3515 2068 895
3 6 1 56 6 408 14 16 1374 1374 1374 626 24 626 1374 17 1374 626
3492 3502 3016 3563 2766 2095 1840 3571 2068 3534 3574 791 1876 1177 895
178 8 349 27 1659 1659 1659 9 1659 49 2 341 341 1659 341
3492 3016 3639 3594 3563 2766 2095 1840 3640 2068 791 1876 1177 3642 895
69 428 7 38 13 1756 1756 1756 2 1756 244 244 1756 1 244
3681 3682 3651 3492 3675 3016 3689 3594 3687 2766 2095 1840 3688 3683 2068 791 1876 1177 3679 3644 895
1 4 9 148 4 486 10 12 1 1880 1880 1880 7 2 1880 120 120 1880 3 53 120
3715 3718 3594 3730 2068 791 1177 3737 3740 3743 3744 3747 3492 3749 3750 3751 2095 1840 3651 3016 2766 1876 3679 3688 3693 895
35 30 22 58 1911 89 1911 16 16 37 9 7 35 1 1 2 1911 1911 7 352 1911 89 153 7 61 89
3777 3778 895 3803 3016 3756 3693 2766 2095 1840 3802 2068 791 3800 1177 1876 3679 3804 3805 3743
3 6 40 2 554 44 111 1960 1960 1960 4 1960 40 26 1960 40 387 3 2 251
3840 3841 3842 3016 3756 3693 2766 2095 1840 3825 2068 3831 3800 1177 3743 3837 3679
4 1 2 720 91 165 2000 2000 2000 2 2000 13 81 2000 382 8 473
3888 3875 3846 3016 3756 3693 2766 2095 1840 3889 3890 3891 2068 3886 3860 3892 3800 1177 3679 3868 3743
1 55 46 615 93 417 2000 2000 2000 1 2 1 2000 2 3 2 97 2000 541 43 448
3937 3938 3875 3846 3016 3946 3963 3756 3693 2766 2095 1840 3921 2068 3961 3800 1177 3679 3743
18 24 197 97 667 9 1 104 310 2000 2000 2000 83 2000 5 68 2000 667 563
4001 3875 3846 3937 3016 4007 3756 3693 2766 2095 1840 3921 4008 2068 3993 3800 1177 3988 3679 3743
22 275 64 40 709 4 240 244 2000 2000 2000 66 1 2000 38 6 2000 22 676 436
2068 1177 3743 4001 3875 3756 2095 1840 3679 4029 4037 4039 3016 2766 3921 4054 4055 4056 4059 4061 4063 3693
2000 2000 312 28 353 116 2000 2000 428 4 1 48 884 2000 285 8 19 5 8 5 3 174
4096 4097 2068 1177 3743 3875 3756 2095 1840 3016 2766 3921 4055 3679 4068 4071 3693 4082 4088 4089 4091 4092 4094
4 1 2000 2000 48 161 11 2000 2000 1204 2000 918 4 59 25 21 125 6 9 3 3 3 2
3875 4134 4071 3016 4143 3693 2766 2095 1840 3921 4114 2068 4088 1177 4122 3679 3743
302 6 17 1111 4 22 2000 2000 2000 787 38 2000 26 2000 10 19 19
4162 3875 4165 3016 4169 2766 2095 1840 3921 2068 4181 4182 1177 4122
1 250 10 864 60 2000 2000 2000 614 2000 1 3 2000 105
3875 4197 3016 4170 4203 2766 2095 1840 3921 2068 4184 1177 4122 4202 4190
46 4 1143 25 1 2000 2000 2000 1097 2000 1 2000 124 3 9
4256 4257 4244 4259 4260 4262 4263 3016 4233 4236 4258 2766 2095 1840 3921 2068 4213 1177 4253 4254
3 2 11 2 4 7 1 1469 39 38 1 2000 2000 2000 1469 2000 44 2000 2 10
4256 4308 3016 4268 4236 4269 2766 2095 1840 3921 4306 4307 2068 4213 1177 4301
33 1 1611 43 241 66 2000 2000 2000 1611 3 1 2000 13 2000 1
4256 4321 4340 3016 4330 4236 4269 2766 2095 1840 3921 4338 4339 2068 4213 4343 4344 1177 4314 4341
14 8 7 1822 22 289 98 2000 2000 2000 1822 15 1 2000 48 3 1 2000 132 1
4352 4357 4362 4236 4367 2068 1177 4269 4399 4381 4384 4400 4386 4389 4393 4394 4397 4398 2095 1840 3016 2766 3921 4314 4330 4213
9 22 18 405 25 2000 2000 9 1 12 1 4 5 1 9 9 10 5 2000 2000 1511 2000 1511 322 13 99
4456 4460 4357 4449 3016 4453 4330 4459 4236 4461 2766 2095 1840 3921 2068 1177 4314 4381 4447
7 1 27 5 1386 2 94 1 342 1 2000 2000 2000 1386 2000 2000 473 45 20
4486 4236 2068 1177 4505 4507 4508 4381 4510 4511 4512 4513 4515 2095 1840 3016 2766 3921 4314 4330 4509 4477
3 144 2000 2000 4 3 6 16 2 2 1 2 3 2000 2000 1028 2000 1028 419 155 4 185
4236 2068 1177 4519 4522 4524 2095 1840 4541 4544 3016 4553 4557 2766 3921 4563 4558 4568 4569 4314 4330 4477
143 2000 2000 2 2 6 2000 2000 12 13 1133 9 16 2000 1133 1 3 2 1 551 30 80
4544 4612 4614 4616 4593 3016 4615 4236 4621 2766 2095 1840 3921 2068 4622 4601 1177 4314 4477 4606 4607
93 7 1 8 14 1176 2 150 3 2000 2000 2000 1176 2000 1 10 2000 772 98 1 7
4544 4643 3016 4236 4653 2766 2095 1840 3921 2068 4654 1177 4314 4637 4477 4607
36 20 937 178 9 2000 2000 2000 937 2000 6 2000 676 10 271 188
4705 4675 4698 4711 3016 4236 2766 2095 1840 3921 2068 4676 1177 4314 4668 4477 4702 4607
1 43 1 1 925 398 2000 2000 2000 925 2000 1 2000 527 71 404 15 85
4675 4723 4753 3016 4764 4236 2766 2095 1840 3921 4755 2068 1177 4314 4763 4668 4477 4702 4607
87 3 1 1167 1 782 2000 2000 2000 1167 21 2000 2000 385 2 35 463 98 35
4675 4772 4773 3016 4777 4778 4776 4236 2766 2095 1840 3921 4756 2068 4780 1177 4314 4668 4477 4702 4607
48 54 21 1567 3 3 2 1256 2000 2000 2000 1567 6 2000 3 2000 311 4 50 39 4
