45 46 47 48 49 50 51 23 26 30
15 8 4 1 2 2 1 19 10 25
45 93 52 86 87 26 92 61 63
16 5 79 4 7 1 5 148 80
140 142 143 144 145 52 123 61 126 63
10 3 1 2 1 77 13 232 8 232
192 187 197 168 140 172 174 177 179 204 201 184 153 123 188 61 63
3 6 6 6 28 54 5 12 11 3 3 12 84 141 7 141 141
262 231 232 267 172 61 208 264 210 217 153 218 123 253 63
5 31 56 3 34 70 97 3 43 57 96 3 85 32 70
304 172 208 210 307 308 313 280 153 315 316 61 63
7 57 409 55 4 8 19 72 59 3 1 5 5
289 290 291 293 172 208 280 153 282 283 284 285 287
1 2 2 1 19 319 96 67 2 8 3 3 1
322 301 335 208 306 280 319
16 50 18 428 13 86 20
386 301 381 208 372 280 378 347 349
3 47 3 294 11 64 7 94 15
392 208 406 280 409 347 412 414
24 300 37 96 1 120 1 4
480 481 423 455 208 474 347
12 3 10 2 87 8 21
517 486 519 488 553 554 555 208 532 534 505 347
20 36 58 41 3 3 1 124 26 37 101 82
571 517 582 519 488 556 558 208 561 579 532 534 505 347 581
5 22 2 31 67 5 71 87 74 16 68 40 19 33 1
640 641 579 612 630 488 591 208 561 532 598
1 1 16 3 2 209 23 144 133 83 66
640 672 674 683 679 488 681 682 680 685 591 561 532 598
31 9 15 2 6 77 1 2 3 1 140 31 110 3
674 709 721 488 714 717 718 591 720 680 690 723 532 692 719
72 9 3 101 14 3 2 27 2 24 43 3 185 19 5
768 737 674 771 772 773 774 488 591 532 762 763 764
1 79 86 2 1 6 4 2 74 5 17 9 2
737 674 807 812 818 786 819 820 790 794
13 138 5 3 4 108 1 1 28 4
674 790 843 786 853 854 857 826 860 858 831
373 177 1 80 7 4 2 21 1 1 16
896 674 900 901 902 876 898 878 879 786 790 888 831 895
3 215 5 1 2 16 13 5 12 133 116 66 26 4
674 878 944 920 786 948 790 952 953
167 17 11 7 87 9 12 11 1
993 674 966 994 878 977 786 948 951 985 990
1 146 33 2 13 20 39 102 10 27 12
1024 674 1028 1029 1031 1033 1004 1009 786 948 985 1020 990
1 299 5 3 1 1 11 19 16 260 19 4 101
674 1059 1028 1062 1063 1032 1009 948 985 1020 1054
538 6 15 9 3 69 36 294 36 75 6
1120 674 1123 1028 1062 1032 948 1117
3 376 1 91 139 56 143 6
1154 674 1028 1157 1062 1159 1032 1133 1166 1135 1168 1170 1141 1174 1175 1144 1145 1150 1173
10 546 23 53 254 9 31 33 5 33 8 1 14 1 1 10 1 12 1
674 1187 1188 1062 1158 1195 1196 1197 1141 1176 1181 1157
352 11 5 269 16 8 4 1 23 59 20 16
1249 674 1158 1254 1255 1257 1260 1263 1232 1265 1266 1267 1062 1246 1157
6 117 37 28 17 12 6 2 5 1 2 1 254 10 37
1314 1284 1062 1286 1320 1332 1335 1336 1305
54 167 243 139 36 2 4 1 6
1376 1284 1286 1062 1384 1353 1320 1369
9 15 6 306 4 29 21 15
1411 1284 1062 1416 1353 1431 1421 1428 1429 1430 1399 1405
17 30 33 62 83 1 6 1 1 1 10 12
1473 1411 1284 1445 1416 1353 1451 1454 1429 1471 1477
7 59 4 22 190 79 28 50 47 2 1
1536 1473 1411 1550 1445 1416 1353 1548 1454 1524 1429 1545 1530 1531 1525
10 43 13 2 10 393 39 2 145 25 53 4 35 23 13
1600 1553 1416 1353 1454 1608 1596
6 52 100 102 64 3 12
1600 1601 1602 1416 1353 1454 1553 1596
2 1 2 127 181 195 177 70
1635 1605 1639 1353 1642 1644 1645 1454 1553 1622 1627 1598 1637
15 162 4 263 5 3 3 162 538 8 3 162 2
1627 1699 1700 1605 1702 1353 1645 1454 1679 1553 1694 1698 1657 1659 1598
11 4 7 78 2 146 15 145 14 402 8 6 56 18 78
1353 1454 1679 1744 1553 1746 1751 1743 1727
74 48 60 6 249 2 2 4 14
1760 1763 1765 1353 1770 1679 1553 1778 1779 1783 1785
3 1 85 152 18 39 415 4 6 4 4
1765 1831 1832 1353 1802 1679 1553 1778 1821 1829
136 2 1 253 2 2 537 1 25 7
1888 1889 1890 1765 1894 1857 1896 1865 1871 1553 1353 1884 1885 1887
11 10 2 303 6 30 1 93 3 452 26 12 15 6
1857 1765 1927 1896 1865 1948 1553 1884 1885 1925
22 233 1 17 60 2 399 31 14 12
1765 1895 1897 1898 1553 1865 1884
363 7 13 1 427 33 12
1957 1958 1959 1960 1897 1962 1553 1961 1865 1947 1765
7 3 2 3 29 1 318 2 54 18 235
1984 1979 1988 1765 1990 1959 1992 1993 1994 1991 1553 1971 1976 1978 1947
6 8 25 347 6 32 6 3 6 2 557 51 10 19 136
1988 1765 1994 1996 1553 2009 1947 2012
131 440 1 33 514 20 44 2
1988 1765 2065 1996 1553 2069 2070 2072 2041 2010 2042
88 527 3 32 570 4 2 2 15 27 65
2112 2114 2115 1988 1765 2065 1996 2094 1553 2100 2105 2074 2042
2 1 1 92 618 47 39 7 618 17 1 9 75
2114 1988 1765 2150 1553 2152 2156 1996 2146 2158 2157 2065 2135 2136 2042 2149
44 133 347 2 347 1 1 18 1 1 1 292 23 21 163 4
2114 1988 1765 1553 2185 2158 2159 2065 2136 2180 2042 2171
27 21 266 266 1 37 34 200 102 5 178 9
2114 2211 2065 1765 2183 2220 2210 2222 1553 2136 2042 2202 2207
15 10 153 214 135 10 1 2 214 86 40 2 3
2240 2114 1765 2246 1553 2183 2065 2227 2136 2234 2232
4 36 293 5 293 173 207 8 337 7 10
2275 2065 1765 2183 2280 2282 2295 2301 1553 2299 2136 2298 2267 2300 2296
69 124 137 470 4 74 2 1 137 1 133 12 47 2 3
2305 2275 1765 2183 2282 2347 2353 2349 2352 2065 2346 1553 2358 2136 2361 2296 2267 2333 2360
23 182 149 448 62 8 14 22 3 168 1 149 1 308 1 10 219 12 1
2305 2275 1765 2065 2183 2383 1553 2389 2390 2136 2267
20 219 286 148 374 1 286 4 2 301 479
2305 2275 1765 2065 2183 1553 2323 2324 2325 2326 2136 2267
46 50 409 89 404 409 14 8 4 1 124 697
2368 2305 2065 1765 2183 2345 1553 2136 2361 2267 2364 2366 2360
1 120 31 538 473 17 538 90 2 635 22 2 13
2305 2402 2404 1765 2183 2409 2407 2385 2416 1553 2414 2377 2136 2267 2364 2397 2398 2373
58 5 13 427 998 5 2 18 2 427 13 5 112 404 34 11 31 43
2305 2437 2373 2183 2442 2476 2477 2478 2479 1553 2136 2465 2267 2474 1765
114 157 84 728 38 16 14 5 1 550 215 9 393 3 550
2465 2531 1765 2373 2183 2476 2541 2515 2544 1553 2529 2542 2136 2489 2267 2305 2437
12 12 1032 13 712 126 6 6 2 1032 14 4 55 14 159 42 407
2587 2437 2183 2572 2476 2550 1553 2582 2136 2267 2588 2589 2558 1765
6 308 732 18 61 33 1020 82 1 247 7 1 80 1020
2651 1765 2183 2600 2633 2634 2646 2638 1553 2612 2582 2550 2650 2267 2652 2653 2654 2437
2 1073 887 10 10 1 2 46 1073 13 2 82 14 40 6 3 2 376
1765 2662 2183 2600 2633 2582 2668 2694 2550 1553 2675 2710 2712 2650 2267 2437
870 20 1108 93 93 22 34 8 70 870 34 14 1 104 22 150
2763 2754 2267 2437 2662 2183 2760 2761 2582 2727 2710 1553 2675 2550 2762 2650 2747 2749 1765
1 1 12 363 11 1264 1 1 12 12 78 724 7 296 2 181 3 1 724
2817 2786 2787 2820 1765 2183 2793 2796 2710 1553 2675 2804 2550 2807 2769 2650 2814 2437
4 33 13 2 766 1234 11 11 25 766 41 3 258 3 11 278 1 157
2786 2769 1765 2860 2183 2793 2858 2675 2828 2823 1553 2787 2836 2853 2550 2857 2840 2855 2650 2437
69 22 769 3 1231 22 1 6 129 8 769 113 69 19 200 9 41 2 328 179
2881 2787 2884 1765 2183 2828 1553 2836 2550 2840 2650 2865
3 136 3 789 1211 252 789 12 173 35 181 3
2912 2945 2946 2787 1765 2183 2952 2828 1553 2550 2949 2650 2939 2943
35 3 15 23 1067 933 2 131 1067 113 6 144 17 6
1765 2183 2985 2988 2828 2959 2992 1553 2994 2996 2997 2550 2998 2969 2650 2971 2972 2943
1090 910 24 13 61 35 3 1090 2 2 1 62 2 39 135 36 22 26
3067 1765 2183 3063 2828 3054 2959 1553 3059 2550 3001 3064 2969 2650 2971 2972 3066 2943
2 1204 796 5 51 2 80 1204 2 2 41 6 81 83 9 118 2 17
3122 1765 2183 3112 3111 2828 3117 3086 2959 1553 3090 3092 3093 3001 3119 2972 3121
5 1537 463 7 11 95 4 104 134 1537 11 33 18 53 6 20 1
1765 2183 3112 3177 3175 3086 2959 1553 3092 3001 3176 3165
1624 376 14 1 25 231 231 1624 9 2 5 4
3233 3204 1765 3206 3175 3112 2183 3231 3086 2959 1553 3187 3092 3221 3224 3195 3199
2 14 1543 27 54 180 457 4 311 311 1543 47 21 9 10 18 48
3204 3206 2183 3086 2959 1553 3092 3112 3275 3282 3287 3288 3289 3291 3295 3296 3297 3298 3299 1765 3175 3199
10 57 320 224 224 1680 80 73 1 13 4 15 3 14 14 1 1 6 2 1680 113 62
1765 2183 3112 3305 3175 3309 3086 2959 1553 3315 3092 3288 3316 3313 3199
1452 548 53 242 336 28 253 253 1452 2 3 26 6 2 61
1765 2183 3305 3175 3086 2959 1553 3315 3316 3313 3199
1524 476 160 100 160 160 1524 5 4 41 42
3330 1765 3175 3368 3305 2183 3342 2959 3344 1553 3315 3086 3354 3313 3199
23 1874 93 2 8 126 9 8 29 1874 1 8 12 30 110
3394 1765 3398 2183 3368 3399 3344 1553 3378 3379 3354 3387 3199
1 1883 2 117 47 2 13 1883 19 18 61 2 330
3435 3428 1765 3430 2183 3368 3431 3436 3344 1553 3354 3199
6 26 1849 7 151 5 6 1 10 1849 165 289
3488 3428 1765 2183 3461 3497 3466 3467 1553 3478 3479 3492 3354 3495 3199
21 88 1978 22 6 1 23 9 1978 63 13 4 253 1 196
3521 3522 3499 3428 1765 3505 3528 3466 3467 3532 3533 3504 1553 3354 3531 3199
8 6 32 22 2000 20 15 40 36 1 1 37 2000 184 1 108
3552 3428 1765 3528 3466 3467 3565 1553 3576 3354 3583 3199
18 109 2000 32 369 147 4 2000 7 169 5 159
3585 3586 3579 3588 1765 3466 3467 3589 1553 3354 3583 3580 3199
7 2 6 1 2000 272 519 2 2000 111 4 13 93
1765 3466 3467 1553 3638 3642 3199 3645 3583
2000 67 333 2000 3 1 240 1 137
3680 3691 1765 3687 3672 3704 3467 3685 1553 3700 3695 3711 3583 3708 3709 3199
29 61 2000 24 74 17 237 20 2000 31 11 1 53 9 2 259
3680 3467 1765 3750 3687 3753 3691 3757 3758 3759 1553 3700 3672 3583 3199
73 7 2000 6 101 10 19 2 4 2 2000 19 12 148 93
3776 3810 1765 3687 3789 1553 3805 3806
61 2 2000 17 14 2000 6 12
3776 3851 1765 3857 3819 3852 3855 1553 3859 3860
59 3 2000 3 33 2 3 2000 3 1
3876 1765 3889 3883 1553 3897 3898 3899
14 2000 3 13 2000 3 2 2
3936 3905 3908 1765 3942 3937 3944 3945 3914 3943 1553 3899 3941
3 3 6 2000 1 2 2 2 8 2 2000 109 4
4000 1765 3985 3977 3946 3979 1553 3986 3988 3995 3999
9 2000 8 7 79 2 2000 14 18 33 2
4072 1553 3946 1765
28 2000 17 2000
1765 4103 4107 4109 1553 4083
2000 5 9 1 2000 18
4161 4162 4163 1765 4104 1553 4136 4121 4157
2 2 2 2000 134 2000 24 54 15
4192 1765 4198 4104 4170 4204 4206 4207 1553 4202 4121 4189
2 2000 17 154 64 1 3 1 2000 2 80 20
4192 1765 4241 4104 1553 4243 4244 4247 4248 4121 4222
33 2000 17 282 2000 3 3 1 7 162 4
4290 4292 1765 4295 4104 4293 1553 4276 4248 4121 4282 4296 4287
8 16 2000 3 374 4 2000 40 188 22 12 6 12
4292 1765 4104 4330 4299 4301 1553 4121 4248 4313
132 2000 398 3 25 6 2000 62 202 35
4292 1765 4104 4368 1553 4371 4372 4374 4248 4121 4348
117 2000 226 6 2000 6 4 1 352 139 22
