5 8 13 14 16 20 23 26
85 5 8 2 1 2 4 1
46 51 56 59 60 61
20 6 2 9 1 3
128 129 102 73 125 122 123 61 127
1 4 5 102 6 10 2 89 1
161 73 125 176 181 183 184 61 158
1 102 10 9 3 10 1 98 15
231 237 238 239 215 186 61
8 8 2 1 1 105 61
281 186 259 285 289
1 37 2 5 1
227 228 229 231 232 209 212 213
6 6 1 3 1 29 8 5
260 243 245 249 285 286 287
42 13 21 12 21 1 2
353 354 355 260 295 333 335 342 343 356 349 351
1 3 3 53 29 8 18 10 2 4 15 5
260 295 396 398 400 342 375 349
172 63 1 3 2 27 18 126
260 295 432 401 437 342 410 443 349 442
199 89 2 89 93 85 21 2 265 17
491 260 502 295 489 487 495 496 401 498 437 342 410 349 447
4 219 3 161 9 4 2 10 33 7 126 113 120 247 5
515 260 295 526 437 342 410 349 511
2 261 33 3 53 218 102 35 12
513 260 342 295 552 554 555 556 557 558 560 534 410 542 511
10 143 342 70 14 6 4 4 1 2 1 83 23 11 62
611 260 342 295 581 534 511
9 12 701 68 49 123 21
342 581 295 617 615 534
612 54 63 1 52 213
642 643 342 615 295 621 581 623 627 534 632 635 637 645
16 1 555 163 105 15 29 28 2 87 3 15 21 3
581 615 680 534 295 623 342 632 667 650
149 243 20 19 105 89 217 5 59 8
737 738 731 342 295 713 615 718 623 726 703 581
8 2 20 291 104 6 29 54 18 65 32 139
581 295 745 778 784 785 787 342 761 773
82 42 95 14 6 1 1 289 10 15
581 295 810 826 342 792 794 778 830
370 32 42 2 120 95 201 158 4
581 778 879 883 342 792 794
71 34 22 2 343 166 398
965 934 907 909 879 342 792 921 794 955 924 581
19 23 6 7 47 401 108 17 364 10 84 3
999 969 909 1007 1009 1010 1016 342 792 1017 794 988
37 13 4 64 21 14 9 447 45 1 419 20
1051 342 1032 1007 1010 1046 1017 794 1039 1052 1029
2 529 11 98 19 30 130 360 5 1 23
1091 1093 1094 1096 1098 1099 1007 342 1017 794 1053 1086
6 14 8 2 2 3 191 723 118 581 94 13
1174 1094 1162 1170 1007 1136 1169 1138 342 1145 1017 794 1165 1148 1053
1 33 25 10 109 16 10 93 981 5 166 469 8 12 12
1217 1221 1094 1191 1224 1225 1223 1165 1007 342 1175 1017 794 1148
47 45 149 66 6 1 2 28 149 932 14 46 447 85
1259 1165 1262 1261 1264 342 1017 794 1263 1244 1247
7 175 1 3 1 898 68 580 3 26 3
1286 1276 1271 1165 342 1303 1304 794 1244
6 15 39 204 442 17 1 433 15
1313 1317 1321 1335 1165 342 1271 1336 1337 794 1307 1244 1310
65 39 20 7 192 244 171 1 1 694 10 44 10
1344 1392 1379 1377 1384 1271 1165 1399 1360 1393 1395 1397 342 1335 1401 794 1244 1402 1374
134 2 28 4 4 108 126 2 52 4 5 2 384 106 1 714 63 4 11
1344 1409 1415 1417 1418 1271 1165 1360 342 1335 794 1244
207 82 3 3 1 149 165 133 280 188 506 66
1344 1409 1449 1479 1481 1482 1335 1484 1165 1486 1485 1360 1424 1472 342 1271 794
299 37 5 11 6 6 210 2 139 1 2 300 32 14 299 142 424
1344 1409 1539 1522 1482 1335 1165 1533 1360 1536 1424 1492 1525 342 1271 794 1532 1530
123 34 6 34 26 194 271 11 389 4 55 26 11 123 305 643 6 7
1344 1424 1558 1409 1544 1482 1271 1165 1565 1360 1559 1556 342 1335 1567 794 1563 1562 1566 1541
153 269 28 49 4 44 218 152 5 289 4 17 153 309 1 419 4 13 6 17
1344 1360 1634 342 1606 1482 1271 1165 1613 1424 1556 1558 1335 1637 794 1628 1626 1630 1631
41 133 5 41 15 86 269 124 7 159 41 36 434 1 393 4 4 6 14
1344 1360 342 1669 1670 1641 1482 1271 1165 1679 1424 1556 1680 1558 1335 794 1661
21 100 21 25 22 344 23 77 44 1 133 21 3 19 668 121 14
1424 1669 1702 1641 1271 1719 1679 1360 1715 1716 1558 1335 1721 794 1723 1661 1694
465 5 1 432 17 1 4 36 5 4 17 284 2 17 1 43 4
1760 1424 1732 1798 1800 1641 1802 1335 1679 1360 1783 1661 1694
106 271 9 4 1 671 1 152 4 140 14 1 42
1760 1424 1732 1641 1847 1836 1805 1839 1360 1854 1846 1335 1850 1694 1855
31 290 55 605 13 7 20 31 213 1 4 219 1 57 4
1888 1360 1890 1732 1893 1641 1868 1805 1839 1424 1335 1880 1882
2 259 4 183 1 558 76 58 9 417 310 51 17
1921 1360 1890 1732 1895 1641 1868 1424 1335 1880 1924 1917
3 48 16 56 71 803 131 135 531 71 4 12
1641 1868 1424 1937 1939 1941 1942 1335
613 214 121 7 25 10 3 405
1424 2000 1989 1641 1868 1997 1968 2001 1993 1335 1976 1996
40 1 2 334 536 4 25 2 2 527 9 3
1424 2020 2032 2024 1641 1868 1999 1968 2035 2036 2037 2038 1335
18 10 2 35 412 647 12 104 4 11 2 1 283
2059 2054 2024 1641 2027 1868 2061 2060 1968 2056 2036 1335 2041
4 1 129 482 64 783 3 1 19 4 70 191 1
2080 2081 2083 2085 2086 2057 2024 1641 1335 1868 2036 2039 2087 2077 2079
3 4 1 1 1 44 145 360 92 647 14 37 2 2 1
2144 2146 2024 1641 1868 2114 2129 2036 1335 2137 2110
1 2 129 298 707 6 60 203 16 17 45
2209 2227 2024 1641 2224 1868 2192 2129 2226 2220 2036 2200 2203 2204 2205 2110
6 1 256 734 2 487 8 30 1 2 27 18 3 29 28 2
2279 2024 1641 1868 2258 2036 2262 2231 2200 2266 2237 2238
11 542 870 626 4 3 1 76 69 26 57 2
2024 1641 1868 2318 2319 2320 2321 2290 2323 2200 2300 2237 2302
646 849 533 1 4 1 4 15 1 5 6 13 2
2024 1641 1868 2290 2323 2330 2332 2333 2302 2335
377 595 1103 33 5 4 8 1 55 1
2340 2341 2374 2024 1641 1868 2381 2382 2383 2384 2290 2357 2360 2386 2302 2373
58 20 12 372 560 1065 6 2 1 5 33 122 15 3 93 6
2448 2438 2374 2024 1641 1868 2451 2416 2449 2290 2384 2420 2357 2423 2406 2430 2302 2437
2 6 122 345 485 1293 1 13 2 29 1 10 210 3 3 2 151 10
2374 2024 1641 2474 1868 2416 2290 2484 2357 2456 2420 2458 2476 2492 2493 2302 2485
177 205 224 31 1249 5 26 14 314 111 1 21 13 4 2 52 1
2534 2374 2024 1641 2538 1868 2541 2509 2545 2357 2551 2456 2302
23 111 388 395 4 1097 6 5 2 160 1 175 173
2374 2534 2598 2577 2024 1641 1868 2575 2608 2616 2357 2614 2456 2565 2609 2302 2604
20 40 18 23 178 178 966 15 21 4 148 6 437 9 4 55 18
2024 1641 2667 1868 2669 2639 2608 2675 2676 2357 2665 2456 2644 2671 2654 2302 2677
57 57 5 1054 8 9 26 2 2 384 7 233 9 4 3 23 1
2721 2724 2024 1641 1868 2700 2639 2728 2738 2739 2357 2456 2681 2715
1 17 58 58 1084 54 54 7 16 1 370 187 66 14
2763 1868 2768 2771 2357 2774 2456 2681
10 1022 10 9 338 4 121 69
2817 2820 2821 2790 1868 2803 2804 2357 2456
4 11 1 16 1291 1 49 291 8
2851 2854 1868 2866 2804 2357 2870 2872 2873 2875 2876 2877 2869
139 21 1000 1 15 123 8 1 1 2 2 2 1
2881 2882 2851 1868 2894 2897 2898 2804 2357
26 83 67 852 18 8 1 25 76
2913 2946 2851 2948 2952 2953 2954 1868 2882 2927 2804 2357
67 5 83 2 4 2 1 695 48 49 17 228
3010 2913 2882 2851 1868 2946 2994 2357 3003 2973 3007
5 103 68 109 873 18 22 376 36 5 33
2913 2851 3015 3050 1868 3035 3056 3060 2357 3063 3033 3066 3003 3068 3070 3007
215 53 64 1 533 12 7 3 191 10 14 2 142 9 2 28
2913 3042 3041 3015 3019 1868 3043 2357 3033 3003 3037 3039
317 6 4 75 10 666 1 164 1 75 30 2
2913 3015 3080 3084 3079 1868 3089 3058 3091 3060 2357 3092 3003 3037 3093
296 119 2 15 1 725 1 87 1 28 184 7 119 4 2
2913 3137 3142 3015 3145 3146 3147 1868 3150 3151 3058 3060 2357 3128 3143 3003 3132
348 10 11 46 13 13 18 580 3 1 146 134 130 10 6 46 31
2913 3202 3015 3208 3145 3210 3211 1868 3170 3182 3132 3058 3060 2357 3209 3161 3003 3164 3197 3212
93 17 25 4 111 5 14 255 17 3 6 90 133 162 2 31 25 31 1 4
3264 2913 3265 3145 3211 1868 3245 3058 3260 3060 2357 3255 3257 3259 3132 3263
2 140 1 122 66 245 12 15 2 49 105 15 2 16 36 1
2913 3331 3145 3211 1868 3245 3282 3060 3318 3320 3132 3326
90 4 69 34 90 87 18 76 3 23 79 4
2913 3363 3361 3145 1868 3345 3060 3320 3132 3359
131 2 4 79 131 6 194 3 29 14
3424 2913 3396 3430 3425 3432 3145 3402 3435 1868 3376 3408 3060 3436 3419 3132
38 199 58 3 1 6 71 55 3 199 10 20 166 2 1 49
3424 2913 3402 3467 1868 3470 3060 3447 3448 3481 3482 3483 3132
24 184 45 5 184 3 70 94 62 1 4 2 104
2913 1868 3402 3467 3468 3474 3475 3060 3448 3132
220 220 86 3 9 4 3 132 16 93
2913 3492 3516 1868 3505 3474 3475 3060 3477 3510 3524 3132 3487
442 10 4 442 4 74 99 220 24 8 5 239 17
2913 1868 3538 3474 3570 3475 3060 3541 3510 3576 3547 3132 3581 3582
344 344 39 4 14 152 194 21 39 4 39 142 18 2
3616 3585 3618 3620 3621 3590 2913 3593 1868 3598 3603 3475 3060 3541 3576 3609 3610 3612 3581 3614
4 64 5 1 1 44 76 31 76 24 19 161 177 49 64 32 3 26 58 5
3648 3585 3590 3623 3593 1868 3598 3631 3635 3475 3060 3541 3649 3639 3576 3609 3647 3644 3646 2913
3 66 67 74 109 9 40 1 4 125 153 106 1 5 100 107 6 2 1 9
3585 3590 3623 3593 3668 3666 3475 3060 3541 3670 3671 3576 3609 3667 3647
212 34 52 54 3 30 22 232 33 3 4 73 55 1 54
3585 3673 3623 3666 3475 3060 3541 3705 3576 3609 3708 3709 3711
63 50 140 50 54 204 16 6 97 140 11 4 2
3585 3716 3623 3721 3725 3726 3727 3666 3475 3673 3609 3708
83 1 38 3 1 1 1 165 209 165 38 194
3585 3772 3748 3721 3759 3666 3475 3764 3769 3673 3770 3708
432 1 17 23 6 192 100 5 6 192 5 110
3776 3585 3810 3818 3820 3789 3822 3821 3824 3666 3475 3673 3823
178 264 2 4 2 44 2 4 1 168 137 168 1
3776 3585 3875 3885 3873 3849 3882 3851 3884 3789 3886 3887 3888 3666 3475 3673
495 69 4 3 15 43 1 58 2 41 1 2 3 141 131 141
3776 3585 3915 3926 3873 3884 3851 3475 3789 3666 3923 3925 3894 3927 3928 3673 3930 3931
335 10 16 7 10 19 49 38 62 440 14 4 42 4 1 440 1 1
3968 3585 3972 3973 3976 3977 3978 3851 3873 3884 3894 3776 3915 3789 3666 3923 3673 3939 3940 3958 3964 3967
6 9 3 1 3 2 2 139 9 23 108 599 86 95 317 2 317 16 13 6 18 3
3776 4033 4034 3915 4036 3958 4039 4041 4042 3851 3884 3789 4016 4017 3666 3894 3673 4026 3978
430 20 34 112 17 51 12 4 16 141 30 53 11 26 329 333 329 14 26
3776 4034 4099 4036 4070 3978 3851 4098 4082 4110 3789 4080 4017 3666 3894 4088 3673 4090 4111 4094 4095
305 47 11 46 79 137 186 9 132 3 54 44 19 512 113 23 512 15 3 33 16
3776 4146 4115 4145 3978 3851 4082 4142 4141 4080 4017 3666 4147 4116 3894 4088 3673 4095 4094 4148
193 1 3 1 13 194 20 3 4 133 7 393 3 59 80 80 393 3 20 2
3776 4193 3851 4080 3666 4115 4212 4181 3894 4215 4088 3673 4116
110 5 206 147 296 105 6 8 51 3 51 296 39
3776 4226 3851 4268 4270 4271 4080 3666 4115 4247 3673
23 4 452 17 3 2 144 376 185 47 376
4268 4298 3851 4300 4302 4303 4080 3666 4115 4247 3673 4282 4271
28 3 547 23 4 1 208 178 13 20 178 40 45
4328 3851 4333 4303 4080 3666 4307 4340 4341 4247 3673 4282 4343
4 557 6 113 279 246 40 11 3 20 246 15 1
4385 4386 4360 3851 4368 4303 4080 3666 4307 4376 3673 4379 4381 4382
2 1 15 583 6 61 244 122 1 3 122 3 2 10
4419 4421 4426 3851 4429 4430 4080 3666 4307 3673 4427 4412 4382
2 4 6 882 8 1 269 63 46 63 1 5 128
4464 4487 4488 3851 4080 3666 4307 4472 3673 4477 4382 4479
4 3 1 794 276 202 202 9 202 10 66 3
