35 28 30 38
2 6 6 1
42 63 61 55
43 1 14 4
65 100 104 107 109 110 111 114 116 117 118 119 92 61
131 11 8 3 4 8 18 9 2 2 1 1 28 56
65 155 165 169 170 172 173 174 111 176 114 147 154 175
156 2 43 8 1 6 5 3 22 3 13 5 23 1
65 194 199 204 111 208 210 211
48 29 36 18 34 9 1 1
194 230 262 231 232 267 270 271 208 250 221
35 4 18 24 29 14 15 2 113 22 42
208 292 302 317 304 275 250 221 318 319
14 37 19 3 22 19 299 55 11 1
292 358 362 333 366 365 370 373 342 345 250 330 221
75 41 12 35 1 3 3 4 67 5 407 1 148
292 358 391 394 396 333 398 399 401 402 407 250 221
142 100 7 60 2 45 27 44 3 4 1 464 58
292 453 358 465 489 394 333 398 399 401 467 484 250 463 221
441 22 34 2 3 97 112 1 121 14 3 14 529 44 100
292 453 561 564 333 463 401 399 565 566 536 532 250 539 559 549
649 87 4 1 151 8 76 67 11 2 6 7 333 27 1 14
578 292 453 585 333 590 613 401 596 610 598 605 612 250 570 606 575
18 870 177 7 149 3 1 67 21 9 13 1 6 158 49 9 16
641 611 292 453 614 585 650 651 652 333 653 401 649 644 250 639 570 575
8 12 853 257 8 44 1 3 1 31 1 77 2 1 331 2 36 20
641 570 292 453 698 585 401 690 691 692 693 694 696 697 250 699 666 575
5 5 631 587 1 50 68 2 1 8 3 5 3 2 313 1 11 10
738 739 292 453 743 744 585 746 401 693 694 727 250 741
4 4 624 815 1 1 17 2 40 15 85 2 335 10
768 292 453 806 585 781 401 790 787 693 694 804 250 805
87 497 1090 1 23 12 11 7 16 70 74 3 101 3
768 292 453 838 807 840 841 843 781 693 694 250 826 830
223 581 974 9 7 2 5 3 45 81 89 123 60 20
768 292 453 840 874 872 851 693 694 826 250
395 724 1037 29 14 8 29 31 177 144 31
768 898 292 453 840 874 907 913 914 916 694 921 826 925
279 20 643 1193 102 45 24 19 20 38 183 17 73 7
768 961 898 907 292 453 840 874 939 962 960 694 953 826
230 1 128 9 705 1210 51 116 15 1 1 306 8 194
768 961 898 292 453 840 1001 874 962 1007 1009 1010 1011 1012 694 996 826 980 1002 997
118 17 35 817 1178 47 12 163 17 11 1 1 2 1 142 3 162 6 3 19
768 961 962 292 453 874 898 1021 694 1015 1014 826 1020 1018 1022
341 99 99 722 1278 181 134 1 334 8 32 253 3 7 1
768 961 1058 1056 292 453 1057 1032 874 962 1038 1054 1045 694 1015 826 898
249 71 1 1 696 1304 3 3 430 71 6 10 119 239 51 489 122
768 961 962 292 453 1094 1089 1096 1097 874 694 1015 1092 826 1093
155 109 109 776 1224 1 10 1 3 471 305 88 11 483 3
768 961 962 292 453 1127 1129 874 1131 1133 1120 694 1015 1124 826 1130 1125
234 118 118 616 1384 2 10 419 3 1 1 197 80 6 790 4 3
768 961 962 292 453 1153 1161 874 1163 1166 1167 1168 1170 1171 1172 694 1015 826 1149
323 25 25 627 1373 26 13 436 3 5 8 5 2 2 2 191 5 967 32
768 1153 962 292 453 1222 961 874 1223 1218 694 1015 1220 826
76 151 22 968 1032 14 22 636 2 16 332 53 10 913
1222 1153 1218 1253 292 453 1254 1270 874 1261 694 1015 1273 826 1274 1277 1278 1279
1 229 26 4 1296 704 28 16 941 30 355 73 3 621 2 1 7 3
1153 1314 1316 292 453 1319 1320 1321 874 1323 1325 1296 694 1015 1305 826 1322 1308 1290 1311
151 2 7 1162 838 12 1 3 981 2 1 34 181 13 22 763 2 11 15 1
1153 1379 292 453 1319 1380 874 1355 1356 1377 1366 1335 694 1305 1368 1369 826 1371 1372 1341 1381
36 1 824 1176 15 1 788 22 13 1 1 54 36 80 5 9 638 6 2 31 4
1408 1441 1442 1451 292 453 1447 1448 874 1387 1416 1305 826 1437 1438
47 20 17 10 891 1109 2 4 891 39 4 175 499 17 20
1441 1513 292 453 1495 1532 874 1527 1489 1522 1523 1524 1526 1529 1305 1530 1531 1500 826
23 2 854 1146 6 2 854 4 9 6 1 1 3 3 165 2 3 2 406
1568 1569 1539 292 453 874 1580 1581 1557 1305 826 1578 1534
7 16 15 987 1013 987 1 2 20 25 265 5 16
1569 1603 292 453 874 1613 1618 1619 826 1578
47 18 1256 744 1256 25 5 4 73 35
1569 1603 292 453 1638 1671 1640 874 1644 1677 1613 1688 1625 826 1691 1692 1578 1663
86 34 924 1076 20 5 33 924 33 16 14 5 14 246 2 2 201 56
1696 1569 292 453 1640 874 1739 1644 1741 1742 1743 1688 1625 826 1578 1663
41 296 1076 924 19 1076 1 223 6 5 3 13 29 155 366 26
1797 1802 1804 1805 1807 1808 1696 1569 292 1578 826 453 1625 1760 1640 874 1644 1773 1774 1781 1784 1785 1788 1663
12 7 2 7 10 1 38 154 904 347 176 1096 13 15 5 904 426 13 36 11 92 22 9 23
1696 1569 292 453 874 1850 1644 1774 1846 1784 826 1851 1852 1578 1663
99 149 1137 863 1137 2 532 13 1 282 207 2 1 415 22
1696 1569 292 453 1897 1578 1899 1644 1898 1870 1900 1784 826 1663 874 1887
107 220 1441 559 2 428 1 176 4 30 3 276 383 54 1441 41
1696 1569 1887 292 453 1946 874 1931 1644 1901 1870 1949 1934 1784 1924 826 1947 1948 1578 1663
239 246 15 1817 183 1 1817 3 47 7 18 3 13 229 13 136 2 4 637 2
1696 1569 1955 292 453 1985 874 1964 1965 1978 1974 1784 826 1948 1578 1982 1983
111 297 93 1938 62 2 1938 42 16 6 20 415 62 18 685 7 5
1696 1569 1955 292 453 2022 2025 874 1964 2001 1784 1988 826 1948 1578 2015
198 289 104 1963 37 3 3 1963 40 15 609 5 37 94 468 6
1696 1569 1955 292 2053 2049 2056 2044 874 2045 1964 2031 1784 2043 1948 1578 2015
132 33 67 2000 3 20 1 21 2000 2 10 26 1047 2 65 402 41
1696 1955 292 2086 2088 2044 874 1964 2093 2062 2098 2099 2103 1784 2105 2106 1948 1578
216 184 2000 5 24 15 2000 57 4 70 6 7 1 911 2 3 32 791
1696 1955 292 2088 1948 874 2130 2062 2098 2131 1784 2116 2044 1578 2111
530 518 2000 125 12 2000 1 5 42 1 674 13 41 947 62
1696 1955 292 2088 874 2191 2193 2196 2199 1784 2200 1578 2174 2111
653 653 2000 165 2000 3 1 14 2 617 2 933 6 142
1696 1955 292 2088 2217 874 2237 2196 2174 1784 2234 2235 1578 2238 2111
850 850 2000 175 15 2000 1 11 3 573 16 4 1126 2 90
1696 1955 292 2291 2088 874 2289 2290 2259 2292 2261 1784 2234 2293 1578 2111
299 299 2000 3 41 2000 3 6 134 3 121 746 20 2 676 26
1696 2337 1955 292 2343 2344 2313 874 2348 2349 2350 2259 2261 2345 1784 2331 2332 1578
236 3 236 2000 7 3 51 2000 8 1 2 29 39 1 630 14 3 1069
1696 2387 2370 2371 292 2343 874 2380 2382 2386 1955 2261 1784 2331 1578
150 1 5 17 2000 36 2000 10 1 2 150 359 305 36 1048
1696 2401 2402 1955 292 2343 874 2411 2412 2413 2414 2383 2403 2388 2261 1784 2331 1578
366 2 6 366 2000 60 2000 3 1 3 1 16 4 31 150 137 60 1496
1696 1955 292 874 2477 2478 2480 2481 2482 2467 2388 2261 1784 2457 2460 1578
368 368 2000 2000 3 6 6 2 1 15 43 11 164 2 24 1588
1696 2496 1955 292 2533 874 2531 1784 2460 1578
42 19 42 2000 2 2000 2 54 209 1571
2496 2561 2594 2595 292 2597 2588 874 2571 2596 2577 1784 2585 2460 1578 2591
110 45 9 14 2000 1 18 2000 11 3 13 105 12 205 1615 15
2571 2577 2460 2591 292 2600 2588 1578 2496 2628 2637 2638 2640 2641 2642 2644 2645 2647 2648 2650 874 1784
18 17 122 43 2000 2 60 1769 174 31 15 3 12 12 1 7 3 3 1 2 2000 99
2496 2691 292 2588 874 2700 2577 1784 2655 2460 1578 2591
284 27 2000 119 2000 21 96 28 14 93 1855 107
2496 2722 2691 292 2730 2728 2460 874 2577 2739 2742 2743 1784 2588 1578 2591
194 52 23 2000 39 36 101 2000 224 18 6 1 23 84 1804 78
2496 2785 2754 292 2789 2730 2728 2460 874 2763 2722 2791 2577 2784 2792 2793 2588 1578
238 19 7 2000 8 15 8 25 2000 11 25 9 211 3 1 2 59 1676
2496 2785 292 2854 2855 2856 874 2859 2796 2577 2858 2588 1578 2815
495 60 2000 16 6 1 2000 2 49 406 1 90 1851 132
2496 2785 2880 292 2876 874 2796 2864 2577 2873 2588 1578 2815
596 77 13 2000 13 2000 144 60 235 5 36 1908 59
2496 2880 2925 292 2918 2785 2928 874 2923 2796 2922 2926 2927 2864 2577 2929 2916 2588 1578 2910 2913
416 74 2 2000 2 58 2 2000 2 293 3 3 1 164 23 1 7 7 2000 26 5
2946 2948 2956 2968 2971 2974 2975 2976 2978 2979 292 2981 2983 2984 2986 2987 2864 2496 2980 874 2796 2939 1578
13 9 22 11 4 4 5 5 9 6 2000 16 6 2 1 7 186 541 1 2000 340 107 2000
2976 2496 2978 2979 292 3015 3020 874 2796 2864 2995 3028 3029 3024 2939 1578 3027
84 647 39 38 2000 18 47 2000 308 39 13 1 1 25 127 2000 3
2976 2496 2978 2979 292 3015 3020 874 3083 2796 3084 3087 3057 3090 3091 3092 3089 3076 2939 1578
170 327 85 32 2000 17 82 2000 2 329 5 2 42 4 2 1 2 41 62 2000
2496 2976 2978 292 3057 3084 874 3147 2796 3151 3153 3125 3135 3076 2939 1578 3020
209 52 8 2000 9 32 2000 2 363 8 2 44 5 16 6 2000 35
2496 2976 292 3084 874 2796 3125 3128 1578 3020
28 7 2000 268 2000 593 18 3 2000 107
292 3142 3143 3084 874 2796 3152 3153 3154 1578 3020
2000 1 27 142 2000 575 26 2 1 2000 27
292 3176 2796 874 3084 3181 3152 3187 3188 3178 3162 1578 3189
2000 4 293 2000 156 6 154 13 8 4 11 2000 3
292 3084 874 2796 3152 3218 3219 3221 3222 1578 3212 3199
2000 118 2000 455 139 12 2 2 2 2000 8 36
292 3084 874 3243 2796 3152 3212 3242 3223 1578 3199
2000 108 2000 2 368 74 11 4 85 2000 58
292 3244 874 2796 3084 3247 3212 3223 3256 3257 3258 3259 3260 1578 3199
2000 20 2000 410 30 23 22 63 5 1 1 2 1 2000 104
292 3269 3272 874 2796 3278 3280 3281 3282 3283 1578 3199
2000 21 8 2000 570 5 4 9 3 1 2000 160
3344 3355 292 3269 3337 874 2796 3341 3325 3280 3348 3285 3350 3287 3352 3353 3354 3323 1578 3294 3199
1 1 2000 8 10 2000 601 8 8 50 4 83 2 51 6 2 3 11 2000 83 212
3360 3285 3387 292 3366 874 2796 3374 3389 3280 3391 3380 3381 3287 3384 3364 3370 3388 1578 3294 3199
37 9 1 2000 1 2000 718 9 4 15 1 2 1 123 4 114 18 2 2000 9 623
3360 3457 3364 3429 874 2796 3453 3441 3455 3445 3287 292 3370 3452 1578 3199
110 2 319 8 2000 1052 11 11 1 1 29 2000 4 34 2000 1027
3360 3517 3364 3462 3521 874 3508 2796 3453 3473 3520 3509 292 3524 1578 3199
204 11 302 15 4 2000 2 1392 85 3 7 4 2000 1 2000 1373
3360 3553 292 3561 874 2796 3565 3566 3453 3568 3569 3542 3364 1578 3199
303 2 2000 3 2000 1454 2 5 8 4 5 6 235 2000 1454
3360 3364 3590 874 2796 3599 3601 3603 3604 292 1578 3582 3199
114 191 15 2000 1583 13 3 1 3 2000 2000 1 1583
3360 3648 292 3641 3590 874 2796 3629 3633 3605 3609 3640 3364 3647 1578 3646 3199
112 2 2000 3 72 2000 1307 11 3 30 48 1 43 4 2000 3 1307
3360 3681 3683 292 3590 3656 874 2796 3667 3684 3647 3676 1578 3199
28 7 2 2000 16 100 2000 1356 90 2 29 4 2000 1356
3360 3681 292 3729 3656 3721 874 3719 2796 3725 3688 3730 3733 3734 3711 3647 1578 3199
18 135 2000 6 270 8 2000 6 1287 13 39 3 3 9 1 88 2000 1287
3808 3681 3810 3811 292 3809 3656 874 2796 3805 3759 3688 3734 3802 3647 3804 1578 3807 3199
6 778 3 1 2000 3 257 2000 869 3 22 21 44 6 79 9 2000 11 869
3855 3681 3852 3843 292 3846 3656 3849 874 3851 2796 3759 3856 3734 3647 1578 3199
1 731 1 5 2000 24 221 5 2000 2 960 248 7 119 40 2000 960
3914 3681 3899 292 3846 3656 3916 874 3915 2796 3759 3889 3907 3734 3895 3647 3898 3867 1578 3199
2 1078 16 2000 31 89 2 2000 3 596 147 30 6 89 12 184 7 147 2000 596
3681 3867 292 3909 3910 3656 3948 874 3947 2796 3759 3889 3734 3199 1578 3902 3647
1070 185 2000 44 64 150 4 2000 2 656 126 61 150 656 2000 5 350
3681 292 3969 3656 3980 874 2796 3981 3982 3759 3985 3954 3988 3950 3734 3647 3867 1578 3986 3199
1341 2000 13 13 6 2000 631 8 14 195 3 43 1 8 13 301 369 2000 5 631
3681 4003 292 4005 4007 4010 874 2796 3982 3759 3984 4017 4015 4016 3988 4019 3647 3867 1578 3199
997 31 2000 12 10 4 2000 919 27 333 66 1 9 3 3 1 333 266 2000 919
3681 3867 292 4063 874 2796 4059 3759 3984 4049 4003 4061 4023 4057 3199 1578 4062 3647
1045 576 2000 2 2000 823 6 316 20 1 43 1 66 13 823 2000 2 353
4132 3681 4098 3867 292 4069 4097 874 2796 4114 3759 4123 4082 4131 4084 4118 4100 3647 1578 3199
2 1388 24 673 2000 101 17 2000 491 16 26 8 32 4 18 24 98 341 2000 491
3681 4098 3867 292 4069 4097 4193 4188 874 2796 4194 4123 4082 4195 4084 4100 3647 4187 1578 4190 3199
1516 163 702 2000 201 69 3 10 2000 459 1 45 66 1 1 63 368 7 2000 11 459
4224 3681 4098 3867 292 4069 4097 874 4223 2796 4206 4221 4123 4082 4203 4219 4227 3199 1578 3647
5 1742 17 828 2000 17 3 2000 43 188 7 31 25 221 6 5 1 188 2000 86
3681 4260 292 4261 4264 874 4223 2796 4253 4082 4275 4276 4277 3647 3867 1578 3199
1816 2 2000 66 12 2000 57 150 97 182 7 10 4 22 507 2000 150
3867 4253 292 4261 1578 4338 4283 4286 4287 4309 4315 4316 3681 4324 4328 874 2796 4335 4336 4337 4082 4339 4223 3199
615 77 2000 81 2000 1 50 33 47 32 5 23 1812 40 49 2000 188 7 2 1 117 2 64 188
3681 4283 292 4261 4328 4364 874 3199 2796 4370 4253 4369 4082 4372 4309 4324 3867 1578 4287
1899 3 2000 160 70 7 2000 101 101 5 126 33 3 1 325 12 750 2000 132
3681 4418 4419 292 4261 4328 874 4427 2796 4287 4397 4253 4433 4430 4309 4429 4409 3867 1578 3199
1825 2 18 2000 177 58 2000 1 175 143 40 160 2 3 228 3 2 999 2000 175
4485 4486 4487 4494 3867 4253 292 4261 1578 4397 4287 4419 4429 4309 4439 4441 3681 874 2796 4471 4458 3199
4 13 4 4 999 264 2000 205 2000 22 154 89 159 116 33 51 1641 2000 359 27 1 359
4496 4507 4253 4512 3867 292 4261 1578 4533 4535 4540 4541 4542 4543 4545 4419 4429 4309 4439 4441 3681 874 2796 4287 3199
3 71 549 5 1243 2000 228 2000 5 6 2 15 7 7 10 107 36 49 199 42 1801 2000 199 186 199
3681 4419 292 4584 874 2796 4589 4590 4559 4253 4309 4439 4541 3867 4507 1578 3199
1859 77 2000 9 2000 141 1 2 44 706 42 178 24 1478 9 2000 141
3681 292 4614 4584 4620 1578 4631 2796 4253 4309 4439 4632 4541 3867 874 4633 3199
1977 2000 8 28 20 2000 5 23 1048 93 433 6 23 1505 2000 2 23
