32 33 35 38 39 8 13 27
13 9 8 6 4 37 29 26
65 79 43 13 47 80 51 27
75 16 4 96 62 3 72 91
65 72 13 47 113 114 117 118 119 27
26 9 96 139 4 3 2 1 1 109
160 65 130 165 13 47 179 117 27 158
3 22 69 22 23 169 11 171 55 6
65 226 225 236 130 208 243 117 247 216 249
26 23 3 14 18 1 1 105 8 21 1
288 225 290 291 292 293 289 272 208 274 275 117 282 286 255
3 155 4 4 1 1 1 21 82 3 41 244 8 1 1
225 299 333 303 208 337 338 275 308 117 336 282 316 314
146 8 3 4 12 4 3 20 67 223 5 77 5 7
225 386 387 370 308 117 374 375 377 282 378
107 10 3 5 66 110 3 2 20 3 5
225 423 436 430 431 308 117 377 378 437
202 12 1 4 2 75 202 10 107 1
225 455 459 460 461 430 463 308 117 378
530 12 1 2 4 27 2 67 530 54
480 225 482 483 484 485 487 455 117 474 378 478
1 441 7 4 11 1 3 28 441 32 28 6
225 484 492 495 117 504 505
127 50 14 3 127 13 8
544 225 514 547 484 518 545 492 526 117 504 548
1 60 29 7 18 13 13 89 10 60 258 3
545 578 548 518 600 587 492 558 568 565 504 602 604 605 606 607
44 9 72 26 5 46 198 98 32 77 136 5 1 4 2 2
545 518 625 618 587 492 558 623 624 568 504
65 74 3 1 88 242 114 3 1 8 121
672 674 675 518 587 492 558 625 504 671
6 1 1 40 289 107 297 32 297 8
704 705 518 587 492 558 625 693 504 699 701
3 1 46 214 188 166 99 33 166 5 21
737 740 518 716 587 492 558 625 504 730 731 701
20 11 3 3 80 25 85 76 85 23 19 12
779 792 775 776 587 558 784 625 790 504 730 799
12 11 52 3 209 24 50 24 3 24 112 3
779 775 809 587 812 558 815 784 625 790 504 730 795 797
54 78 4 164 7 73 1 26 73 29 73 124 1 9
834 587 775 779 843 558 625 850 853 854 504 857 730
27 213 100 2 60 314 314 27 4 3 314 4 182
834 843 775 587 558 625 850 883 886 887 504 889 891 893 894
11 71 164 393 190 190 11 16 2 7 190 1 3 1 1
960 962 587 775 905 843 898 558 625 946 963 504 954 955 958
3 1 388 367 5 113 26 69 69 6 1 69 6 4 2
1027 1025 898 843 775 587 1026 558 1003 625 1011 1015 504 954 987 1020 958 991
1 5 29 92 181 234 1 213 23 213 4 6 213 93 10 4 84 12
1089 898 587 1105 775 1096 1098 843 1100 558 1103 1104 625 1106 1086 1102 504 954 958
5 18 211 2 211 10 1 134 2 201 4 1 201 3 32 3 201 156 105
1120 587 775 1161 843 1086 1164 1165 1134 625 1155 1163 558 504 954 1162 958
48 113 113 12 61 38 1 1 87 411 8 1 411 411 106 1 39
1120 1185 843 775 1194 587 1196 1197 558 1198 1168 625 1086 504 954 1199 958 1183
10 14 51 113 20 113 2 3 483 2 141 483 15 483 10 2 120 10
843 775 1226 587 558 1168 625 504 1243 958
93 208 44 208 1043 216 1043 1043 5 56
843 1252 1318 775 1315 1226 587 1293 558 1168 625 1299 1303 504 1274 1309 958
147 9 1 195 1 19 195 1 804 324 804 46 16 804 26 6 19
1377 1378 843 775 1361 1226 587 1357 1326 1373 1168 625 1299 558 1379 504 1323 1370 1372 1322 958
2 2 233 550 6 15 550 9 12 3 444 600 44 600 1 600 6 10 13 12 15
1432 843 775 587 558 1168 625 1396 1431 504 1403 1406
1 203 495 495 586 281 586 6 3 586 39 46
1440 587 775 1449 843 558 1168 625 1443 1396 1464 504 1466 1403 1467 1406
20 278 278 2 68 471 171 471 24 12 3 471 2 13 6 43
1440 1505 1464 1528 775 587 558 1168 625 1522 1443 1524 1493 504 1396 1530 1531 1500
33 41 195 2 292 292 279 189 279 1 247 5 91 279 16 2 1 8
1168 1443 1542 625 587 558 775 504 1505 1556 1493 1464 1524 1565
107 122 10 471 122 471 122 471 3 38 340 122 18 1
1616 1443 625 1621 1168 587 558 1615 775 504 1618 1619 1556 1614 1464 1620 1610 1493
17 123 284 1 162 123 284 4 123 284 7 1 30 2 123 1 1 32
1632 1648 1443 625 1656 1168 587 558 1661 775 504 1633 1464 1664 1627 1658 1663
9 22 210 121 1 102 210 121 1 210 121 20 210 1 70 4 2
1696 1633 1443 1700 1702 775 1705 587 1703 558 1168 504 625 1464 1658 1627 1692 1663
6 166 186 11 4 186 4 186 7 14 438 14 14 186 8 353 10 40
1633 1443 1707 1755 775 587 1168 1719 1464 1658 1627 1756 1757 1663
202 237 152 17 237 237 486 22 237 47 422 1 1 93
1633 587 1796 1766 1755 775 1800 1769 1707 1773 1799 1168 1784 1798 1443 1801 1464 1658 1627 1788 1663
435 180 5 18 30 180 1 18 200 35 2 446 11 2 180 1 180 149 441 9 161
775 1168 1443 1707 1840 1845 1464 1850 1851 1853 1855 1857 1858 1863 1865 1866 587 1755 1633 1627 1766 1769 1773 1658 1663
134 500 134 207 3 12 134 39 33 10 12 6 4 5 4 5 134 93 694 500 102 102 21 134 97
1920 1633 587 1755 1766 1863 1769 1707 1887 1443 1902 1168 775 1907 1897 1464 1658 1627 1916 1885 1663
1 654 63 82 203 83 203 86 3 63 7 555 63 6 5 63 63 555 2 6 158
1792 1633 1794 1755 1787 1766 1793 1769 1770 1168 1627 1776 1663
2 863 2 107 8 207 4 207 4 313 313 9 250
1800 1802 1803 1805 1168 1810 1825 1627 1839 1849 1853 1856 1858 1863 1864 1866 1755 1633 1766 1769 1787 1663
22 110 13 56 331 4 15 331 10 13 6 5 1 2 1 2 311 980 294 294 35 54
1633 1755 1766 1769 1802 1803 1168 1905 1906 1876 1880 1913 1627 1915 1663
1215 76 398 398 76 51 170 3 5 2 31 1 170 4 63
1633 1755 1951 1766 1959 1769 1802 1803 1933 1168 1955 1940 1956 1627 1949 1663
854 215 7 642 1 642 215 15 3 299 11 10 3 299 10 25
1633 1755 1766 1769 1802 1998 1168 1994 2003 1940 2004 1627 1949 1982 1663
1312 169 381 381 169 6 169 11 2 54 4 169 54 43 77
1633 2018 1755 1766 1769 1802 2029 2011 1168 2019 2036 1982 2040 2041 2042 1627 2014 1663
965 3 321 589 589 321 19 24 321 3 4 36 1 4 3 321 19 94
1633 1755 2084 2053 1766 2096 2088 1769 1802 2091 2093 1168 2083 2014 2103 2041 1627 2101 1982 1663
1197 393 1 9 291 17 4 291 393 19 22 393 10 117 1 2 393 1 69 70
1633 1755 2150 1766 2151 2088 1769 1802 2093 1168 2014 2134 2138 1627 1982 1663
1213 489 3 284 7 24 284 489 47 489 34 8 4 489 117 14
1633 1755 2213 1766 2151 2014 1769 1802 2175 2191 1168 2216 2214 2174 2199 1627 2204 2215 1982 1663
1257 436 23 197 92 29 197 436 10 17 436 1 2 29 16 436 11 2 118 110
2272 1633 2274 1755 1766 2151 1769 1802 2247 2239 2191 1168 2199 1627 2269 1982 1663
3 1191 2 338 422 23 422 338 2 45 196 338 17 338 1 375 49
2304 1633 1755 2310 1766 2323 1769 1802 2295 2318 2191 1168 2321 2307 2324 2283 2199 2296 1627 2313 1982
5 1112 306 5 582 2 582 306 26 2 6 306 1 26 5 4 35 15 306 3 556
1633 2366 1755 1766 2369 2344 1769 1802 2375 1168 2360 2323 2371 2359 2296 2363 1627 1982
930 11 260 810 5 6 810 260 9 260 24 12 7 35 48 1 260 810
1633 1755 2404 2405 1766 1769 1802 2414 2415 1168 2403 2366 2359 2393 1627 2410 1982
1026 293 15 32 681 681 293 1 2 293 4 105 56 16 293 1 681
1633 1755 2405 1766 1769 1802 2359 1168 2419 2366 2423 2393 1627 2428 2429 1982
1223 240 23 537 537 240 2 240 68 289 3 102 240 5 6 537
1633 2480 1755 2470 1766 2472 1769 1802 2475 2477 2478 2479 1168 2481 2419 2366 2393 1627 2461 1982
744 3 276 1 980 8 980 276 5 3 3 3 276 1 79 316 2 276 18 980
1633 1755 1766 1769 1802 2509 2510 2511 1168 2499 2512 1982 1627 2366 2495
417 122 1461 1461 122 16 5 1 122 11 1 1461 122 206 26
2560 1633 2562 1755 2564 2534 1766 1769 1802 2528 2509 1168 2514 2499 1982 1627 2556 2538 2366
12 394 2 305 3 54 1301 1301 305 27 149 305 4 28 1301 305 26 9 125
1755 1633 2499 1766 2534 2593 1769 1802 2604 2509 1168 2577 2595 2366 1627 2602 1982
15 642 8 1343 53 4 1343 15 2 366 15 35 15 105 15 3 1343
1633 1755 1766 1769 1802 2509 2670 2669 1168 2659 1982 2646 2665 1627 2366
608 7 1385 1385 7 172 1 1 7 2 1385 22 11 7 137
1633 2678 1766 2657 1769 2509 2676 1982 2646 2679 2682 2685 2366
589 7 1411 12 1411 176 3 1411 101 23 2 1 140
1633 1766 2657 1769 2732 2509 2735 2736 2366 2646 2679 2721 1982 2719
831 1169 60 1169 12 201 2 1 239 367 48 8 1169 7
1633 2787 2789 1766 2657 2792 1769 2794 2791 2509 2790 2366 2646 2679 2778 1982
608 14 6 1392 49 1 1392 3 1 110 1 310 177 73 36 1392
2848 1633 2787 2822 1766 2657 1769 2855 2796 2509 2854 2849 1982 2646 2679 2853 2366 2847
1 924 54 109 1076 70 1076 1 60 354 1 1 1076 83 155 2 487 25
1633 2822 1766 2881 2888 1769 2890 2509 2657 2864 2366 2870 2679 2873 2875 2876 1982
1264 396 736 6 1 736 1 570 30 26 694 2 239 4 13 10 736
1633 2915 2822 1766 2919 1769 2918 2509 2926 2925 2928 1982 2679 2905 2876 2366
1418 18 428 582 4 582 14 763 1 5 2 582 442 24 18 655
2944 1633 1766 2822 1769 2918 2509 2959 2960 2931 2366 2950 2679 1982 2953
54 1395 605 364 605 86 825 3 6 32 570 23 433 605 8
1633 2822 2918 2984 1769 2986 2999 2509 2998 1766 2366 2950 2679 3000 1982
1329 188 521 13 671 20 5 1184 30 671 145 55 126 2 671
1633 1766 2918 1769 2986 2509 3054 2950 2822 3065 1982 2998 2679 3064 3033 3068 3069 2366
1446 554 545 554 97 1276 10 97 136 5 554 76 170 3 30 1 1 170
2822 3093 2950 2986 3115 3117 3119 3121 2998 3127 3128 3133 1982 3136 2509 3033 3109 1633 2918 1766 1769 2366 2679
191 34 183 183 19 2 14 10 49 3 6 2 532 2 1341 33 8 1468 493 532 532 127 127
3200 1633 1766 2918 3208 1769 2986 3212 2509 3214 3119 3213 2822 1982 2950 2679 2366 3205
12 1371 629 701 25 629 154 2 1253 4 65 2 154 629 154 118 118 17
3200 1633 3211 2950 2822 1769 2986 3223 2509 3230 3119 1766 2366 2918 2679 3224 3226 3229 1982 3231
96 1281 16 327 327 719 327 3 1251 2 93 719 30 546 30 2 5 2 719 2
3200 1633 2822 1766 1769 2986 2509 3230 3215 3218 2366 3220 2918 2950 2679 3224 3229 1982
122 1054 397 946 946 397 1035 2 13 25 19 5 516 397 19 2 4 946
3200 1633 3298 3301 2918 2822 3249 1769 2986 3303 2509 3302 3215 1766 2950 3256 1982 3269
125 856 5 1 172 559 46 1144 559 1 856 1 27 1144 559 56 1144 17
3200 1633 2822 2918 3249 1769 2986 2509 3312 1766 2950 3256 1982 3269
150 1301 569 582 55 699 569 1301 6 699 569 2 699 46
3200 1633 3332 1766 2918 3249 1769 2986 3340 2509 3342 3343 3345 2822 3348 2950 1982 3269
289 1430 14 570 617 11 570 524 9 1430 2 5 9 524 3 524 570 10
3200 1633 3332 1766 2918 3345 1769 2986 3371 3340 2509 3342 3373 3376 3249 2822 2950 3375 1982 3269
318 1532 3 468 495 10 468 719 3 32 1532 89 6 2 19 719 719 3 468 32
3200 2822 3340 3342 3397 2950 2986 3249 1982 3269 3425 2509 3408 1633 1766 2918 3431 1769 3440 3442 3444 3446 3451 3454 3455
80 822 68 62 154 822 822 24 365 68 2 1635 15 1635 365 733 25 365 8 9 2 7 4 1 1
2822 3465 3340 3342 3476 3397 3492 2950 3505 2986 3500 3249 3507 1982 3269 3468 2509 1633 2918 1766 1769 3446
790 79 56 94 56 19 1 790 6 790 12 152 1 237 56 28 1763 1763 973 237 237 10
2822 3465 3340 3342 3476 2950 2986 3500 3249 1982 3522 3269 3532 2509 3534 3557 1633 1766 2918 3559 1769 3570 3573 3574 3575 3576
648 100 89 150 89 648 648 144 258 228 37 89 12 1772 11 8 1772 228 1124 5 228 5 14 1 1 4
3588 3589 2822 3465 3340 3342 3476 3605 3607 3609 3610 3611 3612 2950 2986 3500 3249 1982 3269 2509 3598 1633 1766 2918 3559 1769 3575 3583
91 53 432 24 54 293 54 1 2 3 1 1 1 432 432 72 21 343 54 1657 1 1657 343 1225 33 343 34 33
2822 3340 3342 3476 3609 3611 3614 3618 2950 3623 3624 2986 3500 3631 3249 3634 3633 1982 3269 2509 1633 1766 2918 1769 3575
191 26 107 26 8 40 6 13 191 12 16 191 17 4 27 2 1 631 26 1369 1369 631 1178 631 8
3660 1633 2918 2822 3649 1769 2986 3659 3500 2509 3342 2950 3666 3667 3646 3638 1766 3611 3662 1982
22 1559 1325 234 33 441 234 23 24 1559 12 234 3 1 40 142 441 5 4 441
1633 2918 2822 3649 1769 2986 3638 2509 3342 1766 3646 2950 3705 3672 3673 1982 3701
1624 1340 284 37 376 284 62 1624 26 376 36 284 1 27 7 376 3
1633 3756 1766 2918 3751 1769 2986 3638 3724 2509 3757 3750 2822 2950 3753 3672 1982 3749
1728 4 272 1504 3 272 224 33 52 1728 2 2 224 224 1 4 272 5
1633 3778 3780 1766 2918 3783 1769 2986 2509 3782 2822 3763 3774 2950 1982
1720 11 17 280 1554 3 280 166 1720 11 166 2 13 166 280
1633 3778 2918 1766 3809 1769 3818 3799 2509 2986 3824 2822 3827 3798 2950 3831 3801 3833 3805 1982 3813
1307 152 1238 693 2 693 25 3 1307 69 8 69 11 3 69 9 3 2 7 693 19
1633 3778 3875 3876 2918 1766 3879 3880 1769 2986 2509 3824 2822 3878 3877 2950 1982 3813
1369 165 3 1 1358 631 1 3 631 11 1369 6 11 1 5 11 631 141
1633 3778 2918 1766 1769 3893 2509 3824 3890 3877 3894 3896 1982 3813
1484 192 1484 516 516 14 1484 79 91 22 11 5 516 279
3969 3971 1766 3890 3894 3899 1982 3778 3911 3914 2509 3935 3936 1633 3813 2918 1769 3952 3954 3955 3958 3962
4 1 327 75 68 88 327 139 80 6 1673 1 55 1673 320 1673 327 1 3 1 8 8
3936 1633 3778 2918 1766 3911 1769 2509 4017 3890 3894 4018 1982 3813
133 1550 22 1550 450 45 450 1550 5 64 159 3 450 334
3936 1633 3778 2918 1766 1769 4074 4075 2509 4078 4077 4017 3890 3813 3894 4057 4079 4060 1982 4063
286 1849 106 1849 151 151 34 1 1849 4 3 125 115 547 33 45 1 15 151 3
3936 1633 3778 3813 2918 4135 4136 1769 4074 2509 4109 4017 3890 3894 1766 4122 4134 4093 1982 4127
147 1975 18 392 1975 1 3 25 18 1975 2 73 90 7 25 4 7 45 25 1
3936 1633 4196 3813 2918 4017 4193 4201 4074 4199 2509 4177 3890 4179 4152 4184 4200 4189 4145
112 2000 2 214 2000 73 3 1 6 4 2000 61 178 12 30 49 5 6 67
3936 1633 4227 4228 3813 2918 4017 4225 4201 2509 4230 4177 3890 4179 4215 4219 4189 4145
244 2000 2 1 401 2000 225 23 37 2000 2 225 65 16 31 7 21 225
3936 1633 3813 2918 4017 4225 2509 4177 4242 4243 4277 4278 4279 4145
301 2000 500 2000 301 14 2000 301 14 5 15 5 1 301
3936 1633 3813 2918 4017 2509 4177 4242 4312 4313 4314 4315 4316 4317 4145 4320
312 2000 349 2000 312 2000 312 3 28 10 9 19 3 4 312 1
3936 1633 3813 2918 4017 2509 4177 4312 4313 4314 4315 4145
364 2000 364 2000 364 2000 364 58 5 2 3 364
3936 1633 4358 3813 2918 4017 2509 4366 4335 4177 4341 4374 4316 4145
50 2000 9 50 2000 50 2000 3 5 50 2 1 76 50
