32 36 8 41 10 43 12 45 46 16 40 42
15 23 7 6 25 1 7 1 1 1 4 1
36 92 10 79 82 87 89 90 91 60 93
70 4 144 7 1 9 3 3 1 70 1
102 10 151 142 149 150 119
39 291 2 14 5 11 80
192 196 197 198 10 172 176 178 179 119 187 188
10 11 2 3 104 10 2 16 8 78 2 11
268 266 267 172 271 272 273 119 249 255
8 3 27 188 4 4 1 25 29 11
328 172 301 334 336 313 283 285 318 255
9 173 51 2 1 53 26 41 4 7
386 387 391 329 172 397 398 301 338 345 283 381
6 5 1 207 61 1 2 1 26 21 48 9
417 422 423 329 426 427 172 338 406 428 381
2 1 6 370 8 1 235 100 29 2 35
448 452 455 456 329 426 172 338 457
5 3 8 2 337 23 317 152 1
485 486 455 329 490 172 495 497 498 499 501 502 503 504
4 62 2 169 18 530 23 7 11 2 1 1 3 1
486 551 552 329 172 525 553 506 541
325 4 1 121 385 1 4 37 2
486 615 585 618 619 172 525 621 329 600 506
397 3 85 2 2 259 11 1 139 13 106
674 486 329 682 652 172 686 623 690 692 630 663 600 506
8 540 105 47 4 378 35 25 8 1 6 28 85 23
716 486 329 682 172 686 720 722 691 663 731 733 735
127 872 137 57 35 24 1 1 11 15 5 12 13
801 803 806 486 329 682 716 733 805 799 765 735
1 2 1 835 127 7 94 1 1 3 46 35
486 838 871 329 875 716 813 841 881 882 886 809 862
786 29 4 101 5 77 105 6 3 4 1 34 13
486 838 716 906 908 813 913 917 329 892
780 64 24 17 5 147 3 1 5 10
960 962 964 486 838 937 908 947 949 965 959
4 4 1 444 93 6 132 1 53 1 32
992 997 486 1000 1002 908 973 979 838 949 998 959
8 5 281 1 1 98 52 33 9 298 3 29
1025 838 486 908 973 1041 1042 979 1044 949 1046 1052
7 30 234 56 58 153 17 2 7 274 7 7
1025 1090 1092 838 486 1089 908 973 1072 1041 979 1044 949 1093
33 4 5 4 365 5 106 159 73 176 53 33 143 3
1089 1155 1156 1157 486 1153 908 973 1072 1041 979 949 1144 1158 1151
16 11 9 1 387 21 210 29 98 170 16 114 15 1 8
1168 486 1089 1217 1200 908 1072 1041 979 949 1215 1213 1214 1183
57 585 14 3 1 451 41 87 14 55 2 2 9 16
1281 1282 1284 1286 486 1289 1168 1291 908 1262 1263 1072 1041 1267 949 1273 1275 1269
35 1 3 4 598 4 16 2 541 23 18 157 131 63 157 26 53 1
1312 1350 1349 486 1353 1354 1355 908 1294 1072 1041 949 1273 1275 1341 1342
6 1 19 511 10 7 6 511 277 71 17 71 17 6 25 2
1377 1381 486 1393 908 1388 1389 1294 1391 1072 1392 949 1353 1341 1385
18 25 336 1 336 2 14 621 2 19 2 19 6 135 3
1440 1441 1442 1413 486 908 1294 1395 1341 1414
7 4 27 85 176 176 714 15 141 28
1440 1442 1414 486 1449 1495 908 1453 1294 1488 1489 1490 1492 1463 1341 1413
4 60 53 147 90 3 147 23 284 18 13 9 10 7 144 8
1537 1442 486 1414 1543 1544 1449 1542 908 1453 1294 1524 1527 1528 1341
3 105 29 124 7 1 107 5 29 13 280 7 8 8 76
1442 1542 486 1449 1559 908 1294 1555 1556 1558 1527 1528
122 4 63 148 1 63 218 7 7 5 58 58
1442 1603 1606 1608 1449 1610 1611 1580 1613 1294 1583 1617 1618 1555 1620 1621 1527 1528 1615
78 12 2 2 23 3 21 15 9 347 15 2 5 104 1 1 8 8 10
1666 1640 1611 1442 1294 1677 1680 1672 1618 1555 1650 1654 1655 1624 1658 1679 1661 1630
15 7 89 121 302 12 1 19 73 66 15 54 20 79 13 12 1 11
1728 1729 1442 1700 1732 1611 1730 1294 1679 1618 1555 1716 1654 1721 1722 1723 1630 1727
5 2 163 29 1 12 7 228 17 129 28 2 163 16 1 9 51 3
1442 1782 1766 1735 1778 1294 1679 1618 1781 1654 1786 1788 1789
103 2 2 69 2 104 42 94 8 103 1 1 5
1442 1765 1766 1735 1294 1679 1777 1618 1779 1654 1782 1784 1786 1787 1790
284 40 3 6 284 102 14 2 43 284 9 7 4 2 1
1792 1793 1442 1795 1765 1794 1294 1679 1654 1784 1790 1791
24 16 306 1 42 15 306 87 306 23 44 2
1442 1795 1765 1801 1294 1679 1827 1813 1654 1818 1790 1829
78 57 57 36 78 7 3 22 78 7 172 7
1856 1442 1795 1860 1765 1801 1835 1869 1294 1654 1878 1865 1880 1881 1852 1790
3 8 27 1 27 26 62 55 8 8 22 5 4 1 28 474
1795 1924 1765 1926 1916 1869 1901 1906 1912 1919 1852 1790 1893
7 3 7 1 10 112 35 34 20 1 41 362 74
2016 2018 1893 1970 1869 2002 1906 2006 2007 2009 2010 1999 1852 1981 1790
1 2 28 10 54 27 33 2 13 5 24 4 216 42 468
2066 1893 2076 1869 1981 2002 2067 2068 2079 1852 1906 1790 1970
8 69 1 95 14 80 2 19 2 88 29 290 42
2115 2120 2124 1869 2125 2002 2068 2105 1852 1790 1970
17 9 12 2 7 2 10 39 99 372 118
2145 2151 2152 2155 2130 1970 2132 2142 2105 2138 2139 1852 2141 1790
14 2 2 2 19 39 19 29 2 29 9 72 4 132
2178 2194 2185 2142 2189 2160 1970 2132 2197 2201 2203 1852 1790
12 6 5 24 8 13 13 50 22 6 3 6 262
2241 2245 2246 2247 2248 2249 1790 2234 1852 2142
28 1 1 2 3 1 80 3 21 12
2241 2280 2251 2254 2257 2266 1852 1790
86 18 117 25 25 48 54 297
2241 2315 2308 2314 2251 2254 2319 2257 2323 2325 2326 2266 1852 1790
220 4 24 6 121 36 8 53 1 1 1 254 54 153
2241 2251 2376 2396 2378 2379 2380 2254 2383 2389 2392 2393 2266 1852 2397 1790 2367
443 13 7 3 6 12 1 1 29 2 1 10 123 60 2 200 26
2432 2241 2251 2436 2379 2383 2435 2266 2396 2426 1790 2367
6 717 113 1 73 63 3 161 196 2 430 58
2464 2241 2466 2491 2475 2497 2442 2251 2383 2432 2484 2485 2487 2456 2493 2458 2479 2266 1790 2367
25 835 22 14 6 1 16 39 91 1 6 5 3 74 2 56 1 133 347 85
2241 2466 2499 2533 2534 2529 2504 2383 2516 2517 2523 2458 2491 2525 1790 2367
810 5 55 2 1 5 22 258 9 6 14 189 28 14 381 3
2241 2568 2571 2572 2383 2504 2458 2523 1790
694 36 2 1 674 7 310 37 159
2241 2523 2383 2576 2590 2582 2458 2619 2620 2618 1790 2623
353 15 837 139 92 14 174 3 1 4 137 2
2241 2639 2383 2576 2675 1790 2678 2458 2619 2590 2677
244 19 861 161 14 68 1 268 28 68 1
2241 2743 2733 2383 2576 2735 1790 2742 2679 2740 2458 2639 2716 2685 2590 2741
597 2 20 802 103 12 104 1 68 1 152 41 3 27 104 3
2241 2786 2806 2790 2793 2807 2797 2383 2576 2808 2772 2590 2774 2679 2776 2804 2639 2735 2716 2685 1790
588 31 6 1 3 2 1 1053 30 1 13 118 54 204 13 1 34 223 55 11 118
2241 2786 2843 2790 2824 2844 2850 2735 2834 2835 1790 2774 2679 2808 2841 2383 2716 2590
510 46 2 37 9 1 3 183 5 6 15 60 152 37 4 1336 40 15
2241 2790 2798 2735 2590 2679 2808 2810 2383 2716 1790
344 38 1 187 7 29 3 3 1382 52 7
2241 2790 2735 2383 2835 2837 2679 2811 2716
374 59 349 1441 1 3 40 21 130
2241 2790 2860 2383 2679 2735 2716 2845 2846
358 20 44 1334 172 294 305 29 2
2912 2241 2916 2909 2889 2922 2924 2893 2383 2867 2679 2872 2906 2907 2716 2735 2879
3 327 3 15 17 1 3 24 1498 89 28 33 9 5 175 195 31
2241 2971 2977 2972 2956 2893 2735 2867 2872 2969 2970 2383 2716 2973 2974 2975
283 5 1 1 3 126 104 179 23 7 5 1624 93 2 2 1
2241 3025 2983 2985 2893 2383 2969 2989 3026 2995 3017 2872 2867 2971 2716
92 4 30 28 151 1774 30 5 2 42 9 54 92 5 134
2241 3074 2983 3080 2985 3082 3079 2893 3054 2383 2867 3081 3049 2872 2969 3035 2716 2995 3027
182 17 19 1 351 1 3 151 24 1725 182 2 21 64 19 42 93 9 28
3136 2241 2985 3127 2893 3054 2383 2867 3124 3049 2872 2716
6 66 163 1 294 49 1649 66 36 12 25 285
2241 3142 3196 3178 3181 2893 3054 2383 3186 2867 3124 3158 2985 3197 2716 3165
41 42 7 2 44 238 19 1711 14 41 31 47 13 1 248 20
2241 3142 3178 3183 3181 3054 2893 2867 3124 3190 3192 3193 3194 2383 2716
23 27 47 20 96 37 383 23 85 5 1 1 1 1444 533
3232 3233 3235 3237 3142 3207 3228 3178 3181 2893 2383 3124 3221 3225 2716
6 2 3 1 14 115 1 144 121 413 1292 119 20 12 708
3266 3259 3268 3269 3207 3241 3178 3181 2893 3248 3267 3124 2383 2716 3263
2 19 1 1 37 41 246 65 268 5 2 99 870 1130 1
3296 3299 3268 3301 3304 3241 3178 3307 2893 2383 3283 3124 3259 2716
26 26 42 6 6 6 86 19 875 1264 22 76 8 736
3329 3324 3178 3339 2893 2383 3356 3124 3349 3350 3241 3259 2716 3357
10 89 190 3 924 1548 4 25 20 1 1 89 452 2
3259 3400 2716 3178 3403 2893 3406 2383 3407 3405 3383 3387 3324
37 1 487 285 5 1146 2 1513 1 2 13 34 37
3457 3458 3259 2716 3178 3437 2893 3441 3459 3383 2383 3324 3453 3454
2 2 38 760 225 24 1043 5 2 10 1240 38 6 9
3520 3521 3522 3489 3178 3501 3502 2893 3504 3508 3383 2383 2716 3519
1 2 2 3 307 25 29 1239 18 13 96 1426 574 3
3526 3178 3532 3501 3502 2893 3540 3383 2383 2716
26 250 8 29 145 996 4 52 1221 779
3591 3593 3178 3501 3598 2893 3502 3383 3599 2383 2716 3549
7 11 256 82 4 826 20 30 2 1155 845 61
3650 3655 3657 3178 3660 2893 2383 3638 3607 3643 2716
12 7 3 195 1 435 910 10 13 8 1090
3680 3713 3715 3716 3688 3178 2893 2383 3697 3607 3712 2716 3709 3711
38 4 2 1 41 640 258 842 1 45 1 1158 3 5
3680 3693 3729 3178 3723 2893 2383 3728 3697 3730 3731 3733 3705 3727 2716 3711
106 60 12 670 1 172 1071 3 14 2 1 2 1 21 929 29
3680 3749 3750 3751 3178 3693 2893 3727 2383 2716
103 13 3 2 780 9 199 1 886 1114
3680 3178 2893 2383 3762 3802 2716 3754
77 780 173 763 14 6 1237 50
3680 3841 3814 3817 3178 3819 2893 2383 3824 3835 2716
111 22 25 18 1069 4 323 877 40 11 1123
3680 3872 3844 3817 3178 3882 2893 2383 3861 2716 3869 3870
103 2 23 22 1171 4 432 829 12 1171 24 16
3680 3904 3906 3844 3910 3917 3911 3178 3915 3884 2893 2383 3919 2716 3914 3903
82 1 109 127 12 33 79 989 5 11 371 1011 12 989 21 2
3968 3906 3971 3844 3911 3932 3178 3947 2893 2383 3962 2716 3967
5 83 3 118 13 1 1147 3 170 853 1 1147 1
3906 4003 3844 3973 3911 3178 2893 2383 4017 4018 3990 4015 2716 4010 4002
135 9 146 54 60 1394 339 606 1 1 9 16 1394 16 3
4033 3906 4027 3844 4022 4041 3178 4043 4045 2893 4046 2383 4020 3990 4036 4015 2716 3973
15 98 7 240 17 2 1693 12 5 185 2 307 39 10 22 71 1693 13
3906 3844 4073 3178 4043 2893 2383 4080 4020 4055 4088 4084 4091 2716
239 294 49 1413 59 224 587 8 103 10 8 12 5 1413
4128 4129 3906 4130 3844 3178 2893 2383 4084 4020 4122 4111 2716 4126
2 1 127 1 708 1785 69 215 155 96 9 5 1785 7
4164 3906 3844 3178 2893 2383 4178 4020 4182 4183 4084 4186 2716 4190
8 169 526 1590 41 410 8 92 1 8 48 3 1590 2
4164 4244 3844 3178 2383 4242 4020 4084 2716 4221
40 2 672 1871 129 7 17 12 1871 5
3844 4262 4316 3178 2383 4309 4315 2716
633 72 1 1798 202 3 2 1798
4352 4358 4355 3844 4357 4262 4327 4316 3178 4354 2383 4342 4324 4346 2716
52 3 6 401 4 36 14 36 1435 2 565 18 13 46 1435
4352 4417 4355 3844 3178 4398 2383 4433 4402 4438 4439 4440 2716 4414 4383
13 12 74 367 1504 2 496 1 5 1 2 1 1504 20 86
4417 4355 3844 4425 3178 2383 4433 4431 2716 4414 4383
18 2 437 36 1353 647 3 34 1353 229 11
4480 4482 3844 4450 4488 4489 3178 4492 4493 2383 4466 4500 4501 4468 4452 2716 4414
25 8 688 12 22 14 1587 11 10 413 7 11 1 18 2 1587 217
4513 4482 3844 4517 4488 3178 4450 4558 2383 4561 4559 2716 4554 4414
66 30 458 61 50 1418 10 1 582 1 4 1418 3 258
4513 4482 4603 3844 4517 4488 3178 2383 4562 4596 4414 4599 4601 4591 2716 4606 4597
18 45 3 453 203 118 1344 656 43 1 19 3 2 6 1344 2 5
4513 4579 3844 4517 4583 4488 3178 4587 4588 2383 4584 2716
72 14 553 468 10 10 1684 3 3 316 3 1684
