35 41 42 43 51 52 58 60 29
11 14 3 6 1 2 1 1 7
128 129 43 41 107 82 114 121 93 127
1 2 9 36 64 37 18 10 12 12
160 41 107 143 157 155 156 93 158 159
1 41 69 14 1 16 6 48 4 2
203 199 41 202 107 206 143 209 211 181 214 217 185 187 213
28 28 88 26 152 32 82 4 4 11 6 1 116 14 6
288 278 41 202 107 284 143 240 274 181 214 185 252 285
2 6 212 175 342 2 72 15 10 46 56 37 24 1
320 322 295 41 202 107 302 143 181 214 312 185 314 303 252 286
4 3 32 264 137 218 15 46 107 70 19 97 7 15 67 49
352 353 354 295 41 107 302 336 181 214 343 312 185 346 348 349 351
2 2 2 40 265 134 8 55 55 120 2 209 8 16 1 2 2
411 356 295 363 41 394 107 364 401 402 181 214 312 379 412 351
11 8 2 9 116 24 243 8 9 5 74 228 16 8 3 8
427 452 455 424 41 472 107 429 363 464 465 466 467 469 214 471 312 411 444 445 181
147 10 10 9 26 2 328 85 17 5 2 6 3 4 289 6 9 29 14 9 7
523 427 517 521 522 107 524 429 214
1 342 1 2 1 181 1 2 370
544 427 107 525 527 573 214 568 541 574 575
30 701 87 62 44 1 294 5 85 1 1
613 427 525 637 624 214 631 568 541
114 712 81 1 3 497 3 37 184
683 613 679 427 525 214 666 541
1 220 3 656 286 684 16 160
613 714 427 525 718 701 720 726 724 214 727 666 541 703
170 15 765 251 37 2 7 5 1 591 1 11 115 12
613 774 775 427 748 525 718 758 790 788 789 214 541 741
67 23 15 585 68 268 70 18 4 1 2 671 158 7
801 214 774 796 427 748 525 718 848 850 852 854 856 858 828 541 830
47 805 21 24 554 3 229 24 3 4 3 14 3 4 18 223 15
897 875 862 870 903 905 427 908 525 882 894 214 885 900 907 892 541 830 895
18 18 15 34 15 2 409 2 98 36 13 623 33 8 3 4 344 165 14
938 427 525 942 894 214 952 953 954 541 830
28 292 42 20 34 407 3 5 2 548 320
994 996 999 1000 1001 427 942 214 541 830
1 1 2 2 1 336 18 561 279 229
1027 1029 1030 1033 1034 427 1039 1040 1041 1042 214 541 830
20 14 34 9 2 99 1 1 1 1 840 275 198
1089 1090 1092 214 541 830
12 21 2 650 196 412
1123 214 1128 1130 1133 1134 1117 1110 541 830
27 938 23 1 1 1 2 15 169 310
214 1128 1161 1160 1142 1143 541 830
1023 50 2 14 15 106 274 257
1185 1188 1191 1128 1194 1192 1172 1182 214 1143 1176 541 830 1183
6 1 1 150 1 2 24 3 956 469 9 379 169 16
1248 1249 1188 1255 1128 1258 1259 1260 1232 1235 1204 214 1143 541 830
12 5 36 3 222 6 2 1 6 17 49 1250 736 429 15
1248 1287 1128 1321 1258 1261 214 1143 1275 541 830 1279
123 28 55 4 43 142 1085 729 60 575 21 27
1248 1378 1275 1287 1128 1385 1258 1387 1261 1384 214 1143 1368 1370 1339 541 830
14 40 147 49 137 2 325 1 240 2 1352 649 44 18 6 220 11
1440 1287 1128 1258 1261 1391 1416 1386 830 214 1143 1368 1370 1275 1436 541 1434
1 32 208 294 317 44 30 49 3 1301 706 21 30 49 7 133 9
1504 1475 1496 1509 1128 1481 1258 1451 1261 1391 1508 1416 1461 214 1143 1368 1497 1434 541 1386 1450
5 7 14 3 182 28 453 37 50 175 1 22 8 1324 669 65 3 76 23 72 15
1504 1512 1521 1128 1481 1258 1391 1368 1461 214 1143 1496 1434 1519 541 1386 1450
48 16 1 107 210 231 474 145 9 1336 841 4 38 3 6 41 8
1504 1536 1539 1540 1543 1481 1258 1527 1391 1521 1523 214 1143 1368 1434 1534 1535
18 11 3 11 1 56 395 8 613 39 39 1626 1157 161 22 6 29
1577 1543 1576 1481 1258 1580 1581 1550 1391 1582 214 1143 1368 1434 1567 1564 1557
9 48 9 36 164 8 6 21 547 2 1162 962 304 44 1 6 4
1637 1543 1640 1641 1258 1643 1580 1645 1391 1648 1621 214 1143 1368 1434 1642 1597
16 19 38 3 136 4 15 1 502 1 62 1360 1224 94 288 2 60
1693 1640 1143 1391 1685 214 1655 1368 1689 1434 1692 1597
2 34 1345 535 11 1345 91 29 10 191 2 129
1771 1733 1143 1772 1391 1746 1763 214 1655 1434 1597
1 44 1337 2 425 52 1 1337 52 279 95
1762 1765 1655 1391 1746 1779 1781 214 1143 1434 1755 1788 1789 1775
3 16 49 580 184 4 32 1211 1211 45 33 3 3 10
1792 1794 1799 1391 1746 1779 1781 214 1143 1434
17 9 12 413 160 93 199 1087 1087 17
1792 1801 1815 1391 1812 1781 214 1143 1849 1807 1822
33 21 29 364 9 147 1376 1376 9 6 36
1892 1862 1868 1391 1873 1874 1781 214 1143 1886 1887
6 23 53 462 64 61 173 1363 1363 21 6
1952 1868 1391 1938 1781 214 1143 1945 1949 1886 1951
1 89 576 6 136 1490 1490 3 6 65 4
1988 1989 1990 1991 1992 1962 1868 1391 1781 214 1143 1886
12 4 3 1 1 134 256 896 55 1700 1700 101
2048 2049 1988 2053 2055 2057 1962 1868 1391 2035 214 1143 2040 2042 2043 2044 1886
5 6 91 7 1 3 59 505 699 7 1648 1648 1 13 5 9 62
2112 2113 2114 2115 1988 1962 1868 1391 2067 2100 2105 214 1143 2116 2109 1886
1 1 2 2 72 43 285 598 28 6 27 1476 1476 2 3 422
2067 2144 2155 1988 2149 2161 2153 2154 2123 1868 2157 1391 2129 2131 214 1143 2159 1886
12 7 4 60 5 2 13 4 89 934 13 163 16 90 1630 1630 2 212
1988 2198 2182 2123 1868 2157 1391 2192 2162 2131 2196 2197 214 1143 2201 2202 1886
10 6 28 230 1355 31 33 31 42 39 6 1 1612 1612 5 2 214
2123 1868 2226 2162 214 1143 2232 2233 2234 1886
13 861 8 214 1416 1416 6 3 3 374
2240 2233 2250 2263 1868 2256 2162 2259 2261 214 1143 2265 2266 2267 2268 1886
45 2 4 2 1016 13 163 21 7 1669 1669 2 2 1 1 231
2283 1868 2302 2162 2325 214 1143 2299 1886
52 937 10 27 15 1684 1684 2 289
2391 2283 2342 2347 1868 2386 2385 2162 2393 214 1143 2392 2361 2394 2364 1886
3 2 92 16 924 5 2 29 3 1810 1810 2 13 1 9 119
2438 2342 2440 1868 2162 214 1143 2393 2364 1886 2437
14 526 1 717 50 1883 1883 14 13 72 8
2473 2468 2518 2342 2504 1868 2519 2444 2514 2512 2162 2516 2453 214 1143 2457 2493 1886
6 53 1 375 4 767 2 51 1 2 21 2 17 1954 1954 65 10 46
2496 2499 2468 2342 2444 1868 2485 214 1143 2457 2493 2495
1 1 30 329 7 793 17 2000 2000 1 21 4
2530 2518 2342 2503 1868 2485 214 1143 2521 2526 2533
1 8 471 57 490 135 2000 2000 28 2 1
2528 2564 2342 2537 2570 1868 2573 2574 2576 2577 2578 2579 2569 2485 214 1143 2556 2540 2572 2559
90 10 541 20 6 230 9 8 1 3 2 1 14 161 2000 2000 8 11 1 11
2528 2342 1868 2537 2540 2485 214 1143
63 656 83 52 23 96 2000 2000
2528 2593 2342 2600 2537 1868 2575 2485 214 1143 2607 2588 2592 2591
25 5 495 4 53 53 29 115 2000 2000 2 22 4 6
2569 2565 2342 2537 2566 2539 1868 2542 2485 214 1143 2570 2558
1 7 453 291 3 58 291 19 130 2000 2000 1 1
2603 2566 2342 2577 2537 2614 1868 2575 2609 2612 2485 214 1143 2607 2613
1 107 531 2 232 1 232 165 2 2 373 2000 2000 1 1
2593 2603 2596 2566 2342 2600 2537 2602 2583 1868 2575 2485 214 1143 2585 2598 2590 2597
4 2 15 84 773 2 190 2 86 190 143 256 2000 2000 20 2 50 18
2624 2635 2596 2566 2342 2537 2583 1868 2605 2575 2643 2644 2485 214 1143 2646 2637 2645
9 15 20 58 1060 185 50 185 44 45 4 5 175 2000 2000 1 13 2
2688 2700 2596 2342 2537 2698 1868 2701 2702 2575 2485 214 1143 2605
1 3 123 943 122 2 122 4 3 211 117 2000 2000 11
2596 2342 2537 1868 2575 2738 2485 214 1143 2745 2746 2747 2709
74 435 305 305 82 20 373 2000 2000 1 1 5 12
2784 2786 2787 2596 2342 2759 2792 2537 2763 1868 2575 2485 214 1143 2788 2767 2783
8 5 2 24 408 88 2 427 3 427 24 333 2000 2000 5 10 5
2848 2784 2596 2342 2759 2537 2823 1868 2575 2485 214 1143 2820 2842 2831 2844 2845 2846
3 1 203 379 268 355 13 355 203 184 2000 2000 4 3 9 3 3 1
2596 2886 2342 2759 2537 2891 1868 2894 2575 2896 2485 214 1143 2904 2905 2906 2907 2860
318 90 323 215 581 14 581 5 318 2 81 2000 2000 1 1 2 2 12
2915 2596 2886 2342 2759 2537 2935 1868 2926 2575 2901 2934 2932 2485 214 1143 2923 2927 2933 2860
16 170 34 303 292 207 3 207 4 170 24 2 4 56 2000 2000 1 6 1 39
2976 2537 2596 2982 2342 2759 1868 2485 2988 2956 2575 2985 2915 2901 214 1143 2980 2950 2975
15 2 95 9 466 337 2 9 3 17 95 3 8 65 2000 2000 1 6 20
3040 2596 2342 2759 2575 3058 3059 2901 214 1143
7 1 313 223 1 6 1 34 2000 2000
3106 3107 3108 3094 2342 2759 3097 3086 3087 3092 3102 214 1143 3065 3070
4 2 2 26 168 168 1 8 14 15 3 2000 2000 53 106
3171 3173 2342 2759 3115 214 1143 3160 3161 3165
2 1 203 203 37 2000 2000 11 4 4
2342 2759 3217 3115 3213 3185 3219 3220 3189 214 1143 3195 3221
299 299 4 60 1 66 5 2 24 2000 2000 20 2
3115 2342 2759 3274 3275 3276 3277 3278 3279 3185 3282 3219 214 1143 3224 3281 3260 3239
52 233 233 22 17 4 5 2 3 187 3 22 2000 2000 16 4 5 113
3297 3323 2342 2759 3239 3277 3310 3185 3314 3316 214 1143 3320 3321 3313 3324 3325 3319
4 8 129 129 499 31 37 72 9 9 2000 2000 2 1 34 1 2 1
3394 3387 3382 2342 3239 2759 3277 3310 3185 3380 3374 214 1143 3384 3371 3313 3388 3391 3349
2 15 9 238 430 238 42 170 134 4 21 2000 2000 18 11 49 11 4 22
3428 3446 2342 3239 3401 2759 3277 3310 3313 3442 3443 3412 3185 214 1143 3448 3449
5 1 204 133 23 204 52 183 72 2 3 27 12 2000 2000 3 2
2342 3239 3401 2759 3277 3310 3313 3470 3412 3477 214 1143 3476 3482 3485 3487
120 167 123 120 88 120 14 70 44 21 2000 2000 15 34 1 6
3491 2342 2759 3239 3532 3277 3310 3535 3313 3412 3470 214 1143 3534 3476 3482 3533
32 172 172 82 2 43 172 1 2 82 123 2000 2000 1 7 44 1
3589 2342 2759 3607 3606 3563 3277 3310 3599 3600 3592 3412 214 1143 3608 3609 3610 3313 3239
10 249 249 7 8 48 63 249 2 4 10 119 2000 2000 2 1 1 6 119
3619 2342 2759 3626 3563 3628 3277 3310 3629 3412 214 1143 3612 3239
12 343 343 24 142 3 4 343 5 142 2000 2000 3 142
3680 2342 3239 3656 2759 3563 3310 3664 3666 3412 214 1143 3640 3676 3678
3 54 325 109 54 325 54 13 8 325 2000 2000 22 8 1
3664 3682 3717 3686 3239 3656 3721 3722 3563 3718 3696 3412 214 1143 3707 3676
8 48 8 44 464 83 2 1 464 5 33 464 2000 2000 14 58
3682 3771 3686 3750 3239 3563 3696 3761 3412 214 1143 3768 3707 3676
52 1 32 18 491 491 42 33 491 2000 2000 42 25 64
3682 3803 3686 3239 3785 3563 3789 3696 3761 3412 214 1143 3801 3802 3707 3676
176 2 3 786 5 786 10 3 34 786 2000 2000 2 10 2 3
3682 3862 3814 3239 3802 3849 3563 3865 3863 3761 3859 3412 3861 214 1143 3830 3866 3837
69 4 28 1127 2 29 1127 5 1 32 6 1127 2 2000 2000 17 2 26
3682 3915 3933 3239 3563 3929 3919 3923 3412 214 1143 3928 3924 3901
74 2 1 1111 1111 1 13 4 1111 2000 2000 1 3 81
3682 3971 4004 3239 3991 3563 3985 3412 3989 214 1143 3901 3998
28 4 1 1112 2 1112 2 1112 7 2000 2000 128 1
3682 4043 4036 4038 3239 4042 3563 4045 4046 4029 3412 214 1143 4025 3901 4030
34 1 3 6 1121 2 1121 2 1 10 1121 2000 2000 6 129 5
4071 3239 3563 3412 4085 214 1143 4088 4089 4091 3901
4 1156 1156 1156 2 2000 2000 3 1 2 3
4132 4071 3239 3563 3412 4117 214 1143 4135 4133
16 16 845 845 845 25 2000 2000 6 1
4162 4071 4136 3563 4172 4178 3412 4181 214 1143 4135 3239
3 4 4 790 4 3 790 1 2000 2000 13 790
4227 3239 4235 3563 4236 4240 4243 3412 214 1143 4244
80 511 12 511 1 4 2 511 2000 2000 1
4257 4290 4227 3239 4264 4235 3563 4273 4291 3412 4267 214 1143 4281 4279
7 5 194 531 71 80 531 9 2 531 30 2000 2000 3 53
4227 4293 3239 4296 4235 4298 4299 4300 4273 3412 4283 214 1143 4297 4295 4286 3563
204 2 351 2 2 1 7 2 49 351 4 2000 2000 6 2 30 351
4322 4227 4356 4310 3239 3563 4334 4273 3412 4341 214 1143 4312 4357
17 148 7 16 263 263 43 181 263 17 2000 2000 71 3
4227 4356 4357 3239 3563 4366 4273 4363 4371 3412 4373 214 1143 4312 4372 4381
26 66 90 539 539 53 48 3 123 539 7 2000 2000 90 18 2
4427 4420 4357 3239 4425 3563 4366 4371 3412 214 1143 4312 4372 4421
3 8 101 878 3 878 31 77 878 2000 2000 101 70 11
4357 4454 3239 3563 4366 4371 3412 214 1143 4312 4468 4473
12 81 594 594 223 109 594 2000 2000 12 4 9
4491 4502 3239 3563 4492 4366 4495 4371 3412 4501 214 1143 4505 4508 4509
7 6 253 253 20 79 15 50 253 2 2000 2000 19 5 1
4492 4366 4371 4508 4513 3239 4529 4530 4532 4544 4547 4548 4549 4551 4552 4556 4557 4560 3412 214 3563 1143
43 92 7 116 45 37 17 24 11 12 1 4 20 3 3 2 8 2 37 2000 37 2000
