33 34 27 30 31
1 3 64 29 17
67 68 69 41 45 51 54 27 30 63
4 1 2 109 69 20 15 37 104 8
65 99 100 41 45 88 27 30 63
18 1 35 21 57 10 147 235 25
65 130 100 41 138 109 45 143 144 145 146 126 88 132 27 125 30
21 25 26 21 12 32 39 11 1 3 3 30 73 30 105 59 510
170 171 143 109 45 173 147 148 88 27 138 30
11 5 3 25 31 4 19 8 40 179 28 205
45 205 109 209 212 213 88 148 27 30
34 18 20 12 21 4 34 7 25 82
257 45 230 265 267 109 237 243 245 27 253 30
20 35 16 15 2 136 23 51 34 21 14 151
257 292 294 109 304 305 308 313 314 30
8 3 1 72 10 68 1 7 1 200
356 325 305 363 109 366 337 30
22 35 6 1 42 2 28 254
109 368 375 410 411 413 30
136 65 39 3 8 1 293
421 456 439 460 109 462 461 368 465 466 468 471 472 473 474 444 30
2 12 4 2 80 5 20 131 5 3 4 4 1 3 3 13 475
514 552 554 555 109 368 501 508 30
119 1 8 2 2 75 61 50 398
514 581 585 588 591 593 562 30 566 508 573 574 501
89 4 4 2 4 3 38 350 29 46 16 12 35
610 646 647 648 649 650 642 514 562 30 632 635 574 639
4 4 1 5 1 6 7 4 41 358 13 19 110 5
610 646 648 682 651 684 685 654 562 574 670 635 30
18 15 16 6 7 2 1 43 255 42 3 41 450
737 741 742 648 748 744 654 751 753 562 30 754 697 574
13 18 23 40 7 2 39 1 3 167 361 1 31 122
806 737 804 805 742 807 648 754 787 574 795 799 30 741
4 51 3 1 34 1 111 114 34 338 16 3 149 19
830 648 843 818 846 847 754 787 574 822 829 30 831
1 19 20 12 2 2 5 47 317 19 10 145 41
872 843 876 877 880 648 754 883 574 822 885 888 30 831
20 62 31 29 11 5 76 1 72 5 4 3 308 45
944 939 843 880 945 947 948 30 917 574 831
4 21 52 254 2 2 1 218 11 42 42
960 30 843 880 917 831 574 959
1 134 10 295 87 5 5 50
960 1025 1026 995 1028 1029 1024 1004 880 1027 30 1023
14 17 4 8 7 3 3 7 231 4 50 3
1099 1062 1098 1035 1100 1101 1102 1103 880 30
6 6 14 31 4 1 2 3 166 143
1124 1126 1127 1128 1098 880 1107 1108 1113 30 1119
7 2 1 1 8 124 111 33 47 102 6
1128 880 1138 1107 1108 1150 1142 1113 1146 1147 1149 30
26 216 20 216 52 1 3 34 7 4 1 76
1184 1153 1186 1185 1128 880 1107 1182 1113 1146 30 1183
6 67 1 2 13 196 196 6 25 75 193 25
1184 1203 1195 1199 880 1201 1107 1204 30 1206 1113 1146 1182 1205
4 1 5 12 81 6 81 1 230 1 115 108 86 1
1235 1228 1230 880 1234 1107 1182 1113 1146 30
3 19 4 111 3 111 317 83 10 34
1281 1283 1288 1289 1290 880 1107 1182
8 15 14 1 1 16 16 163
1345 1347 1348 1288 1326 1182
2 5 1 272 28 12
1350 1288 1390 1395 1326 1398 1182
7 402 3 3 57 1 19
1411 1414 1288 1326 1393 1422
28 2 391 278 135 4
1475 1478 1288 1326 1487 1393 1411 1470 1494 1434 1436 1438
46 9 279 608 3 107 29 25 2 67 77 67
1537 1411 1543 1288 1532 1326 1544 1475 1525 1494 1545 1436 1438
6 61 4 77 39 613 4 87 34 5 1 132 106
1602 1475 1608 1609 1578 1326 1551 1592 1411 1525 1560 1563 1436 1438 1567
6 148 4 1 10 799 37 1 36 13 6 14 220 302 27
1475 1326 1551 1584 1586 1436 1438
42 756 326 15 7 222 142
1601 1475 1607 1628 1326 1551 1630 1622 1624 1625 1626 1627 1436 1629 1438 1621
59 42 21 1 449 253 3 3 7 17 12 2 277 1 129 1
1660 1326 1551 1438 1654 1436 1630
2 208 577 114 23 330 58
1676 1326 1551 1684 1438 1688 1689 1436 1630
77 126 498 3 43 4 3 376 65
1721 1436 1630 1326 1551
26 96 68 45 544
1730 1738 1739 1551 1436 1630
63 32 2 742 66 66
1772 1551 1777 1630 1752 1436 1758
5 869 1 130 35 130 6
1828 1836 1551 1781 1815 1436 1630
5 2 1129 37 4 27 27
1857 1859 1862 1869 1551 1781 1878 1815 1880 1850 1883 1436 1630
12 20 42 12 634 24 2 16 1 8 1 28 28
1894 1928 1929 1551 1815 1883 1436 1630
9 1 4 758 101 11 41 41
1975 1964 1967 1938 1974 1815 1551
3 3 5 43 2 140 572
1986 1991 1993 1996 1999 2000 2002 2003 1815 1551 1979 1983
2 1 20 10 15 10 5 4 254 549 39 7
2049 2027 2045 1999 2051 2036 1815 1551 1979 2013 2035
11 14 21 10 4 17 392 523 11 74 7
2113 2114 2057 2092 1551 2096 2097 2100 2102 1815 2106 2013
1 7 6 6 442 1 31 2 3 346 1 152
2144 2145 2146 2147 2149 2150 2119 2151 1551 2097 1815 2013
13 12 4 5 3 1 77 5 577 192 573 155
2209 2210 2145 2119 2185 1551 2205 2097 2206 1815 2202 2171 2013 2174 2207
5 2 33 81 14 587 1 259 4 587 4 34 193 14 3
2145 2242 2119 2241 1551 2097 2227 1815 2234 2171 2236 2013 2239
35 1 239 1 598 326 11 598 3 11 4 318 1
2145 2276 2277 2278 2119 2251 1551 2097 1815 2268 2013 2279
90 2 1 4 195 13 623 243 623 7 182 1
2145 2339 2340 2341 2342 2119 2315 2321 1551 2097 2333 2251 1815 2013 2335
73 3 3 4 3 181 13 3 718 105 3 5 718 140 8
2371 2119 2391 2380 2382 1551 2352 2097 2387 2390 1815 2013
29 323 4 11 5 1137 3 49 4 1 1137 36
2371 2405 2119 1551 2097 2418 2421 2422 1815 2424 2013 2430 2399
4 4 73 1445 10 4 5 14 1445 27 60 4 30
2466 2467 2468 2469 2438 2439 2119 2446 1551 1815 2424 2436
2 1 2 2 51 2 20 12 1362 1362 164 9
2529 2530 2438 1551 1815 2424
6 1 158 1438 1438 63
2438 2567 2571 2573 2575 2577 2579 1815 2424 1551 2559
74 1 6 4 10 5 3 1362 161 1362 4
2593 2438 2606 1551 2616 2613 1815 2424 2617 2620 2621 2623
12 338 8 1446 3 22 1446 128 7 3 1 2
2438 2663 1815 2637 1551 2680 2613 2647 2424 2681 2671
215 12 1077 28 1077 18 87 57 142 1 10
2722 2723 2724 2725 2438 2637 1551 2709 1815 2685 2613
22 4 1 1 75 152 742 108 742 37 70
2722 2757 2438 2760 2761 2637 2734 1551 2758 2739 2613 2742 1815 2754 2746 2685 2709
220 10 106 4 5 48 24 689 1 46 106 44 689 2 6 38 5
2816 2722 2829 2822 2793 2827 2825 2637 2830 1551 2801 2739 2771 1815 2808 2809 2685
36 204 3 6 18 1 6 61 9 793 21 120 26 793 4 22 19
2880 2722 2902 2886 2801 2825 2903 2637 1551 2833 2898 2771 2900 2869 2868 1815 2809 2899 2901
2 280 2 9 59 1 2 214 595 62 17 73 3 25 23 595 56 10 6
2722 2637 2958 1551 2960 2833 2898 2771 1815 2959 2914
327 366 4 414 2 125 107 107 414 1 14
2722 3019 2993 3021 2999 3020 2637 1551 3024 2833 2962 2771 3028 3029 2998 1815 2898 3031 3027
236 5 44 2 26 6 396 563 2 171 62 66 1 4 20 563 96 1 1
2722 3019 2833 3100 2999 3020 2637 1551 3089 2962 2771 3092 1815 3096 2898
68 27 74 5 46 105 726 462 37 46 287 3 462 18 56
2722 3108 3111 3019 3020 2637 1551 3089 2962 2771 3124 2999 3126 1815 3130 3131 3132 3134 3125
80 53 51 19 92 396 262 36 31 200 9 31 2 262 1 3 1 2 38
3172 2722 3108 3111 3180 3178 3179 3020 2637 1551 2771 3125 1815 3161 3132
8 36 75 8 2 2 1 108 120 379 379 50 379 20 255
2722 3205 3202 3111 3196 3020 2637 1551 2771 3125 1815 3132 3206
170 7 6 24 19 128 270 470 470 49 470 234 2
2722 3251 3202 3111 3240 3244 3211 3020 2637 1551 3218 2771 3252 3125 1815 3247 3132 3230 3253
94 3 10 10 8 8 1 143 508 514 6 514 3 38 514 2 269 20 1
3298 3309 3300 3302 3111 3240 3292 3307 3020 2637 3310 1551 2771 3125 1815 3311 3132 3230 3295
10 1 3 1 123 72 6 1 72 722 1 554 554 46 554 1 273 40 19
3331 3333 3111 3240 3337 3338 3335 2637 1551 2771 3316 1815 3322 3132 3295
5 9 158 50 4 3 6 440 816 816 51 816 32 425 81
3360 3335 3240 3369 3111 3372 2637 1551 3376 3377 2771 3379 1815 3375 3132 3295
3 45 16 10 4 1 593 766 11 3 766 1 766 2 241 81
3376 3415 3431 3429 3335 3432 3420 3402 3435 3425 2637 1551 3408 3400 2771 3413 3411 1815 3132 3421
46 18 5 1 85 1 3 35 15 7 486 934 20 2 934 26 4 934 220 6
3472 3490 3479 3494 3335 3400 3402 3415 3500 2637 1551 3376 2771 3413 3411 1815 3132
15 21 15 7 23 18 163 33 2 278 1195 25 1195 12 24 1195 344
3553 3554 3494 3335 3400 3548 3402 2637 1551 3376 2771 1815 3533 3132 3530 3550 3551
3 4 194 110 143 5 167 145 1470 72 1470 1470 5 632 18 1 3
3632 3609 3494 3400 3402 3571 2637 1551 3376 3633 2771 3636 3606 1815 3635 3132
5 1 140 172 228 41 101 1784 109 3 1784 1 20 1784 1 1038
3686 3494 3400 3402 3703 2637 3662 1551 3376 3633 3706 2771 3606 1815 3704 3705 3702 3707 3132 3674 3709
20 239 163 121 5 140 6 1623 31 35 2 1623 8 1623 2 1 7 1 1046 15 1
3714 3747 3748 3494 3719 3400 3753 3751 2637 1551 3728 3752 2771 3746 1815 3132 3709
88 15 7 246 10 275 4 12 208 1518 136 9 1518 18 1518 1198 3
3808 3746 3821 3814 3494 3819 3400 3785 3817 3714 3822 1551 3728 2771 1815 3132 2637
35 95 2 47 367 2 297 12 20 41 2 1922 20 1922 1922 1443 41
3872 3873 3746 3875 3876 3814 3494 3400 3817 3785 1551 3848 2771 3877 1815 3132 3871
9 6 101 2 3 4 663 404 236 25 1947 23 1947 1 1947 1183 2
3905 3746 3907 3900 3909 3494 3911 3400 3817 3883 3881 1551 3848 2771 1815 3897 3899 3132 3902 3903
5 118 2 1 1 402 3 664 8 24 4 2000 27 2000 2000 7 5 1480 3 1
3746 3940 3941 3494 3400 3883 3950 1551 2771 1815 3951 3132
167 11 17 852 543 66 11 2000 2000 2000 3 981
3969 3746 3941 3494 3985 3400 3883 3970 1551 3987 3953 2771 3988 1815 3960 3132
59 250 22 923 5 488 131 46 2000 2 6 2000 1 2000 12 827
3969 3746 4004 4022 3494 3400 3883 4044 3970 1551 2771 4053 4054 1815 4047 3132 4051
32 684 55 4 619 338 163 29 148 2000 2000 12 3 2000 2 697 5
3746 4107 4004 4070 3494 4103 3400 3883 4044 3970 1551 4080 2771 4085 4022 1815 4102 3132
726 3 108 10 688 1 335 218 6 207 2000 6 2000 26 143 2000 1 586
4160 4147 3746 4004 3494 4161 3400 4044 4130 1551 4136 2771 4158 4022 1815 3970 4155 3132 4154 4126 4085
4 6 970 168 279 2 183 70 24 2000 11 2000 7 312 2000 15 3 751 4 46 2
3746 4195 4004 3494 3400 4183 1551 4208 4209 4210 2771 4211 4022 1815 3132 4126
488 16 355 204 355 31 2000 10 1 2 2000 1 283 2000 1308 42
3746 4004 3400 1551 4240 2771 4022 1815 4239 3132
558 361 361 2000 6 2000 648 2000 14 1442
3746 4004 4275 3400 4284 1551 4273 2771 4245 4022 1815 4282 4283 3132 4278
436 444 8 444 1 2000 2 2000 118 316 2000 5 2 1564 9
4320 3746 4004 3400 4299 4290 1551 4296 2771 4245 4022 1815 3132 4317 4309
5 394 616 616 6 35 2000 41 2000 103 270 2000 1606 13 11
3746 4363 4004 3400 4362 4299 4296 4366 1551 4336 4328 2771 4245 4022 1815 4367 3132 4360 4309
818 8 344 344 4 50 15 11 2000 35 38 2000 78 260 2000 2 1182 8 38
3746 4004 4421 4390 3400 4426 4427 4439 1551 4336 2771 4435 4245 4022 1815 4420 3132 4438 4437
439 339 6 66 339 5 11 2 2000 20 2000 4 95 417 2000 9 1561 1 3
3746 4004 4390 3400 4457 4471 1551 2771 4245 4022 1815 4443 3132 4477 4479
466 91 5 91 17 37 2000 2000 134 730 2000 47 1534 10 15
3746 4004 4502 4518 3400 4523 4524 4514 1551 4496 4497 2771 4245 4022 1815 4525 4443 3132
364 122 3 9 122 2 1 4 2000 11 8 2000 40 492 2000 1 75 1636
4575 3746 4571 4004 4518 3400 4553 4558 1551 2771 4532 4245 4022 1815 4443 3132 4573 4574 4565
1 412 6 113 30 113 11 5 2000 2000 5 41 571 2000 111 1588 2 7 8
3746 4603 4004 4613 4518 4615 3400 4617 1551 4616 2771 4245 4022 1815 4612 4443 3132
462 7 123 1 33 3 123 1 2000 1 2000 124 429 2000 5 123 1538
