71 72 73 74 61 50 60 29 63
2 2 4 2 4 13 9 21 1
103 106 107 110 111 112 114
36 4 1 6 2 4 2
163 139 131 165
1 44 42 1
131 214 139 208 209 211 203 215 191
150 1 20 15 8 10 6 2 38
131 261 266 268 270 208 276 278 191 255
227 12 8 6 3 239 1 1 14 39
304 131 208 305 310 191 255
1 212 125 2 1 73 21
343 131 330 331 332 208 339 313 344 345 191
5 97 2 18 36 8 2 16 1 2 19
385 131 357 355 396 208 371 389
54 134 42 11 1 60 28 3
393 402 411 410 409
18 19 1 1 3
393 437 440 441 442 443 444 446
10 21 2 4 5 2 7 1
482 483 489 495 497 499 441 444
20 21 11 2 5 7 93 44
550 520 555 556 559 441
1 7 5 3 1 29
441 579 565 575
3 9 69 27
613 614 615 565 603 605
2 1 2 51 10 6
603 652 605 646
168 9 148 23
675 677 646 654 678 603 605
9 4 150 19 1 215 183
675 646 713 682 717 718 720 681 730 603 605
73 152 21 17 20 10 15 15 19 172 145
770 675 772 774 646 743 713 717 603 764 605
9 31 1 2 13 91 27 59 133 10 79
743 816 824 825 603 605
2 12 20 2 210 11
834 835 827 824 826 603 605 830 831
9 6 2 22 8 365 7 9 16
865 898 899 900 901 902 876 844 885 886 857 603 862
6 1 2 1 3 1 24 14 1 9 6 451 25
962 923 964 844 876 963 952 953 603 957 862 959
1 97 1 97 111 4 9 2 427 8 111 25
923 1001 876 1005 979 603 988 862
235 1 125 6 7 849 13 125
923 1031 1035 876 1009 1045 1014 1048 1018 603 862
311 34 34 113 9 2 48 3 166 966 113
1089 923 1096 1035 876 1071 1018 603 1082 862
12 284 3 38 173 11 187 1115 12 173
923 1094 876 1131 1132 1133 1018 603 1082 862
307 9 278 19 33 4 163 979 9 278
1152 923 1162 876 1135 1168 1169 1155 1167 1018 603 1082 862
53 152 5 433 8 1 1 7 6 22 832 53 433
923 876 1155 1206 1208 1210 603 862
108 748 34 14 9 1 701 748
1155 1254 876 1235 1237 1206 603 923 862
176 1 963 12 9 25 653 31 963
923 1291 876 1298 1266 1155 1268 1301 1273 603 862
85 4 1274 5 25 195 70 18 90 510 1274
1155 1322 1323 876 1298 1268 1310 1273 603 923 862
123 1 2 1101 9 357 48 47 709 10 1101
1155 1351 1352 1353 1354 876 1268 1338 603 862
172 7 19 7 2 1187 365 3 621 1187
1155 1386 876 1395 1268 1400 1396 603 862
12 21 1132 3 345 47 20 430 1132
1445 1446 1448 1452 1386 876 1453 1268 862 603 1450 1438
6 1 1 2 26 986 2 332 986 332 1 4
1475 876 1268 1495 1499 1465 1498 603 862
75 712 646 8 3 28 2 646 712
1499 1508 1509 1515 876 1518 1520 1531 1268 1527 1528 603 1532 1533 862 1503
8 69 68 36 658 48 7 2 1040 3 4 1040 4 1 658 3
1536 1508 1509 1545 1578 876 1518 1585 1586 1268 1589 1558 1591 1560 1572 1566 603 862
128 410 21 9 8 840 21 25 5 1064 2 41 23 21 56 5 1064 840
1536 1632 1627 1508 1633 1610 876 1585 1268 1621 1558 1625 1572 603 1628 862 1631
15 3 3 490 1 10 846 1 1091 7 44 3 240 1091 1 846 1
1536 1651 1627 1508 876 1635 1268 1558 1572 603 1628 862
8 4 22 491 813 4 1187 35 185 1187 112 813
1536 1696 1698 1508 1697 876 1651 1268 1694 1558 1572 603 1628 1693 862
27 4 4 582 1 758 49 1242 3 88 200 1242 359 25 758
1536 862 1558 603 1572 1628 1717 1735 1742 1744 1745 1747 1749 1752 1754 1755 1756 1758 1759 1508 876 1651 1268
41 919 48 1081 318 237 15 11 12 6 16 11 3 1 2 1 10 1 1 861 919 6 1081
1536 1804 1795 1508 1797 1798 1745 1800 1628 1803 876 1775 1777 1268 1558 1801 1572 603 1756 862
205 1 2 467 4 6 4 1 140 1 496 37 74 1504 141 2 165 1504 10 496
1536 1558 1821 1572 1833 1842 1850 1855 1856 1858 1859 1860 1861 1862 1863 603 1756 862 1508 876 1777 1268
344 114 9 15 12 8 4 4 3 7 1 1 2 1 2 1208 2 792 790 792 135 1208
1536 1858 1508 1894 1895 1833 876 1870 1777 1268 1558 1879 603 862
306 11 698 1 1 27 698 148 239 1302 27 6 1302 698
1536 1947 1508 1833 876 1870 1777 1938 1268 1946 603 1948 1917 862
410 1 805 141 805 164 305 5 1195 1 1195 1 23 805
1536 1508 1989 1990 1991 1992 1833 876 1870 1777 1268 1982 1993 1988 603 1981 862 1983
271 835 4 3 1 3 37 835 434 471 1165 2 1 5 1165 11 835 4
1536 2018 1508 876 1870 1777 1268 2046 2038 2042 603 2044 862
143 30 826 826 392 392 1174 1 7 25 1174 3 826
1536 2081 1508 2088 2092 2059 876 2093 1870 1777 1268 2094 2070 2068 603 2077 862
287 2 767 49 5 23 767 2 119 119 1233 1 15 4 1233 4 767
1536 2147 1508 2151 2088 2121 2059 876 2093 1870 2127 1777 2131 1268 2070 2152 603 2077 862
223 6 699 1 105 39 2 699 21 58 24 58 9 1301 12 1 1301 3 699
1536 2209 2147 1508 2213 2225 2088 2186 2159 876 2093 1870 2223 1777 2227 1268 2228 2202 603 862 2175
307 35 3 403 3 1 169 44 29 403 29 242 13 242 1 1597 1 22 1597 403 15
1536 2273 1508 2277 2209 2088 2282 2279 876 1870 2159 2256 1777 1268 2270 2231 2264 2228 603 2280 862
300 11 650 3 6 94 1 2 650 208 37 25 208 1350 7 23 8 27 1350 7 650
1536 2337 2339 1508 2340 2088 876 1870 2159 2288 1777 2228 1268 2326 2327 2329 603 2332 2333 862
235 11 4 329 3 101 329 73 103 1 73 1 1671 12 10 10 1671 18 4 329
1536 2363 1508 2377 2385 2088 2380 2346 876 2382 2159 1777 2387 1268 1870 2327 2388 603 862
377 69 260 8 1 68 3 13 260 11 377 13 1 1740 13 66 1 1740 260
1536 2433 2434 2363 1508 2438 2439 2346 2411 876 1870 2159 1777 2435 1268 2391 2426 603 862 2431
555 4 3 38 115 2 1 104 41 115 104 555 104 5 1885 160 9 1885 115 3
1536 603 1508 2481 2346 2411 876 1870 2159 1777 2482 2483 1268 2494 2486 2391 2493 2363 2474 862
648 1912 88 3 85 148 88 85 648 85 1 4 1912 1 3 330 5 61 11 88
1536 1508 2545 2346 2411 876 2541 1870 2159 1777 1268 2542 2543 2391 603 862
304 54 2 124 97 54 26 124 304 124 1946 7 15 233 1946 54
1536 2560 2595 1508 2598 2346 2411 876 1870 2159 2576 1777 1268 2391 603 2589 862
188 26 2 68 1 3 39 68 3 188 103 3 1932 188 1932 14 68
1536 2619 1508 2601 2411 876 2159 2576 2611 2579 1268 2622 2391 603 862
315 19 32 64 35 32 315 142 1 13 1968 8 315 1968 32
1536 2672 2660 2662 2656 2665 2671 2669 2159 2576 2673 1268 2645 2391 2649 603
442 3 2 2 15 24 2 1 442 200 2 2000 92 442 13 2000
1536 2715 2699 2725 2665 2731 2732 2734 2159 2576 2705 1268 2645 2391 603 2717
466 22 24 3 7 2 1 1 466 210 6 2000 99 466 2000 24
1536 2753 2757 2761 2777 2770 2159 2576 2776 2738 2771 1268 2645 2391 2744 2740 603 2767
484 24 24 6 1 8 484 272 9 28 2 2000 24 484 42 4 2000 21
1536 2753 2757 2822 2823 2738 2159 2576 2770 1268 2391 2744 2816 603 2767
534 118 118 5 7 1 534 361 2 2000 534 9 16 2000 118
1536 2753 2831 2757 2159 2576 2834 2867 1268 2391 2874 603 2876 2767 2879
583 126 129 126 583 268 65 7 2000 583 1 2000 2 126 1
1536 2880 2914 2831 2757 2753 2159 2576 2834 2915 1268 2901 2391 603 2908 2767
299 88 1 222 117 117 299 163 61 7 2000 9 299 2000 1 117
2880 2753 2978 2961 2916 2757 2977 2159 2831 2576 2929 2834 1268 1536 2391 2980 2970 603 2972 2767 2943
101 153 12 1 9 153 7 120 194 87 8 13 2000 120 120 4 1 2000 1 153 11
1536 3031 2831 2576 2834 2978 603 2981 2983 2994 3007 2880 2753 3012 2757 3015 3020 3021 2767 3029 2391 3032 3034 3035 2159 1268
3 1 185 25 71 179 2000 16 11 64 42 61 126 2 126 57 1 4 126 4 3 1 2 1 3 2000
3074 3083 3084 3087 2834 3092 3099 3100 3102 3103 3104 3105 2978 2831 2994 3007 2753 603 2757 2767 3035 3044 3059 1268 3063 3065
20 10 5 46 47 22 5 7 1 3 1 1 372 246 15 3 3 2000 3 3 11 13 50 2000 41 41
3156 2978 3035 3044 3143 3144 3148 2834 3149 2831 3154 3059 1268 3127 3129 603 3100
6 450 85 126 8 2 3 8 3 214 2 4 2000 18 12 2000 54
2978 3035 3044 3176 2831 3185 1268 3127 603 3164
716 22 173 17 27 1 2000 144 2000 50
2978 3235 3044 3239 3241 3242 3244 3234 3214 3217 1268 3127 3193 603 3164
725 1 57 4 4 1 3 4 22 13 2000 123 52 2000 16
2978 3044 3269 3302 3300 3305 3214 3310 3311 3282 3315 1268 3285 3127 3288 3193 3290 603 3316
614 80 9 3 1 2 7 2 3 33 1 2000 15 362 19 118 2 2000 1
2978 3044 3348 3351 3341 3214 3343 3344 3347 1268 3342 3350 3127 3193 603
297 126 1 1 4 44 1 2 2 2000 1 1 195 183 2000
3257 2978 3044 3239 3255 3214 3251 1268 3127 3219 3193 3226 603 3258 3231
10 300 146 7 5 37 10 2000 68 3 25 26 2000 4 25
2978 3044 3214 3283 1268 3127 3284 3193 3226 603 3231
159 69 90 3 2000 340 5 270 36 2000 270
3298 3317 3044 3321 3340 2978 3214 3343 3344 3342 1268 3285 3127 3193 3226 603 3231
60 5 11 10 16 325 314 10 1 28 2000 60 178 118 11 2000 118
2978 3397 3398 3399 3369 3383 3394 3298 3214 1268 3285 3340 3127 3193 603 3389 3390 3231
199 2 2 3 7 8 6 12 199 2000 12 17 41 29 2000 18 3 29
3459 3460 3407 3409 3442 1268 3447 3449 3450 603 3389
2 3 65 53 7 2000 31 3 12 2000 28
3515 3493 3447 3409 3506 3508 3509 3513 1268 3514 603 3389
1 5 3 6 20 5 3 3 2000 1 2000 5
3524 3493 3526 3527 3528 3529 3525 3532 3506 1268 603 3517 3518 3519
3 90 6 6 1 3 3 2 113 2000 2000 20 27 11
3553 3565 3568 3569 3506 1268 3573 603 3550 3519
1 7 22 2 151 2000 1 2000 39 11
3579 3568 3506 3604 1268 603 3612 3550
15 58 119 5 2000 2000 1 28
3649 3675 3620 3685 3568 3506 3683 1268 3671 3640 3673 603 3678
66 7 10 4 45 43 6 2000 3 10 7 2000 8
3649 3755 3693 3568 3506 3763 1268 3736 603
70 8 53 20 187 1 2000 8 2000
3649 3506 603 1268 3650
196 72 2000 2000 4
3712 3649 3683 3688 3690 3692 3664 3697 3506 3707 1268 3668 3706 603 3708 3710 3711
3 107 35 3 8 29 18 16 86 1 2000 3 3 2000 8 2 1
3649 3683 3722 3697 3506 1268 3734 3735 603 3710
195 74 112 16 48 2000 6 2 2000 59
3649 3779 3722 3787 3788 3790 3791 3792 3793 3506 3683 1268 603 3710
150 34 67 12 5 2 2 1 1 23 19 2000 2000 56
3649 3683 3813 3846 3841 3845 3722 3852 3858 3855 3857 3848 3506 3779 1268 3827 3859 603 3836 3710 3839
3 104 45 3 4 3 10 1 1 1 1 2 16 56 2000 9 1 2000 10 70 11
3779 3910 3911 3913 3914 3915 3917 3683 3506 3891 1268 3866 603 3710 3903
27 2 6 4 2 3 1 50 152 28 2000 5 2000 15 6
3967 3972 3975 3977 3995 3981 3952 3985 3506 3891 1268 3993 3956 3994 603 3996 3997 3903
37 7 2 2 3 2 13 7 143 59 2000 5 37 4 2000 2 3 18
4002 4038 4040 4041 4034 3506 3891 1268 4053 4054 3994 603 4018 4051 3999
147 1 3 5 8 343 22 2000 2 1 50 2000 13 2 8
4097 4002 4108 4075 4076 4109 3506 3891 1268 4087 3994 603
4 119 11 5 32 1 430 142 2000 23 17 2000
4115 4002 4121 4076 4113 3506 3891 1268 4119 4120 4116 3994 603
10 124 2 33 39 170 253 2000 2 1 6 108 2000
4115 4002 4187 4154 4134 4177 4076 4141 4179 4113 3506 3891 1268 4182 4178 3994 603 4188 4189
9 316 3 13 4 2 52 80 19 166 172 441 2000 13 21 53 2000 4 2
4002 4219 4178 4229 4230 4231 4141 4113 3506 3891 1268 4228 3994 603 4227
198 20 18 1 1 1 146 179 242 378 2000 3 64 2000 2
4002 4271 4269 4141 4113 4178 3891 1268 4278 4280 3994 603
257 3 58 21 454 140 557 2000 9 1 10 2000
4002 4330 4269 4113 4178 3891 1268 4340 3994 603 4349 4351
356 5 48 555 93 596 2000 7 41 2000 8 1
4002 4411 4401 4391 4269 4368 4113 4178 3891 1268 3994 603 4410
97 1 8 29 146 10 680 43 680 2000 63 2000 4
4002 4411 4178 4454 4391 4435 4269 4432 4113 4434 3891 1268 3994 603 4412 4410
17 82 26 1 56 35 119 13 881 12 881 2000 312 2000 42 35
