35 43 29 22 41
7 18 8 2 5
105 106 43 108 48 120 83 88 122 123
44 5 30 6 10 1 16 12 2 2
105 146 106 157 158
103 49 3 7 14
105 206 207 146 211 213 214 185 219 220 157
43 4 1 128 5 5 6 10 2 2 14
261 274 270 237 146 278 280 281
8 6 3 75 200 1 10 1
261 335 333 237 336 146 341 343 280 315 293
43 11 40 66 15 362 4 8 195 6 82
357 237 336 376 146 372 373 375 280 377 346 351 293
16 86 85 1 278 13 2 2 50 2 71 5 18
416 432 357 433 424 423 428 237 429 336 401 146 437 385 439 280 346 431
16 2 26 12 34 10 2 119 4 119 67 53 1 7 1 23 352 5
448 237 462 336 433 146 280 346
52 147 7 147 148 26 26 383
448 480 237 336 433 146 470 280 346
7 2 287 287 145 84 27 84 309
237 336 433 470 471 472 346
202 202 17 61 4 1 387
516 518 486 524 237 336 531 471 536 346 511
8 5 33 10 208 208 4 7 1 975 2
549 583 237 559 336 568 346 511 581
15 1 90 5 90 2 894 3 11
556 588 237 336 594 595 597 598 600 346
8 25 145 145 16 41 3 1 2 1002
556 588 237 654 655 336 595 346
67 49 32 6 3 32 68 1215
698 694 679 588 683 556 687 689 595 662 696 697 346 699 669
1 3 9 112 14 147 7 3 198 198 5 2 1170 1 44
740 741 742 744 556 746 588 595 662 346 731 669
8 6 15 5 136 1 276 295 295 1160 2 61
769 741 588 780 777 595 788 662 759 346 669 766 556
15 8 569 39 8 143 4 143 4 1156 6 19 149
832 837 838 588 780 595 662 823 346 556
1 3 1 777 48 99 99 9 1443 101
864 843 662 872 556 875 588 892 595 884 885 854 346 860 861
35 27 101 15 159 48 778 1 101 3 13 34 1602 6 28
864 662 934 935 936 556 843 588 914 595 916 854 346 861 933
29 11 18 2 1 15 110 496 133 11 12 208 1651 91 3
972 843 588 943 944 914 854 951 346 969 861
2 34 582 21 7 138 228 15 1578 1 72
961 995 997 993 588 1006 854 346 861
214 4 34 11 856 4 107 1518 127
993 1026 997 1062 961 1066 1067 588 1070 1071 1072 1009 1042 1011 1013 854 1048 1017 346 861 1061
51 11 46 3 131 2 2 834 1 1 1 51 9 32 39 36 34 18 1415 95 3
1089 993 1121 1093 1094 961 1096 1120 588 1117 1104 1074 1013 1081 1080 1017 346 1087 1116 1085 1119
12 99 1 25 29 109 28 6 756 1 3 215 122 4 42 224 1224 4 5 2 1
1120 993 1157 1093 1089 961 1162 588 1170 1166 1136 1074 1139 1172 1013 1017 346 1094 1126 1173
33 90 5 210 233 257 11 709 5 6 15 23 3 1 164 23 1370 16 24 4
961 1093 1190 1089 1192 1194 588 1166 1167 1074 1013 1017 346
757 152 19 757 1 2 1261 25 17 102 119 102 1731
961 1220 1093 1190 1089 1217 1227 588 1234 1233 1074 1204 1013 1017 346 1226
809 8 2 94 809 8 20 1278 2 6 195 6 184 195 1740 3
961 1190 1089 1289 1217 1287 588 1293 1264 1074 1204 1013 1017 346 1275
679 158 679 13 21 4 1338 13 31 171 15 204 171 1829 67
961 1339 1190 1089 1331 1289 1217 588 1327 1264 1074 1340 1013 1337 1336 1017 346 1275 1308 1306 1333
508 2 91 508 4 77 54 1272 12 18 245 6 347 8 1 245 1755 240 16 64 7
1344 1217 1378 1190 1089 961 1289 1386 588 1389 1392 1393 1074 1396 1013 1017 346 1275 1373 1388
23 70 25 16 615 615 58 11 1041 37 15 2 399 2 437 399 1601 184 16 16
1344 961 1378 1089 1217 1433 588 1392 1425 1074 1427 1013 1430 1431 1432 1017 346 1275 1436 1437
64 609 19 609 11 4 1188 31 9 425 3 247 4 3 2 425 1575 337 2 1
1089 1074 1469 961 588 1506 1490 346 1500 1378 1509 1510 1511 1515 1516 1517 1518 1519 1392 1013 1017 1275
478 586 8 478 1240 3 2 1414 1 30 6 1 6 1 4 1 1 1 128 135 586 394
961 1378 1542 1089 1545 588 1554 1550 1551 1392 1074 1017 346 1275 1533 1548
593 94 15 593 34 1460 1 1 6 119 540 540 1460 528 28 31
1563 961 1378 1595 1542 1089 588 1570 1392 1074 1591 1017 346 1275 1598 1567
8 439 4 4 34 439 1386 2 277 614 2 614 1386 392 1 35
961 1089 588 1646 1392 1074 1619 1652 1653 1657 1017 346 1275
419 419 1363 9 277 637 6 6 4 2 637 1363 419
961 1699 1089 1704 588 1392 1074 1657 1017 346 1275 1694 1695
338 4 338 8 1278 459 722 150 722 1278 338 2 5
961 1740 1701 1089 1736 1721 1739 588 1709 1742 1392 1074 1747 1748 1749 1750 1657 1746 1017 346 1275
383 3 160 383 45 1 14 1686 14 25 143 314 2 3 3 1 63 5 314 1686 383
1824 961 1701 1089 1736 1783 588 1773 1742 1392 1800 1074 1657 1746 1017 346 1275 1825 1822
2 238 338 238 28 10 1604 64 204 130 34 396 107 35 396 1604 238 2 9
961 1701 1862 1089 1800 588 1746 1742 1773 1392 1074 1843 1017 346 1275 1853 1854 1861
222 668 1 222 20 1668 40 590 78 20 332 78 332 1668 222 24 61 1
961 1883 1701 1089 1800 588 1773 1742 1871 1392 1074 1843 1877 1017 346 1275 1882 1854 1889
146 2 791 146 5 1441 206 585 25 5 559 206 2 559 1441 146 7 206 2
961 1923 1701 1926 1089 1929 588 1773 1742 1074 1843 1017 346 1275 1914 1854
146 10 813 1 146 3 1467 136 677 533 136 533 1467 146 1 136
961 1923 1701 1089 1929 1975 588 1773 1742 1074 1843 1940 1961 1976 1017 346 1275 1970 1854 1951
224 55 1190 224 69 1 1711 67 1123 289 67 124 17 3 289 1711 224 4 67 74
1089 1929 1951 1701 1961 1074 1843 1979 1854 961 1996 588 1742 2000 2001 2005 2006 2007 2009 346 2017 2018 1773 1017 1275
318 46 35 1386 8 142 156 16 156 318 4 1858 1230 2 11 75 27 4 7 1858 1 1 156 142 318
2048 1089 1929 2066 2069 2079 2082 1701 1074 1843 1854 961 588 1742 2005 346 2085 2043 1773 2038 1017 1275 2046
21 93 43 10 11 6 8 1574 155 425 425 93 1845 1149 250 1845 1 93 425 45 155 93 3
961 1275 1701 2113 1089 2079 1929 2122 2123 588 1773 1742 1843 2005 2038 2103 2104 346 2043 1854 2101
41 41 1751 8 41 11 21 7 2 2000 838 913 838 787 41 4 21 2000 180 838 60
1089 1929 2157 1701 1843 2101 2104 1854 961 2123 588 1742 2005 2135 346 2140 2143 2145 2043 2155 1773 2160 2161 2162 2163 2164 2038 1275
80 34 3 1749 693 157 34 693 80 15 2000 1056 665 12 2000 14 3 11 115 6 693 6 4 5 3 1 80 80
2197 2211 1701 2222 2225 2186 588 1773 1742 2205 2200 1843 2005 2231 2232 346 2043 2227 2218 1854 2101
59 63 1816 1 13 23 2000 695 1121 18 13 695 695 3 2 2000 142 5 31 695 286
2272 2256 2274 2211 2276 1701 2271 2218 588 1773 1742 2255 2254 1843 2197 2200 346 2043 2101 1854 2005
5 24 2 40 1 1701 15 27 2000 704 997 12 21 704 218 28 2000 299 509 704 704
2197 2299 1701 2313 2282 2315 588 1773 1742 1843 2101 346 2043 2300 2314 1854 2005
182 41 1596 11 20 1 2000 427 1169 427 422 2000 404 84 5 427 427
2005 1701 2313 588 1773 1742 2355 2352 2353 2354 1843 2356 2197 2332 2340 346 2043 2300 1854 2101
296 1591 29 2000 296 1295 2 5 34 2 296 2 522 32 23 2000 409 48 296 296
2197 2043 1701 2313 588 1773 1742 2353 2386 1843 2101 2358 346 2395 2397 1854 2005
478 184 1816 11 2000 416 1400 17 58 416 416 11 2000 7 2 416 416
2441 2443 2413 2448 2197 2458 2462 2463 2464 2466 1701 2472 2475 2476 1843 2101 1854 588 1742 2386 2005 346 2405 2406 2411 1773 2421 2043
6 43 98 23 368 8 21 19 4 23 1903 9 1 1 394 394 394 2000 1509 17 394 2000 1 51 51 394 59 97
2497 2533 2005 1701 2406 2421 2508 2411 588 1773 1742 2534 2513 1843 2197 2521 346 2043 2535 1854 2101
132 3 468 1707 109 62 15 109 2000 468 1239 8 7 468 167 23 2000 293 2 468 468
2562 2570 2578 2197 2582 2583 2584 1701 1843 2101 1854 2497 588 2508 1742 2513 2005 346 2406 2411 1773 2543 2548 2421 2043 2581
3 2 3 75 1 3 1 1795 813 813 813 298 2000 102 982 47 813 2000 47 47 813 50 2 102 205 4
2197 2497 2618 1701 2599 588 2622 2508 1773 1742 2621 2605 1843 2612 2005 2615 346 2043 2101 1854 2421
1 52 9 1658 20 2000 2 247 817 841 1 2 817 23 817 4 2000 342 817 817 247
2693 2694 1701 1843 2101 2618 1854 2497 588 2508 1742 2005 346 2652 2043 1773 2670 2421 2680 2683 2684 2687
3 1 1692 666 666 57 666 57 2000 405 1026 666 2000 33 308 666 11 405 26 13 4 5
2497 2723 1701 2421 2508 2712 588 1773 1742 2705 2706 1843 2708 2101 2680 2721 346 2043 2618 1854 2005
100 3 1662 237 237 10 2000 568 1094 19 14 568 5 568 55 9 2000 338 100 568 568
2705 1701 2735 2739 2101 1843 2618 1854 2752 2497 588 2763 2508 1742 2769 2771 2005 346 1773 2421 2680 2043
121 1533 20 44 745 745 141 745 13 141 2000 31 383 788 6 8 745 2000 745 383 82 467
2705 1701 1843 2101 2618 1854 2497 588 2508 1742 2005 346 2785 2786 2791 2793 2796 1773 2798 2799 2800 2421 2043
337 1570 985 985 27 985 27 2000 510 585 985 2000 18 7 4 3 1 985 2 1 5 510 430
2705 1701 1843 2101 2618 1854 2497 588 2508 1742 2005 346 2785 2811 1773 2800 2803 2421 2807 2810 2043 2813 2815
570 1783 956 956 123 956 123 2000 326 827 956 2000 195 2 956 10 13 326 18 2 217 1 2
2830 2705 2836 2839 2841 2842 2843 1701 1843 2101 2618 1854 2497 588 2508 1742 2005 346 2785 1773 2421 2807 2043
46 814 27 12 1 1 3 1921 1052 1052 50 1052 50 2000 216 869 1052 2000 416 1052 216 75 79
2830 2705 1701 1843 2868 2101 2877 1854 2882 2883 2884 2885 2886 588 2508 1742 2005 346 2785 1773 2421 2043
158 410 1911 965 124 965 15 965 2 7 4 1 3 2000 555 946 965 2000 272 965 555 89
2830 2705 1701 1843 2868 2101 1854 2933 2508 588 1742 2899 2005 346 2908 2910 2785 1773 2928 2421 2937 2043 2940 2941
248 277 1957 933 154 933 933 1 656 2000 1024 18 933 2000 72 59 277 933 6 656 1 43 7 4
2957 2830 2705 2978 2979 2980 1701 2983 2984 2985 2986 2987 1843 2868 2101 1854 588 2508 1742 2899 2005 346 2910 2785 1773 2421 2043
11 131 145 1 3 1 1952 1 2 6 3 4 846 69 846 846 2000 701 1106 66 846 2000 44 145 846 701 48
2957 2830 3053 2705 1701 1843 2101 1854 3041 588 3018 2508 1742 2005 3032 346 2910 2785 3046 1773 2421 3065 3066
123 15 1 314 2000 974 974 974 4 2000 15 660 1026 974 38 2000 34 314 5 974 660 2 2
2785 3075 1701 2421 2508 588 1773 1742 2957 3070 2705 3098 1843 2005 3096 3032 346 3099 2101 1854 3093
230 23 2000 917 917 2000 1147 853 23 138 230 2 1147 1147 3 96 2000 2 1147 1147 11
2705 3103 1701 1843 2101 3160 3130 1854 2508 588 3150 3152 3155 3156 1742 3158 3159 3032 3161 346 2785 1773 2421 3070 2005
340 116 2000 1211 1211 1 147 1211 871 2000 2 2 5 9 789 4 1 58 1 2000 340 1211 871 377 1211
2785 3170 1701 2421 2508 3211 588 1773 1742 3181 3070 2705 1843 2101 3209 346 3130 1854 2005
699 88 2000 707 707 48 2000 1406 594 4 252 699 1406 1406 67 2000 350 1406 1406
3209 3278 2705 1701 1843 2101 3273 3257 3130 3261 1854 3264 588 3275 2508 3277 1742 3279 3280 2005 346 2785 3170 1773 2421 3070
2 1 532 2000 1214 1214 14 10 287 1 1214 6 2000 3 682 4 786 3 3 1214 2000 532 26 1214 682 557
3334 3335 3336 2705 1701 3326 1843 2101 3273 3130 1854 588 2508 1742 2005 346 3293 2785 3170 1773 3313 2421 3325 3070
1 3 3 459 2000 5 1065 1065 129 276 1065 2000 606 935 1065 2000 13 459 48 1065 34 606 47 812
3336 2705 3346 3358 3359 1701 1843 3380 3381 3273 3384 3130 1854 2101 588 2508 1742 2005 346 3293 3365 2785 3170 1773 3313 2421 3325 3070
89 653 55 44 20 2000 1024 1 27 44 1 322 1024 1024 2000 371 976 1024 2000 2 9 653 6 1024 4 371 93 829
2705 3346 1701 1843 3381 3273 3130 3387 1854 2101 588 2508 1742 2005 3415 346 3419 3424 2785 3426 3428 1773 2421 3325 3070
626 55 2000 1071 86 49 1 10 1071 1071 2000 445 929 1071 1 2000 73 41 626 6 3 1071 445 171 781
3461 2705 3346 1701 1843 2101 3273 3387 1854 3381 588 2508 1742 2005 346 3419 3424 2785 3428 3436 1773 3443 3444 2421 3447 3451 3325 3070
5 859 30 2000 1186 1186 55 30 1186 19 2000 327 814 1186 2000 106 106 859 19 34 1186 33 10 327 19 11 103 593
3464 3469 2705 1701 3501 1843 2101 3518 3512 3514 2508 3517 1854 3381 3522 3523 3525 3526 3527 3273 588 1742 2005 346 3419 3424 2785 3428 3436 1773 3443 2421 3325 3070
30 36 895 2000 13 1187 1187 4 48 11 292 5 1187 155 7 1 7 6 1 104 2000 813 1187 2000 70 70 895 36 16 1187 36 292 143 599
2705 3419 1701 1843 3381 3273 3514 1854 2101 588 2508 1742 2005 3545 346 3547 3549 3424 2785 3554 3428 1773 2421 3070
1099 14 2000 1344 110 88 13 1344 1344 2000 245 656 1344 30 2000 23 5 14 1099 2 240 1344 245 393
3585 3588 2705 1701 3070 1843 3381 3273 3514 1854 3573 3553 588 2508 1742 2005 346 2785 3554 3555 3428 3557 1773 2421 3577 2101 3582
6 2 1132 2000 190 1524 94 17 13 1524 2 2 2000 392 476 1524 2000 1132 33 45 96 25 1524 392 9 1524 9
3590 2705 1701 3624 1843 2101 3273 3644 1854 3381 3648 588 2508 1742 2005 346 2785 3554 3428 3557 1773 2421 3577 3647 3070
36 1260 2000 16 1547 1547 98 6 1547 32 6 2000 287 453 1547 2000 1260 145 150 20 1547 287 20 2 182
3716 3717 3590 2705 1701 3718 1843 2101 2508 1854 3273 588 1742 2005 346 2785 3554 3428 3557 1773 2421 3070
6 3 64 1275 2000 2 1448 1448 173 1448 42 2000 552 1448 2000 1275 319 319 55 1448 173 319
2785 3554 1854 3428 1701 3590 2421 3752 2508 588 1773 1742 3750 2705 3730 1843 2101 346 3740 3070 2005
1427 305 1631 305 2000 69 204 1 204 2000 1631 369 5 1427 32 1631 1631 2000 17 305 1631
2705 3790 1701 3752 3758 1843 2101 3772 1854 3780 3782 3784 588 3787 2508 1742 3794 2005 3798 346 2785 3554 3428 1773 2421 3070
1695 3 2000 21 14 1873 1873 23 1873 34 34 14 2000 5 178 127 3 1873 1 2000 1695 31 31 1873 178 31
3784 2785 3840 1701 2421 3815 3816 2508 588 1773 1742 3855 2705 1843 3845 2101 346 3758 1854 2005
14 1776 4 2000 4 40 100 4 2000 1780 220 4 1776 1780 9 1780 2000 39 1780 1780
2785 3874 3907 1701 3905 3816 3882 588 1773 1742 3887 3906 2705 1843 2101 346 3758 3901 1854 2005
1712 70 1 2000 3 46 24 2000 1712 288 5 2 1712 1712 1712 2000 73 23 1712 1712
2785 3874 3940 1701 3914 588 1773 1742 3951 3952 2705 3922 1843 3956 2101 346 3950 3758 3901 1854 2005
1919 104 3 2000 52 2000 1919 81 3 3 1919 25 1919 1 1919 2000 3 142 65 1919 1919
1742 2785 3874 1701 3982 3969 3914 588 1773 3758 3981 2705 3966 1843 2101 3957 346 3983 3901 1854 2005
117 1883 24 2000 5 9 27 2000 1883 156 7 1883 51 1883 1883 5 2000 1 31 1883 1883
1742 2785 4036 1701 4037 3969 4011 588 1773 3758 4029 2705 1843 2101 4039 346 4027 3997 1854 2005
165 1835 7 2000 6 40 15 2000 1835 100 15 1835 1835 1835 3 2000 28 28 1835 1835
2785 1701 4062 4078 4011 588 1773 1742 3997 2705 1843 2101 4054 4073 346 4027 3758 4029 1854 2005
1891 2000 26 3 14 2000 1891 109 231 1891 1891 1891 79 3 2000 231 42 150 1891 1891
2705 4121 4124 3997 1701 4143 1843 2101 4027 4029 1854 4161 588 1742 2005 346 2785 1773 4082 4085 4086 4092 4093
1870 3 53 148 2000 14 1870 1870 148 162 1870 1 2000 130 1870 2000 1870 1870 12 12 17 67 25
2705 4124 3997 1701 4143 1843 2101 4027 4029 1854 4169 588 1742 2005 4182 4184 346 2785 1773 4213 4214 4215 4216 4217 4092
1576 220 120 2000 22 1576 1576 120 90 1576 31 2000 424 1576 16 22 2000 1576 1576 17 4 3 1 2 94
4226 2705 4245 4248 4124 3997 4257 1701 4268 1843 4277 4278 4027 4029 1854 2101 4169 588 1742 2005 346 2785 1773 4092
65 1636 61 84 340 63 1 2000 25 1636 6 1 63 24 1636 1636 56 2000 364 1636 2000 1636 1636 66
4226 2705 4245 4248 4124 3997 1701 4268 1843 2101 4027 1854 588 1742 2005 346 4315 2785 4326 4328 4330 1773 4092
16 1597 93 75 514 309 2000 4 1597 1597 309 1597 2000 403 1597 2000 2 1597 5 2 4 1597 22
4357 4360 4364 4365 4368 2705 4370 4245 4248 4124 3997 1701 1843 2101 4027 1854 588 1742 2005 346 2785 4369 1773 4338
10 9 3 4 2 1774 2 7 42 466 679 2000 1774 1774 679 1774 2000 226 1774 2000 1774 1 1774 7
2785 1701 4391 588 1773 1742 4399 4400 2705 1843 4372 2101 4248 346 4027 4124 3997 1854 2005
1955 2000 18 2000 1955 45 3 1 1955 1955 81 1955 28 2000 576 472 576 1955 1955
2705 4372 4248 4124 3997 1701 4391 1843 2101 4027 1854 588 1742 4431 4433 2005 4439 346 2785 4450 4451 4454 4455 1773
1966 3 34 288 589 2000 16 1966 1966 589 1966 2000 34 26 27 1966 1 2000 1966 2 4 2 1 1966
4512 2785 4507 1701 4499 4391 4506 588 1773 2705 1843 4511 2101 346 4027 4124 3997 1854 2005
1 2000 6 2000 10 18 9 2000 2000 2000 2000 1 2000 2000 866 290 866 2000 2000
2705 4124 3997 4512 4514 1701 4391 4528 1843 2101 4534 4538 4027 1854 4577 588 2005 346 4572 4576 2785 1773
2000 299 758 1 9 2000 42 76 2000 2000 36 6 758 2000 1 2000 2000 2000 12 5 2000 2000
4609 4610 4615 4616 4617 4619 2705 4124 3997 1701 4391 4528 1843 2101 4534 4027 1854 588 2005 346 4572 2785 4586 1773 4592 4595 4598
10 6 1 3 3 6 2000 166 895 2000 102 163 2000 2000 45 895 2000 2000 2000 2000 21 2000 21 2000 12 8 5
2785 4610 4528 1701 4534 4616 4681 4680 588 1773 4669 4595 2705 1843 2101 4598 346 4027 3997 1854 2005
2000 51 113 2000 114 52 1 5 2000 2000 44 101 2000 2000 2000 72 2000 808 808 2000 2000
4610 2705 4723 3997 1701 4528 1843 2101 4534 4027 4669 1854 588 2005 346 2785 4709 4714 1773 4595 4598 4729 4730 4731 4732 4734
33 2000 2 610 2000 105 2000 2000 231 610 181 2000 2000 2000 2000 2000 54 5 2000 57 19 3 2 2 2 1
