36 5 40 13 50 51 52 21 29
43 19 2 70 3 1 1 10 1
36 102 13 77 91 92
73 1 29 14 1 11
128 121 13 127
1 27 202 3
131 173 13 180 181 175 127
5 28 298 4 12 1 43
199 205 206 13 173 211 181
6 15 2 222 26 2 51
240 233 236 13 241
76 43 26 259 3
288 236 13 303 307 309 311 313
18 27 292 14 1 4 5 2
288 324 358 361 330 363 236 13 368 370 371 344
168 31 10 3 3 24 24 66 2 1 2 13
288 324 13 389
219 19 110 35
288 419 420 389 13 403 412
270 5 2 180 172 7 58
288 449 389 13 463 465 466 467 468 441 461 412 446 447
75 68 97 245 9 4 1 3 2 12 12 376 12 23
449 389 476 13 498 504 473 506 507 412 509
155 153 9 152 6 1 49 19 1 441 1
544 449 389 554 13 559 412 557
18 124 54 22 75 2 131 1
449 580 389 13 569 412
68 3 427 24 1 32
449 389 587 591 624 628 630 632 633
14 330 2 91 8 1 4 2 1
672 673 674 675 389 649 591 659 643 661 630 664 665 677
10 9 3 2 432 3 46 13 4 13 46 30 1 6
674 389 729 715 630 727 591 722 726 695 728 697
53 472 2 72 161 2 161 7 1 18 3 13
768 769 389 715 591 760 630 728 761 730 764 766 767
1 2 485 140 136 4 136 12 5 29 7 3 2
833 834 389 777 715 814 591 784 818 819 630 824 730 837
1 2 527 38 383 71 242 84 1 13 242 1 84 2
389 871 872 842 715 877 591 881 882 853 630 855 879
442 17 24 35 210 12 132 2 2 20 132 140 4
930 939 932 389 935 936 842 715 877 591 881 886 630 855 888 953 956 957 958 959
1 7 2 413 37 4 31 446 4 142 60 5 142 108 9 9 8 1 1 2
994 1003 964 389 998 935 715 1004 630 1006 591 881 877 886 855 997
15 2 156 246 16 64 281 1 144 1 144 65 35 25 26 4
1025 994 1035 964 389 998 935 1034 715 877 591 1048 881 1042 1011 1044 630 855 1047 1017 1046
42 280 10 71 179 33 30 2 616 66 105 5 188 49 61 6 105 280 4 50 7
1025 994 389 715 877 881 855 1080 1081 1082
34 384 322 622 21 54 384 25 5 6
1157 1025 994 1155 1156 389 1153 1143 1098 715 1154 1104 1109 855 1147 1141 1151
2 11 460 3 3 329 4 16 60 532 3 78 126 460 7 7 9
994 1163 389 1159 1160 1098 715 1164 1104 1179 1109 1174 855 1177 1183 1180 1181 1151
471 19 259 63 26 26 455 16 20 2 233 2 471 19 6 4 4 17
994 1227 389 1222 1159 1160 1098 715 1228 1197 1230 1231 1232 1234 1109 855 1177 1226 1214
121 2 183 1 149 40 40 994 4 40 2 2 2 1 11 121 352 18 6
994 1285 389 1286 1159 1289 1290 715 1228 1293 1294 1295 1296 1260 855 1177 1255
164 4 95 11 21 1 1 1325 79 4 2 3 1 5 164 567 5
994 389 1159 715 1228 1328 1329 1330 1300 855 1177
199 8 178 1075 123 1 2 1 7 199 321
1392 994 1387 1159 1384 715 1228 1357 1378 855 1177 1351
1 6 4 186 4 1427 6 12 15 6 164 39
1351 1414 1159 1418 715 1420 1357 1397 1177 1406
11 33 53 4 1343 5 24 24 194 7
1479 1472 1442 1475 1476 1478 1414 1159 1480 715 1426 1460 1177 1468 1469
2 3 110 5 2 6 185 68 1 1007 65 37 5 3 23
1442 1509 1414 1511 1478 715 1522 1426 1527 1503
136 97 390 15 9 827 12 29 2 37
1569 1442 1509 1414 1511 1576 715 1585 1426 1589 1590 1562 1563 1564 1565 1567
3 412 10 188 76 15 553 5 3 3 1 7 23 7 1 36
1632 1442 1414 1511 1576 1641 715 1644 1650 1621 1592 1562 1564 1567
19 327 74 214 3 8 949 3 2 54 175 12 63 59
1664 1665 1442 1702 1414 1511 1704 1705 715 1621 1592 1697 1562 1564 1567
1 48 570 1 91 166 4 1 1057 37 338 19 15 4 37
1665 1442 1414 1511 1737 1738 715 1740 1742 1752 1592
9 537 123 260 8 13 976 5 8 2 471
1442 1771 1414 1511 715 1773 1777 1780 1749 1782 1592 1755 1781
785 2 142 65 1008 13 5 3 14 1 303 10 1
1792 1442 1414 1800 715 1804 1773 1806 1805 1592 1755
101 669 143 16 1188 4 88 1 1 280 14
1792 1442 1861 1863 1800 1833 715 1837 1773 1864 1865 1592 1851 1852 1853
82 707 9 2 43 35 1293 11 53 1 1 250 5 19 9
1792 1889 1442 1891 1893 1800 715 1868 1837 1872 1861 1592 1853 1886 1887
255 16 449 1 3 118 1551 27 58 10 1 258 250 14 14
1792 1442 1893 1926 1800 1933 715 1837 1934 1935 1906 1940 1941 1592 1916 1853 1938 1887
103 709 21 2 69 3 1291 9 4 2 48 1 1 217 53 462 2 259
1792 1442 1955 1893 1960 1967 715 1954 1965 1976 1906 1971 1944 1978 1947 1916 1853 1887
135 793 6 9 23 42 1207 18 10 2 81 8 18 1 21 50 741 185
1442 1988 2022 2031 715 2028 2029 1967 2032 1906 2007 1947 1916 1853 1887
814 264 5 5 1186 1 1 248 1 54 62 76 63 1066 526
2081 1442 1988 2063 715 2061 1967 1906 2069 2079 2040 2052 1947 1853 2046 1887
3 1093 171 20 907 3 252 12 5 2 5 5 134 697 4 423
1442 1947 1988 2118 2122 715 2126 1967 2132 2133 2134 2040 2052 2127 1853 2110 1887
978 12 401 29 3 1022 23 160 6 1 1 92 92 8 780 21 561
1442 2123 1988 2122 715 1967 2040 2052 1853 1887
855 1 540 14 1145 71 116 116 906 611
2160 1442 2052 2151 2152 2153 715 2156 2146 1967 2124 2129 2165 2166 2040 1988 2170 2171 1853 1887
2 475 201 5 5 23 1525 19 11 90 5 40 9 24 201 821 7 1 1110 911
2240 2209 1442 1988 715 2221 1967 2237 2226 2238 2233 2040 2201 2239 1853 2052 1887
1 36 656 1104 1344 21 88 5 19 1 7 118 66 2 1287 118 1192
1442 1988 2274 2281 715 2252 2258 2286 1967 2269 2285 2052 2233 2040 2201 2287 1853 2238 1887
674 1208 21 2 1326 2 12 1 51 10 2 36 33 36 100 3 1326 74 1259
1442 2307 1988 2308 2314 715 2322 2269 2258 2324 2238 2201 2040 2233 2330 1967 2329 1853 2052 1887
862 6 1110 26 67 1138 5 75 13 27 109 55 16 132 3 28 10 1138 16 1138
2052 2201 2372 1442 2346 2347 2360 2233 1853 2238 1988 2375 2376 2377 715 2387 2389 2391 2393 2394 2269 1887 2040
6 179 6 912 24 6 51 51 1088 42 1088 6 18 11 1088 4 1 2 2 2 14 1088 6
2457 1442 2443 1988 715 2412 2269 2453 2233 2456 2201 1853 1887
2 938 9 1062 1062 136 13 11 26 2 138 1062 1062
2497 1442 2443 1988 2503 2505 715 2412 2269 2201 2460 1853 2494 1887
9 766 51 1234 2 3 1234 257 7 1 19 1234 4 1234
2497 1442 2443 1988 2536 2506 715 2412 2530 2525 2545 2548 2551 2553 2554 2523 1853 2507 1887
161 588 78 1412 5 40 1412 584 17 26 12 5 3 2 1 13 1412 1 1412
2571 2497 1442 715 1988 2599 2600 2572 2506 2443 2412 2605 2525 2608 2611 2610 2613 2581 2614 1853 1887
7 89 474 1526 1526 2 9 217 30 534 444 4 135 2 1 8 1 8 1 1526 1526
2497 1442 2443 1988 2412 715 2572 2645 2525 2641 2643 2627 2581 2646 2639 2620 1853 1887
52 576 739 1424 355 1424 413 10 124 10 6 24 15 2 4 25 1424 1424
1442 2443 1988 2695 2665 2647 715 2572 2643 2679 2412 1853 2686 1887
542 704 1458 11 44 46 1458 223 86 30 147 1458 10 1458
1442 715 1988 2726 2665 2412 2730 2443 2572 2706 2643 2708 2647 2724 1853 1887
864 1136 1136 2 5 16 2 551 304 14 62 6 146 10 1136 1136
1442 715 1988 2795 2412 2443 2572 2807 2799 2769 2802 2643 2805 2806 2647 2777 2803 1853 1887
909 1091 1091 2 63 576 505 2 16 11 14 70 1 8 29 8 5 1091 1091
2849 2850 2443 1988 2853 2855 2856 2412 715 2572 1442 2845 2643 2647 2851 2844 1853 1887
2 18 1075 1260 5 6 2 72 1260 1034 740 30 11 62 1 34 1260 1260
2881 1442 715 1988 2892 2412 2443 2572 2861 2894 2845 2896 2647 1853 1887
1 403 1597 1597 9 130 1322 1322 3 5 20 1 20 1597 1597
1442 2443 1988 2950 2918 2951 2952 2412 715 2572 2845 2933 2937 2943 2940 1853 1887
251 1494 1749 9 21 1 1 129 1749 1494 4 26 11 46 15 1749 1749
1442 2443 1988 3014 3015 2412 715 2572 2989 2990 3027 3029 3031 3017 3034 2940 1853 1887
36 1316 1964 28 29 606 1964 1316 24 10 2 3 1 6 8 75 1964 1964
3073 3074 2443 1988 3078 3048 2572 715 2412 3069 3064 3034 2940 1853 1887
3 4 1387 2000 1 15 1387 2000 613 5 27 19 306 2000 2000
2443 1988 3048 2412 715 2572 3117 3118 3119 3115 3112 3098 2940 1853 3102 1887
1223 2000 54 777 2000 1223 6 1 2 7 8 1 201 2000 20 2000
3137 2443 1988 3174 3169 3048 2412 3146 715 2572 3117 3151 3121 3158 3112 3144 3115 2940 1853 1887
46 1184 2000 6 14 233 816 53 2000 1184 13 1 54 24 16 57 35 222 2000 2000
3200 3204 3207 3208 3209 3210 2443 2572 3121 1853 1988 3144 3146 715 3158 1887 3048 3177 2412 3185 3195 2940
2 14 6 4 2 1 1263 1263 40 2000 2000 41 38 2000 18 2000 128 11 737 38 89 33
3231 3265 2443 1988 3264 3048 2412 715 2572 3263 3260 3121 3251 3254 3259 2940 1853 1887
11 2 1428 2000 3 226 572 2000 1428 2 1 65 9 2 5 38 2000 2000
2443 1988 3048 2412 715 2572 3293 2940 3284 3292 1853 1887
1473 2000 305 527 2000 1473 7 79 5 8 2000 2000
715 1988 3301 3048 2572 2443 2412 3293 3320 3315 3348 3324 3351 3352 3353 2940 1853 1887
2000 2000 70 451 1579 1579 421 16 1 59 13 29 3 8 1 156 2000 2000
3393 2443 1988 3301 3048 2412 3395 715 2572 3374 3315 3324 3388 3353 3391 2940 1853 1887
6 1579 2000 177 489 421 2 2000 1579 20 177 109 1 9 3 191 2000 2000
3425 3426 2443 1988 3301 3048 2412 715 2572 2940 3428 3315 3388 3353 3427 3324 1853 1887
4 1 1628 2000 83 523 372 2000 1628 35 1 83 8 68 1 123 2000 2000
3466 2443 2572 3469 3471 3472 3474 3478 3353 3482 3486 1853 1988 715 1887 3425 3301 3048 3452 2412 3315 3324
38 1899 1899 31 18 3 6 2 132 2 1 2000 2000 2000 2000 13 129 702 107 101 129 64
2443 2572 3471 3353 3510 3517 3520 3521 1988 3526 3529 3530 715 3533 3534 1887 3301 3048 3452 2412 1853 3315 3324
1960 1960 148 183 33 28 3 7 2000 5 3 5 2000 3 2 2000 292 535 80 40 2000 292 104
2443 2572 3471 3353 1988 3510 3517 3524 715 3533 3535 3538 3540 3542 3543 1887 3301 3048 3452 2412 1853 3315 3324
1935 1935 199 76 2000 10 22 56 2000 32 29 8 6 2 5 2000 269 1031 421 65 2000 269 10
3585 3587 3591 3592 2443 2572 3471 3353 1988 1853 3524 715 3535 3538 1887 3301 3048 2412 3315 3572 3573 3452
8 5 2 2 1887 1887 98 78 2000 2000 49 2000 21 27 2000 421 1068 113 421 27 18 549
3593 2443 2572 3471 3609 3353 3615 3524 3619 3622 3607 3634 1853 1988 715 3535 3538 1887 3301 3048 2412 3315 3572 3452
36 1701 1701 125 12 15 11 108 4 2 2 2 2000 2000 2000 52 49 2000 541 810 299 541 49 439
3649 3682 2443 1988 3301 3048 2412 715 2572 3663 3683 3665 3685 3315 3524 3452 1853 1887
3 9 1249 2000 560 486 751 2000 1249 40 21 89 2 560 52 351 2000 2000
2443 2572 3524 1853 1988 715 3663 3665 1887 3682 3683 3301 3048 3452 2412 3693 3315 3700 3701 3702 3708 3709
1037 1037 372 2000 2000 2000 21 73 2000 36 16 768 269 117 963 6 768 8 3 1 1 1
2443 2572 3726 3727 3732 3524 3746 3751 3758 3761 3764 3765 1853 1988 715 3663 3665 1887 3682 3301 3048 2412 3315 3452
1161 1161 61 12 3 227 6 17 5 5 5 3 2000 2000 2000 131 202 2000 314 897 264 839 897 133
3772 3682 2443 1988 3301 3048 2412 715 2572 3726 3663 3792 3665 3315 3732 3798 3524 3452 1853 1887
29 330 1317 2000 1124 193 683 2000 1317 3 223 1 289 1124 13 1 229 180 2000 2000
3820 2443 2572 3524 1887 1853 1988 715 3663 3665 3807 3809 3682 3301 3048 2412 3822 3315 3829 3830 3831 3832 3452
2 1464 1464 177 2000 2000 2000 2000 292 576 15 36 519 1413 51 536 3 1413 8 1 4 1 51
3846 2443 3852 3864 3865 3868 3871 3524 1853 1988 2572 715 3663 3665 1887 3682 3301 2412 3315 3829 3832 3835
16 1495 79 12 2 5 1 359 2000 2000 1495 2000 248 497 2000 517 1495 505 1495 54 1 2
2443 2572 3864 3524 3874 3881 3882 3884 3885 3890 3900 1853 1988 3914 715 3663 3665 3922 3923 3924 3925 3927 3929 1887 3682 3301 2412 3315
1475 1475 1 305 64 38 7 5 162 38 4 2000 2000 24 2000 108 586 12 5 9 3 2 2 2000 583 1475 525 1475
3948 2443 2572 3524 3882 3885 1853 1988 715 3665 3923 3924 3925 1887 3682 3940 3301 3942 3944 3946 3947 2412 3315
4 1422 1422 187 61 93 2000 2000 2000 753 36 24 53 2000 482 29 1422 4 3 5 1 578 1422
3974 3978 2443 2572 3524 3882 3885 3955 1853 3979 1988 715 3665 3923 3925 1887 3682 3301 3944 3947 2412 3315 3958 3963 3966 3967
3 1 1256 1256 325 32 21 21 2000 2 2000 2000 757 88 21 2000 174 1256 132 58 744 1256 31 15 11 5
2443 2572 3524 3998 4002 4021 4022 4026 4027 1853 4031 4032 4033 4035 1988 715 3665 3923 1887 3682 3301 3944 3947 2412 3315 3958 3963
1025 1025 116 76 32 6 1 12 2 2000 4 2 1 1 2000 2000 724 10 2000 185 1025 110 195 975 1025 82 39
4096 4098 2443 2572 1988 3998 4026 1853 3524 4041 715 3665 3923 4053 1887 3682 3301 3944 3947 2412 4072 3315 3958 4089 4090 4092 4093 4094 4095
4 1 1186 1186 2000 109 103 2000 10 84 2000 1003 56 20 2000 173 1186 252 481 814 79 1186 11 7 7 3 2 1 5
4096 4102 2443 2572 3998 4128 4151 4152 4153 4026 1853 1988 4041 715 3665 3923 4053 1887 3682 3301 3944 3947 2412 4072 3315 4090
14 50 1248 1248 222 28 5 22 1 86 2000 2000 104 2000 1190 17 75 2000 58 1248 502 303 752 27 1248 38
2443 2572 3998 4152 4026 4191 1853 1988 4041 715 4175 4176 4177 4178 3923 4053 4188 4189 1887 3301 3665 3944 3947 2412 3315 4090
1217 1217 204 96 85 2 2000 2000 104 2000 7 3 14 24 63 113 6 2 2000 1217 1217 60 475 783 1217 106
4225 4227 4228 4231 4232 4234 2443 2572 3998 4152 1853 1988 4041 715 3665 4178 1887 3301 3947 2412 3315 4216 4090
7 3 5 5 1 2 1061 1061 304 162 2000 2000 103 2000 1061 42 2000 1061 532 939 1061 12 5
4234 2443 2572 4246 4152 4253 3998 4277 4278 4280 4281 1853 1988 4041 715 3665 4178 1887 3301 3947 2412 3315
70 1467 1467 2 244 37 156 7 2 14 1 2000 2000 70 2000 1467 16 2000 1467 307 533 1467
4234 2443 2572 4253 3998 4152 1853 4289 4299 1988 4041 715 3665 4307 4309 4312 4314 1887 3301 4328 3947 2412 4333 4335 3315
97 1788 1788 71 103 666 2000 11 3 2000 28 2000 1788 24 48 12 13 2000 1788 3 81 212 4 1 1788
4354 4358 4361 4234 2443 2572 4368 4372 4373 4375 4253 3998 4152 1853 1988 715 3665 4309 4312 1887 3301 2412 3315 4343
64 18 31 49 1951 1951 1 6 3 2 44 49 569 2000 2000 2000 1951 15 40 2000 1951 49 1951 39
4361 4234 2443 2572 4253 3998 4383 4384 4386 4382 4406 4152 4410 4411 1853 1988 715 3665 4312 1887 3301 2412 3315
130 118 1882 1882 18 118 7 20 13 16 4 735 2 1 2000 2000 2000 1882 118 2000 1882 118 1882
4361 4234 2443 2572 3998 4386 4152 1853 1988 715 4432 3665 4436 4312 4443 1887 3301 4455 4459 2412 4464 4465 4466 3315
137 140 1860 1860 140 30 761 2000 2000 2000 91 1860 30 140 4 2000 1860 13 2 140 12 1 4 1860
4480 4486 4361 4234 2443 2572 4493 4497 3998 4386 4152 1853 4491 1988 4492 715 4432 3665 4312 1887 3301 2412 3315 4475
12 2 267 237 1763 1763 25 2 237 156 540 2000 3 2000 10 2000 59 1763 237 2000 1763 237 1763 5
4499 4386 2443 1988 3301 4497 4361 4234 715 2572 4493 4432 3665 3315 4500 4152 2412 4312 1853 3998 1887
19 27 1738 2000 1738 2 385 262 2000 1738 7 77 1738 1738 1 219 262 262 2000 262 2000
