66 67 39 41 44 47
4 1 23 30 3 32
98 41 120 118 87 88 95
6 15 1 3 44 2 37
128 98 132 41 139 140 141 142 112 114 115 126 95
64 17 15 101 14 1 2 1 54 1 5 20 71
128 176 165 41 139 174 112 179 153 159 95
97 7 3 16 16 5 65 2 35 4 118
128 224 230 225 232 233 234 235 112 209 210
214 4 1 7 9 1 4 3 164 11 4
128 261 262 232 234 112 209 274 275
286 5 25 34 40 109 149 2 2
128 288 234 299 112 209 306 309 310 311 313 298 286 287
265 12 45 12 75 85 12 5 7 5 1 7 8 3
128 234 365 112 209 339 375 377
88 140 15 140 86 28 15 1
128 432 234 427 430 431 112 209 409 413 377 426
76 3 245 1 9 2 245 198 9 4 29 8
496 483 497 488 489 234 492 493 494 495 112 209 469 409 490
2 4 2 1 5 499 4 2 1 2 499 113 1 43 1
514 554 550 561 234 556 559 112 209 562 563 501 409 509
86 7 4 2 593 1 1 593 44 1 2 26 33 14
624 610 554 514 623 112 626 409 234 607
10 27 39 94 1 804 2 78 804 32
624 610 679 234 514 112 409 671
17 28 9 659 121 659 151 12
112 514 679 716 234 684 687 624 689 409 721 720
663 8 171 7 663 188 7 253 137 264 1 2
624 738 739 740 679 234 684 112 689 729 409 737
33 20 2 1 33 686 85 686 103 43 400 4
740 234 684 112 689 409 762 778 767
77 538 125 538 109 443 33 2 11
740 234 684 781 783 112 689 786 789 790 791 792 409 762 778
215 431 111 13 2 431 67 13 1 2 1 2 167 56 25
740 837 839 840 841 810 684 815 112 786 409 842 778 234 831
225 8 2 2 3 98 76 48 593 12 169 2 100 593 2
866 867 740 778 684 815 112 786 853 868 409 810 234 863
4 2 165 233 7 60 194 32 26 1 358 278 194 7
740 910 904 234 810 906 815 112 913 914 853 409 890 879 778
20 3 3 73 75 1 196 73 3 1 28 429 15 123 179
740 934 778 810 815 112 977 979 949 409 954 879 964 925 234
46 81 22 35 228 7 1 2 107 167 28 70 3 8 7
740 934 1007 1000 810 815 1009 949 409 954 879 996
102 101 1 5 84 178 1 8 423 174 64 57
1024 1025 1028 1030 1036 1039 1040 1042 1044 1045 1046 1047 1048 409 810 815 954 740 996 1000 1002 879
4 33 2 6 9 6 6 3 2 1 1 1 1 561 40 82 313 95 75 24 17 94
1024 1025 1039 1047 409 1052 810 815 1080 954 1083 1112 740 1115 1117 996 1127 1002 1131 1134 1135 1136 1137 1138 1140
29 1 7 78 816 49 33 56 15 771 9 11 89 44 6 61 5 33 5 20 6 1 3 1 2
1024 1156 1155 740 1160 810 1175 815 1083 1047 1080 409 954 1115 1002 1182 1183
19 10 56 147 27 34 4 36 50 115 19 1128 1040 61 34 6 5
1156 1155 740 810 1175 815 1234 1047 1240 409 954 1115 1002 1246 1247
25 51 49 50 80 68 40 122 2 1093 896 122 50 2 1
1155 740 1292 1175 1260 1234 1047 1291 409 954 1115 1276 1274 1279
48 29 1 12 117 56 664 2 1510 1464 664 4 6 4
1313 1314 740 1319 1324 1323 1260 1325 1234 1047 409 954 1115 1305
43 6 56 44 2 4 352 3 51 444 1615 1605 444 12
1367 1387 1319 1384 1385 1383 1260 1047 409 954 1115 1337
1 2 107 9 1 9 346 348 1770 1770 348 103
1408 1410 1412 1319 1384 1417 1260 1391 1395 1429 1398 1047 409 954 1115 1337
32 2 17 98 4 12 365 21 16 2 25 260 1689 1689 260 27
1408 1467 1412 1319 1384 1452 1260 1462 1047 1464 409 954 1115 1466
204 1 2 82 10 13 664 5 174 2 1744 1744 174 10
1408 1504 1476 1510 1511 1513 1260 1508 1520 1521 1047 409 954 1115
172 16 57 1 41 11 779 4 9 2 216 1824 1824 216
1408 1569 1543 1544 1579 1260 1582 1586 1047 1560 409 954 1115
209 2 19 41 10 643 5 1 120 22 1690 1690 120
1408 1627 1636 1544 1643 1260 1620 1047 409 954 1115 1626 1630
194 15 6 23 1 306 19 162 1561 1561 162 4 5
1408 1676 1673 1260 1683 1620 409 954
271 17 54 202 23 21 1674 1674
1408 1676 1673 1260 1721 1714 1683 1684 1689 1720 409 954
381 20 13 328 3 4 31 20 14 3 1882 1882
1408 1733 1736 1260 1742 1743 1683 1748 1750 1753 409 954 1755 1756 1754
243 12 29 219 23 5 120 1 13 9 1853 1853 2 1 2
1408 1793 1794 1815 1260 1743 1683 1750 1817 409 954 1759
320 15 13 1 194 28 70 5 5 1869 1869 19
1408 1793 1750 1832 1865 1867 1260 1871 1841 1874 1875 1877 1846 409 954 1884 1885 1759
444 81 23 23 13 6 294 1 6 8 5 12 27 1939 1939 1 2 203
1408 1793 1922 1924 1925 1926 1897 1260 1913 409 954 1915 1918 1759
175 52 6 1 1 1 64 590 3 1962 1962 7 24 211
1408 1793 1958 1959 1897 1963 1260 1967 1969 1971 1974 1977 1976 409 954 1980 1978 1759
180 38 16 70 180 30 704 20 1 1 8 1 1 1912 1912 8 2 263
1408 1793 2016 1958 1959 1897 2026 1963 1260 1967 1969 1974 2009 409 954 2021 2013 1759
351 67 24 6 138 351 1 8 669 133 89 82 24 1887 1887 1 11 213
2016 1793 2021 2065 1897 1260 1967 2064 1969 1408 2035 2057 1974 2009 409 954 2044 1759
229 152 16 1 174 1162 207 4 16 174 35 3 71 65 1913 1913 4 152
2016 1408 1793 2099 1897 2103 1260 1967 2096 1969 2035 2101 2009 409 954 1759
462 26 69 12 26 3 1607 128 15 26 15 5 140 2000 2000 69
1408 2016 2131 2115 1897 1260 1967 1969 2035 2138 2101 2134 2009 2104 409 954 2139 2140 2137 2110 2143
170 288 17 19 170 1519 119 170 9 1 41 5 233 1 2000 2000 1 1 4 39 4
2016 1408 2174 1897 2186 1260 2157 1967 1969 2101 2009 409 954 2191 2110
386 154 15 154 6 1674 31 129 154 59 704 2000 2000 8 129
1408 2016 2242 2212 2233 2241 2216 1897 1260 2174 2238 1967 1969 2101 2230 2009 409 954 2235 2236 2110
110 425 2 14 9 6 2 110 1737 93 3 153 110 122 15 961 2000 2000 2 12 153
2016 1408 2212 2279 1897 2295 1260 2174 1967 1969 2269 2247 2101 2230 2009 409 954 2236 2298 2110 2293
313 244 62 2 244 7 1610 31 146 244 1 12 43 49 1113 2000 2000 3 18 146 3
2016 1408 2347 2212 1897 2295 1260 2350 2351 2110 1969 2324 2174 2230 2009 409 954 1967 2330 2334 2101
312 136 5 37 136 2 1863 2 2 1 136 235 58 152 1379 2000 2000 1 20 32 13
1408 2016 2370 2371 2385 1897 2378 1260 2382 2383 2384 1969 2324 2357 2009 2360 409 954 2174
268 472 7 1 3 268 4 1732 5 1 3 268 214 50 657 67 2000 2000 202
1408 2016 2409 2393 2406 1897 2411 1260 2413 2414 1969 2324 2009 409 954 2412 2397 2174 2405
500 283 5 42 5 500 2 1500 2 3 500 258 811 2000 2000 1 32 335 44
1408 2016 2467 2468 2393 1897 2423 1260 2446 2447 1969 2324 2009 409 954 2174 2405
297 327 11 2 58 297 9 1703 31 9 297 340 1054 2000 2000 322 2
2016 1408 2393 2469 2496 1897 2506 2507 1260 2446 2479 1969 2324 2494 2009 409 954 2492 2174
269 375 13 122 2 375 3 1 1625 63 57 375 333 10 1003 2000 2000 15 353
1408 2016 2469 1897 1260 2446 2479 2550 1969 2546 2324 2542 2543 2009 409 954 2523 2528 2174 2527
324 177 97 324 1676 276 192 3 324 4 519 5 21 1054 2000 2000 18 12 445 40
1408 409 2446 2575 2578 2580 2582 2583 2585 2587 2589 2469 2479 1969 954 2009 2523 2016 1897 1260 2324 2174
350 2000 496 23 1 11 1 10 3 1 2 14 446 350 2000 974 42 51 350 1650 274 625
1408 2446 2324 409 2594 2469 2601 2605 2606 2479 1969 2610 2616 2617 954 2623 2627 2009 2523 2016 1897 1260 2174
532 648 294 2000 64 147 89 36 12 330 532 35 3 12 2000 5 1 707 67 67 532 1468 694
1408 2594 2469 1897 2647 1260 2605 2446 2479 2644 1969 2324 2009 2616 409 954 2601 2174
839 101 524 839 2 1161 62 496 212 5 839 363 665 29 2000 2000 282 496
1408 2594 2469 2673 1897 2667 1260 2605 2446 2479 1969 2324 2678 2009 409 954 2601 2174 2661
1052 209 453 1 1052 19 948 157 233 312 1052 213 5 715 2000 2000 199 233 19
1408 2699 2446 2705 2324 2709 409 2713 2735 2594 2469 2601 2605 2479 1969 2742 2745 954 2009 2746 1897 2667 1260 2681 2174
691 26 366 8 230 5 2000 21 7 305 408 236 92 361 691 6 1 2000 943 1 691 72 1309 8 366
1408 2796 2446 2324 409 2594 2469 2601 2605 2479 1969 954 2750 2766 2775 2009 2786 2791 1897 2794 2667 1260 2797 2798 2799 2800 2803 2681 2174
802 2 285 219 2000 171 589 466 115 218 802 2000 35 30 30 913 11 4 802 1 40 1198 5 3 2 6 1 59 285
1408 2446 2324 409 2863 2865 2594 2469 2855 2601 2605 2862 2479 1969 954 2766 2775 2009 1897 1260 2681 2174
864 295 297 2000 2 1 227 735 11 535 104 20 328 864 2000 145 145 841 864 1136 53 295
1408 2446 2324 409 2594 2469 2855 2601 2605 2479 1969 2867 954 2881 2887 2766 2775 2009 1897 1260 2681 2174
648 105 437 2000 73 648 35 611 347 753 648 74 2000 10 4 30 30 1247 648 1352 74 105
1408 2949 2951 2952 2953 2954 2955 2446 2324 409 2594 2469 2601 2605 2479 1969 2867 954 2881 2766 2901 2775 2009 2910 1897 1260 2930 2936 2681 2939 2941 2174
580 6 13 3 1 5 3 1 659 2000 1 580 548 144 693 580 38 2000 186 32 34 32 1419 21 580 1420 10 35 38 14 5 1
1408 2989 2961 2324 409 2973 2975 2978 2979 2469 2983 2601 2988 2605 2479 1969 954 2881 2901 2009 2910 1897 1260 2930 2936
647 1 9 479 2000 6 18 8 8 647 15 647 12 265 874 647 2000 8 48 1353 137 647 1353 115 14
1408 2324 409 2975 2978 2469 2601 2988 2605 2479 1969 3000 954 3014 3027 3028 3029 2009 2910 1897 1260 2930 2901
529 701 2000 7 31 529 529 100 13 770 529 5 2000 7 7 1 1 1471 447 529 1471 6 31
1408 3078 3080 2324 409 2978 2469 2601 2988 2479 1969 954 2901 2009 2910 3043 1897 1260 3054 3055 3064 3067 3071
392 4 1 987 2000 62 392 392 279 621 392 2000 62 1608 293 63 392 1608 30 9 2 1 4
1408 3084 2324 409 3103 2978 2469 3112 2601 2988 2479 1969 954 3148 3149 3150 2901 2009 2910 3043 1897 1260
91 70 1110 2000 70 45 91 28 91 86 799 91 2000 7 1 1 45 1909 576 301 91 1909
3136 2978 3043 3140 3143 3084 3146 3147 1260 3129 2479 3139 2324 2901 409 3138 2009 954 3103 2910 3124
3 70 545 3 18 61 2 6 2000 31 332 6 1668 70 2000 5 2000 2000 61 237 23
3200 3188 2978 3043 3084 3191 1260 3182 2479 2324 3198 2901 2009 409 954 3195 3197 2910 3103
2 6 5 366 72 2 2000 1 243 1757 2 5 2000 2000 2000 11 1 103 72
3188 3043 3258 3257 3084 3210 1260 3246 2479 3251 2324 3259 2009 3256 409 954 3195 3226 2910 3103
47 265 3 4 47 24 2000 1 249 3 1751 2 2000 3 2000 2000 29 52 110 47
3043 3304 3084 3210 3307 1260 3309 3310 2479 3312 2324 3308 2009 409 954 3311 3226 2910 3103
21 8 12 46 6 2000 10 15 98 1 1902 4 2000 2000 2000 8 102 47 12
3330 3363 3307 3354 3103 3084 3210 3351 1260 3362 2479 3344 2324 3350 2009 409 954 3311 3226 2910 3359
24 5 9 2 9 9 146 4 2000 11 411 9 1589 9 2000 2000 2000 6 74 181 14
3330 3412 3404 3210 1260 2479 3376 3377 3410 2324 3350 2009 409 954 3402 3226 2910
13 2 13 31 2000 453 25 5 1 1547 36 2000 2000 2000 9 115 200
3481 3428 3468 3402 1260 3474 2479 3377 3226 2324 3477 3350 2009 3485 409 954 3210 2910 3487
3 81 11 79 2000 17 281 46 242 1719 12 240 2000 2 2000 2000 76 113 3
3540 3522 3377 3402 1260 3474 2479 3537 3226 3539 2324 3541 3350 2009 409 954 3210 2910
1 3 42 139 2000 11 315 19 171 2 1685 2 120 2000 2000 2000 97 175
3609 3606 3559 3580 3210 1260 3588 2479 3377 3226 2324 3350 2009 3608 409 954 3611 3599 3402 2910
2 5 32 2 56 2000 1 514 190 57 1486 114 2000 5 2000 2000 4 7 359 29
3641 3656 3628 3210 3627 1260 2479 3377 2324 3350 2009 409 954 3611 3402 2910
23 2 6 129 9 2000 640 495 1360 138 2000 2000 2000 22 100 14
3681 3641 3687 3688 3210 3627 1260 2479 3377 2324 3669 3350 2009 409 954 3685
2 31 4 5 59 2 2000 710 650 1290 3 263 2000 2000 2000 2
3744 3706 3718 3721 1260 2479 3377 3732 2324 3350 409 3736 2009 954 3740 3738 3742
2 3 9 51 2000 948 813 24 1052 434 2000 45 2000 2000 1 4 4
3776 3788 3781 3718 3802 3785 3801 3787 1260 2479 3792 3377 3794 2324 3797 3350 2009 3736 409 954 3753
27 12 34 50 2 66 2 5 2000 358 16 297 9 1642 8 430 2000 40 2000 2000 4
3849 3811 3781 3718 3848 3785 3819 1260 2479 3798 3377 2324 3350 2009 409 954 3839
1 61 26 133 1 90 11 2000 51 94 51 1949 289 2000 2000 2000 3
3798 3718 3879 3884 3883 1260 3853 3887 3888 3859 2324 3861 3350 2009 409 954 3781
209 133 54 12 8 2000 4 8 3 18 2000 6 228 2000 2000 2000 12
3956 3798 3718 3879 1260 3949 3929 3955 2324 3918 3350 2009 409 954 3957
1 335 14 19 2000 8 25 1 2000 2 335 2000 2000 2000 1
3798 3718 3879 3929 1260 3918 2324 3925 3350 2009 409 954 3931 3932
437 24 190 3 2000 147 2000 2 437 2000 2000 2000 1 2
3798 3988 3879 3977 3946 3991 1260 3986 3918 3984 3990 3955 2324 3989 3350 2009 3992 409 954 3978
434 4 97 1 21 1 2000 6 64 8 1 44 2000 1 434 2000 2 2000 2000 1
4032 4002 4035 3798 4038 3879 1260 3918 4016 2324 3350 2009 409 954 4037
19 1 5 676 1 98 2000 2 95 2000 676 2000 2000 2000 2
4058 3350 4071 3879 1260 4016 4089 2324 3798 2009 409 954 4091 4092 4093
4 766 8 19 2000 142 8 2000 766 2000 2000 2000 8 3 1
4112 3798 4104 1260 4016 4114 4089 2324 3350 2009 409 954
2 723 21 2000 39 1 57 2000 723 2000 2000 2000
4115 4147 4130 3350 4148 4136 4151 1260 4141 4016 4146 4089 2324 4149 3798 2009 409 954 4123 4127
18 3 6 652 4 13 2 2000 5 20 1 61 2000 1 652 2000 2000 2000 23 29
4180 4163 3798 4204 4203 1260 4016 4089 2324 4181 3350 2009 409 954 4123
6 42 623 3 1 2000 71 21 2000 5 623 2000 2000 2000 91
4193 4163 4196 3798 4170 1260 4089 2324 3350 2009 409 954 4123 4189
2 152 2 504 4 2000 101 2000 504 2000 2000 2000 81 4
4261 4163 3798 4262 4232 4265 4266 1260 4089 2324 3350 2009 409 954 4123 4221 4254 4197
1 140 417 3 30 4 1 2000 91 2000 417 2000 2000 2000 48 103 8 69
1260 2324 3350 409 4123 4274 954 4298 3798 2009 4315 4318 4322 4197 4326 4327 4328 4330 4332 4333 4089 4221
2000 2000 548 2000 32 42 2000 14 548 2000 33 11 12 89 1 4 2 1 1 3 236 184
4354 4355 3350 4371 2324 4374 4376 409 4379 4381 4382 4383 4123 954 3798 2009 4315 4318 1260 4221 4089 4349
15 28 489 2 2000 12 3 2000 1 3 1 2 10 2000 489 2000 7 45 2000 139 233 20
4355 3798 4404 4392 4393 1260 4397 4413 4406 4403 4089 2324 3350 2009 4408 409 954 4409 4221
73 498 5 18 42 2000 17 3 4 3 251 2000 498 2000 6 2000 2000 1 208
4448 4449 4450 4452 3350 4424 4393 1260 4089 2324 4437 3798 2009 409 954 4443 4442 4221 4441 4453
15 4 5 1 412 54 54 2000 126 2000 13 412 2000 2000 2000 9 2 650 6 1
4448 4499 3798 4492 4488 4393 4500 1260 4424 4089 2324 4501 3350 2009 409 954 4443 4221 4479
120 1 515 5 8 16 1 2000 16 358 2000 2 515 2000 2000 2000 28 558 82
4448 4538 4569 3798 4534 4424 4393 4537 1260 4559 4089 2324 3350 2009 409 954 4575 4572 4221 4574 4479
376 5 2 553 20 1 1 2 2000 3 355 2000 553 2000 2000 2000 3 2 263 2 86
4448 4608 3798 4614 4534 1260 4626 4594 4089 2324 4629 3350 2009 4632 409 954 4221 4479
402 26 596 10 3 2000 4 25 547 2000 6 596 2000 2 2000 2000 310 30
