37 40 45 14 47 48 49 53 56
63 16 5 21 2 6 7 3 3
129 72 76 140 141 14 49 126
1 32 4 4 2 126 11 13
196 197 167 72 14 185 190
4 1 28 94 341 68 8
72 234 236 14 239 242 238 185 202
157 1 1 306 2 1 2 82 11
258 259 295 72 14 296 277 247 185 249
44 58 4 126 652 14 4 15 245 35
320 259 72 14 343 334 336 309 342 185 249
25 74 29 707 1 9 2 30 2 287 66
320 72 361 394 14 371 334 309 249 185 378
100 29 30 4 618 39 5 27 64 556 11
385 361 395 396 14 401 371 185
7 311 10 23 257 1 1 1179
450 443 421 361 14 447 185 411 415
1 7 20 367 101 10 1180 127 143
480 411 453 361 490 491 493 14 479 457 185 443 415
15 105 59 473 2 2 1 73 7 12 1502 110 13
544 480 514 411 453 523 545 361 535 546 14 443 532 503 185 539 541 542 491
5 36 6 110 13 9 2 314 13 2 101 74 4 43 1138 12 8 26 10
480 545 411 550 555 551 584 361 587 588 589 14 561 562 590 503 568 185 443 453
59 24 93 6 1 61 8 422 8 3 1 120 44 6 2 24 17 909 44 1
480 612 613 551 584 361 615 14 561 568 185 602 411 604
14 4 8 19 42 503 3 132 38 11 926 36 222 14
643 646 551 584 361 653 14 657 654 663 664 185 666 411 604
29 27 77 2 731 9 38 7 6 2 2 1070 5 493 99
704 706 643 708 709 710 551 361 695 696 185 411 700 670
1 3 53 1 1 1 116 437 5 13 852 319 3 75
643 361 749 724 725 696 185 762 411
131 628 14 113 32 227 637 10 455
832 643 827 361 823 777 749 814 815 787 724 822 791 696 185 826 411 830
1 89 1 585 1 11 8 25 12 66 99 2 6 367 585 4 521 4
833 859 836 870 361 850 888 882 724 886 889 696 185 411
40 56 62 23 861 3 3 4 131 12 2 285 861 804
833 930 859 836 934 935 936 361 923 914 931 724 696 185 411
17 4 29 20 4 1 3 788 9 3 6 105 282 788 771
997 967 361 999 974 724 696 185 986 411 989 990
3 56 1068 1 52 52 92 1068 11 1068 13 3
1024 1025 1032 361 1034 1035 1036 1037 724 696 185 986 411 989
9 16 18 808 4 6 1 1 14 18 808 117 808 1
1088 1061 1032 361 1101 1104 1105 1042 1048 185 986 411 1085
2 39 56 1153 2 10 2 40 18 1153 192 1153 12
1104 1179 1110 1032 361 1168 1178 1174 1177 185 986 411 1180 1085 1061
2 2 19 106 1100 7 4 8 1 1100 68 1100 2 14 32
1211 1032 361 1228 1198 1233 1234 1235 1237 1110 1239 1240 185 986 411 1212 1210
29 16 605 2 21 16 17 6 10 31 8 5 605 59 605 1 2
1303 1306 361 1259 1292 1295 1235 1301 1110 1305 185 1274 411 986 1278 1237
1 2 496 3 37 9 14 13 57 2 496 34 496 109 9 6
1313 1314 361 1303 1292 1327 1328 1329 1235 1237 1110 1324 185 986 411
30 15 688 63 58 6 7 1 91 79 20 21 688 219 688
1364 1314 1347 1352 361 1354 1292 1357 1359 1361 1235 1363 1237 1356 185 986 411
1 4 12 16 823 10 109 11 1 3 325 6 13 11 823 226 823
1408 1409 1347 361 1395 1292 1235 1397 1401 185 986 411
6 3 21 625 22 56 323 22 6 625 236 625
1440 1411 1448 361 1395 1457 1235 1460 1461 185 986 411 1439
30 44 33 479 20 6 329 3 1 479 511 479 44
1512 361 1517 1518 1520 1235 1494 1497 185 986 411 1439
16 652 14 1 4 534 64 12 652 443 652 30
1568 361 1520 1235 1494 1567 185 986 411 1565 1566 1439
2 680 21 634 125 2 680 213 680 1 5 14
1600 1601 1590 1609 1576 361 1611 1608 1235 1494 1591 185 986 411 1596
12 4 107 1 2 561 1 1 542 297 2 561 402 561 16
1648 1590 1657 361 1646 1616 1650 1235 1653 1494 1655 1656 185 986 411
3 1 1 650 1 28 6 650 4 301 1 1 650 352 650
1670 361 1677 1678 1679 1680 1235 1494 1657 185 986 411
10 593 3 1 1 3 593 177 123 593 18 593
1659 1668 361 1674 1676 1677 1679 1681 1682 1235 1494 1657 185 411
13 17 875 2 1 4 1 1 3 875 440 55 875 875
1718 1702 361 1714 1235 1494 185 1720 1657 411 1662
3 23 618 39 618 383 618 1 103 618 15
1728 1733 361 1747 1235 1748 1494 185 1657 1722 411
193 13 470 22 470 1 257 470 159 12 470
1728 1793 1795 1761 361 1783 1789 1235 1494 1657 185 411 1757
155 8 1 85 657 3 9 657 212 137 657 657 7
1728 1761 1846 361 1840 1842 1235 1844 1845 1494 1657 185 411
221 127 3 771 7 2 771 3 3 209 202 771 771
1728 1761 1890 1862 1889 361 1871 1872 1873 1235 1494 1657 185 1882 411 1887
67 96 5 11 6 1121 55 23 6 1121 337 116 1121 1 1121 4
1921 1915 1924 1925 1926 1928 361 1899 1871 1929 1873 1235 1494 1657 185 411
11 27 3 11 1 5 1087 11 49 1 146 1087 386 114 1087 1087
1915 1957 1873 361 1974 1899 1961 1235 1941 1494 1657 185 411
22 53 18 1094 5 170 42 1094 58 414 108 1094 1094
2032 2011 2021 361 1899 2028 2031 2007 2034 1235 1941 1494 1657 185 411 2012
3 5 4 1353 285 7 1 4 13 1353 44 530 88 1353 1353 10
1899 2054 2055 361 2058 2007 2028 2059 2034 1235 2037 1494 1657 185 411
73 5 11 1300 15 20 67 3 84 1300 67 234 150 1300 1300
2081 2114 2115 2117 2113 2099 361 2028 2092 2034 1235 2037 1494 1657 2104 185 411 2111
80 3 1 1 2 42 1365 138 21 100 1365 64 418 59 16 1365 1365 1
2081 2146 2150 2151 2099 361 2154 2155 2092 2028 2153 2137 2034 1235 2037 1494 1657 185 411 2133
174 6 24 9 35 1220 8 2 38 12 1 8 200 1220 45 318 266 1220 1220 1
2209 2203 2212 2211 2151 361 2186 2034 1235 2037 1494 185 1657 411 2205 2175
1 7 1 7 68 957 40 461 957 47 184 957 441 957 2 101
2217 2256 2261 2151 361 2289 2284 2285 2287 2288 2257 2034 1235 2037 1494 185 1657 2249 411 2290 2175
26 1 16 101 717 1 3 9 3 1 5 390 717 65 148 717 634 20 717 1 106
2217 2338 2299 2151 2323 361 2318 2339 2257 2034 1235 1494 1657 185 411 2332 2175
20 2 13 194 8 979 11 2 19 300 979 475 601 979 979 13 20
2395 2358 2374 2151 361 2387 2380 2386 2318 2353 2034 1235 1494 1657 2360 185 2394 411 2396 2361 2393
2 11 11 636 832 1 35 8 242 75 701 832 470 342 12 832 9 832 1 11 1
2151 2440 361 2442 2386 2318 2353 2034 1235 2452 2446 1494 1657 185 411
582 28 1273 19 45 160 22 582 1273 1 5 981 145 1273 1273
2489 1657 2151 361 2442 2318 2480 2353 2034 1235 1494 2487 2481 185 2490 411 2461 2463
2 15 938 1047 57 434 12 59 938 1047 675 3 3 1047 1 1047 89 26
2464 2473 2468 2151 361 2474 2318 2034 1235 1494 1657 185 411 2461
37 11 5 1320 555 1 269 1320 555 270 125 555 555 162
2464 2547 2550 2151 361 2551 2548 2318 2543 2545 2034 1235 2516 1494 1657 2546 185 411 2461
63 4 1 980 938 1 4 367 11 9 980 938 35 433 82 1 938 938 179
2464 2593 2594 2587 2566 2151 361 2573 2318 2592 2545 2034 1235 2516 1494 1657 2595 185 411 2588 2461
1 3 1 8 29 1013 966 36 444 4 4 1013 966 6 493 21 3 966 966 8 174
2592 2624 2610 2646 2151 361 2636 2573 2318 2639 2608 2034 1235 2638 1494 2647 185 411 2461
12 43 7 5 1334 666 3 44 529 9 141 1334 666 3 254 1 666 666 364
2624 2683 2151 2697 361 2674 2318 2573 2608 2034 1235 2670 1494 2679 185 411 2461 2677
12 34 1493 5 507 24 697 22 80 1493 507 9 329 23 507 507 178 35
2683 2151 361 2573 2318 2608 2034 1235 2674 1494 185 411 2461 2718
30 1184 816 31 587 57 1184 816 74 415 816 816 401 20
2752 2753 2151 361 2674 2318 2608 2034 1235 1494 2729 185 411 2461
5 1 1018 982 46 695 28 1018 982 437 21 982 982 545
2816 2756 2151 361 2794 2674 2802 2318 2608 2769 2034 1235 2788 1494 2777 185 411 2461 2814 2815
1 50 1089 911 10 52 32 730 14 20 1089 911 48 177 7 911 911 734 4 2
2850 2788 2838 2151 361 2794 2859 2674 2318 2769 2034 1235 1494 185 2840 2841 411 2461
3 77 17 892 1108 43 5 44 484 1 892 1108 344 1108 8 11 1108 764
2788 2902 2151 2888 361 2890 2892 2034 2318 2895 2897 2866 1235 2905 1494 2903 2872 185 411 2461
25 4 416 8 1584 8 2 416 162 4 14 96 1584 1 636 1 3 1584 1584 948
2913 2918 2151 2920 361 2922 2919 2034 2318 2866 1235 1494 185 411 2908 2461 2910
11 5 477 1 1523 4 3 477 199 66 1523 297 1523 1523 22 1226 10
2946 2934 2950 2151 361 2951 2866 2034 1235 1494 2953 185 411 2461
7 9 7 247 1753 17 173 247 1753 194 1 1753 1753 1559
2976 2934 2151 361 2951 2034 1235 2996 2997 1494 185 411 2461
23 24 221 1779 41 221 1779 27 1 196 1779 1779 1583
3035 1494 2151 361 3050 2951 3051 3025 2034 1235 3006 2934 3049 185 411 2461 3027
17 144 259 1741 9 130 1 20 259 1741 16 63 1 1741 1741 1597 3
3091 3035 1494 2951 3087 361 2151 3084 3058 3086 3067 3088 3025 2034 1235 3054 2934 185 411 2461 3093
8 139 80 140 1 1710 290 29 3 4 18 7 55 290 1710 33 378 1710 1710 1630 12
3123 3139 411 1494 2151 3144 361 3114 3138 3025 2034 1235 3146 2934 3128 185 3130 3035 2461 3141
7 24 1592 79 408 6 1592 1 6 35 408 1592 2 266 5 1592 9 283 1513 6
3035 2934 2151 361 3148 2034 1235 3198 1494 3159 3160 185 411 2461 3163
434 122 514 1486 9 514 1486 6 113 19 33 1486 1486 1373 19
3202 3203 3213 3214 3217 3226 3227 2461 3233 3234 3235 185 411 1235 1494 3159 3160 3035 2151 361 2034 2934
112 27 27 2 17 7 11 1481 1 3 10 1561 1561 1561 80 35 29 298 439 1561 439 149
3202 411 3203 1494 3267 2151 361 3217 2034 1235 3284 3285 2934 3159 185 3035 2461 3237
35 1422 35 51 11 578 1422 23 578 1422 10 1 84 104 1422 380 1371 94
3328 3202 3333 3334 3335 3336 3337 411 2461 3237 2034 185 3318 1235 1494 3159 3035 2151 361 3314 2934 3320 3323 3326
5 51 1 5 1 2 1 1720 1713 23 280 1720 8 1720 7 167 243 280 1720 11 33 12 3 3
3035 1235 2151 3336 361 3370 3373 3375 2034 3347 3348 2934 3159 185 411 2461
112 1888 112 63 1888 18 7 1 112 26 20 8 179 1888 1888 1888
3336 3347 3348 411 2461 3377 185 3410 1235 3159 3035 3420 3423 3424 3429 3430 2151 3432 361 3439 3441 2034
58 35 11 1703 1703 61 1703 13 1703 304 297 12 11 1 7 1 297 1 1703 10 3 297
3035 2151 3471 361 3467 3469 3439 3472 2034 1235 3348 3159 185 411 3420 2461
331 331 11 1669 39 13 206 3 331 1669 138 184 1669 1669 26 1669
3489 411 3492 3493 2151 361 3467 3439 2034 1235 3348 3159 185 3482 3035 2461
14 1383 7 2 617 1383 123 192 617 1383 26 109 1383 59 617 1383
3489 411 3543 2151 361 3467 3439 2034 1235 3348 3541 3159 3544 185 3482 3035 2461 3531
87 1202 3 798 1202 27 191 798 1202 10 3 30 3 1202 18 798 1202 25
3552 3489 411 3556 2151 361 3467 3439 3600 2034 1235 3543 3581 185 3159 3035 3599 2461
62 26 937 18 1063 937 117 242 11 1063 937 129 6 937 33 1063 3 937
3467 3609 411 2461 3618 3543 3629 3635 185 3642 3643 3645 3646 3647 3648 3649 1235 3159 3035 3552 3556 2151 361 3439 2034
89 36 1048 1048 15 130 5 30 1048 20 4 2 2 1 1 2 1048 34 952 250 47 952 1048 130 952
3552 3680 3035 3556 3673 2151 361 3543 3439 3665 2034 1235 3676 3159 185 3642 411 3644 2461 3647
463 5 961 194 1 961 1039 12 12 7 961 1039 4 54 1039 118 1039 33 1039 125
3159 411 2461 3035 185 3642 3644 3647 3652 3660 3663 3664 3665 1235 3668 3671 3675 3676 3552 3556 2151 361 2034
73 939 939 1061 939 44 76 194 13 5 1 3 30 939 7 24 2 1 372 207 1061 939 1061
3722 3724 3728 3734 3735 3738 411 3740 2461 3743 3745 185 3642 3647 3665 1235 3671 3035 3552 3556 2151 361 2034 3699
13 3 1 1 3 4 805 2 805 3 1 805 159 333 72 805 72 1195 699 97 1195 805 1195 32
3722 3735 411 2461 3742 3750 3756 3758 3759 3762 185 3642 3647 3665 1235 3671 3035 3552 3556 2151 361 2034 3699
81 24 739 739 7 14 6 2 13 1 739 60 375 42 739 42 1261 713 168 1261 739 1261 35
3552 3792 411 3556 3803 2151 3802 361 3722 3790 3699 2034 1235 3779 185 3642 3035 3804 2461 3774 3647
804 9 804 214 9 1196 1 804 49 4 133 1196 804 5 804 27 1196 3 804 20 302
3842 3843 3844 3847 3848 3849 3722 411 2461 185 3642 3850 3647 1235 3035 3804 3552 3556 2151 361 2034 3699 3831 3837 3839
5 1 1 2 2 1 44 846 846 846 49 1 138 846 1154 2 846 259 1154 846 1154 234 2 3 5
3722 3852 3854 411 2461 3867 3876 3878 185 3642 3901 3902 3903 3904 3905 1235 3035 3552 3556 2151 361 2034 3699 3647
27 41 41 1038 1038 21 26 1 1038 39 12 2 2 3 1 1038 962 1038 156 962 1038 962 228 222
3867 2461 411 3954 185 3642 3901 3647 3917 3920 1235 3035 3552 3556 2151 3944 361 3951 3952 3953 2034 3699 3957 3958 3960
61 1421 1421 1 1421 125 18 126 14 19 1421 579 1421 119 579 11 1421 27 7 6 579 264 7 1 2
3552 3969 3035 3556 2151 3867 361 4010 3954 3699 2034 1235 4009 185 3642 411 2461 3647
1231 100 769 65 769 27 1231 1 33 130 769 1231 1 1231 120 1231 1231 287
3552 3969 3699 4032 4031 2151 3867 361 4013 3035 4026 4017 2034 1235 4022 185 3642 411 4028 2461 3647
1134 205 205 1 1 866 8 1134 21 866 1 9 866 1134 8 1134 209 1134 7 1134 399
3552 3969 411 4079 4080 2151 361 4076 4013 4078 4077 3699 4081 2034 1235 4022 185 3642 3035 2461 3647
867 105 867 6 1 1133 867 1 59 3 7 105 1 1133 867 59 867 166 1133 867 738
3552 3969 3035 4095 4096 2151 361 4079 3699 2034 1235 4086 4087 185 3642 411 2461 4094 3647
1074 204 926 1 1 926 1074 60 204 926 1074 12 5 1074 168 1074 1074 1 646
3552 3969 411 4132 1235 2151 361 4079 2034 3699 4121 4088 185 3642 3035 2461 4126 3647
1054 289 1054 20 1054 946 1054 182 946 289 22 95 1054 29 946 1054 2 657
3552 3969 3035 4132 2151 4168 361 4175 4079 3699 2034 1235 4121 4181 4182 4185 4088 185 411 2461 3647
1035 231 965 41 965 1 1035 54 334 231 965 1035 6 2 4 2 84 1035 1035 1035 734
3552 3969 411 4132 4214 2151 361 4175 3699 4209 2034 1235 4212 4079 4182 4215 4088 185 3035 2461 3647
849 320 849 70 13 1151 849 97 320 23 1151 849 1 118 32 2 70 849 1151 849 831
3969 4240 4247 411 2461 4254 4256 4259 4132 185 3647 4175 1235 3035 3552 2151 361 4079 2034 3699 4214 4088
180 31 39 523 523 6 13 8 206 523 1297 132 523 1477 523 1477 523 62 1477 180 98 206
3969 4240 411 2461 4256 3035 4132 185 3647 4175 4303 1235 4311 4315 3552 2151 361 4079 2034 3699 4214 4088
507 40 708 708 21 1292 26 708 785 507 8 708 1 6 708 1292 708 51 1292 507 40 26
3969 4353 4363 4365 4367 4240 411 2461 4132 185 3647 4175 4344 1235 3035 4319 3552 4324 2151 361 4079 2034 3699 4214 4088
264 8 16 2 3 36 553 553 41 553 1183 264 16 553 1447 61 553 125 1447 553 1 1447 264 36 41
3552 3969 411 4132 4421 1235 2151 4403 361 4363 4353 4175 4400 2034 3699 4088 185 3035 2461 4382 3647
465 276 465 91 2 465 1535 47 465 112 47 276 23 1535 276 91 465 1535 465 10 1259
3969 4353 4363 411 2461 4132 4400 4403 185 3647 4175 4472 1235 3035 4446 3552 2151 361 2034 3699 4468 4471 4088
319 9 57 253 253 80 44 7 253 1428 319 2 253 1747 35 253 1747 253 1747 319 5 12 80
