5 6 7
4 2 2
3 5
1 2
48 46 47
2 2 3
65 66 67 68 61
6 2 2 2 1
128 116 122 124 125
2 6 1 3 2
48 55 51 52 47
3 1 3 1 5
0
1
32 10 35 36 34
4 14 1 1 2
17 18 19 20
1 9 2 2
35 28 29
3 10 5
57 58 59
2 4 3
15
2
8 4
2 2
8 10 11 6
1 3 1 2
8 9 2 7
2 2 4 2
10 11 12 7
2 1 1 1
41 43 28 45 39
1 2 12 2 1
0 4 5 6 7
2 2 1 3 1
19 21 23
6 4 4
16 17 19 13 14
2 2 4 9 7
72 74 67 71
2 1 9 2
17 18 3 2 15
1 1 4 6 1
24 25 26 23
1 5 2 2
8 9 12 6
1 2 1 8
45 46 47
2 1 2
9 12
2 4
17 18
13 1
0 2
9 1
0 7 9 10 11 12 13
3 1 2 1 1 2 1
1 5 6 7
4 2 1 1
17 18 19
1 1 1
1 3 4
1 2 1
4 5
3 1
53
17
36 37 39 40 24 28
1 1 1 1 1 4
42 44 45
1 1 1
1 2 3 4 5
8 1 1 1 3
0 2 3
1 3 4
25 27
3 2
65 57 69 71
12 3 3 2
5
4
0 1
7 3
2
1
22 30 31
8 3 2
8 10 7
2 2 14
8 10 19 20 21
2 5 2 1 4
56 57
1 1
1 2
1 1
0 1
1 1
3 4 5 6
1 2 1 1
14 15
1 1
24 22
1 2
0
2
15 14 7
1 1 2
24 25 26 22
1 1 2 5
3 4
1 1
1 2 3
3 6 3
12 13
5 2
24
3
0 1 2
1 1 3
0 4
2 1
1
1
35 38 39
1 1 4
34 35 36 37 31
3 2 1 1 6
72 82 83 79
2 2 1 1
149
2
0
1
2
1
48 38 44 45 46
2 1 1 2 3
40
1
40 41 36 37
2 1 6 1
8 3 4 6 7
4 5 5 4 1
25 29 30 33
1 7 3 1
16 24 26 28 25
6 1 4 1 1
2 3 6
3 5 1
2 3
1 2
19 21 22 23
2 1 1 1
0
3
17 22 23
3 3 2
25
12
35
1
40
2
11 12 14 6 15
1 9 1 3 2
17 18 19
2 1 3
0
1
34 35 36 37
1 2 1 2
8 9 7
1 2 3
24 28 29
1 2 1
2 4
3 1
32 34 35 36 38 40 42 45
2 6 1 4 3 1 3 1
9
1
55
4
0 1 3
1 1 2
5 6 7
1 1 3
1
2
16
2
