38 41 42 43 13 14 16 30
30 26 2 3 24 4 50 10
67 101 102 38 45 16 52 87 59 93
25 14 1 1 10 192 27 45 10 27
160 161 131 135 142 16 52 87 152 156 93 158 159
1 2 9 3 38 245 63 118 5 11 63 3 6
194 196 169 142 16 52 87 184 185 93 158 159
2 1 38 152 101 42 61 2 13 42 15 18
225 231 169 247 142 207 16 238 210 243 245 246 87 220 223
31 14 8 2 29 49 211 8 20 6 4 6 40 2 3
296 298 142 207 16 306 310 311 314 318
9 16 43 6 86 11 1 3 6 1
368 360 361 298 366 367 16 314 348
1 9 19 79 2 1 48 61 23
417 418 419 298 16 403 404 406 407 409 314 411 414
1 1 1 205 21 65 3 17 3 2 83 1 5
457 298 464 465 403 314 445
5 62 1 2 30 69 3
514 483 518 520 298 524 525 403 503 314 476 522
8 23 4 5 91 5 2 65 9 16 11 6
483 585 298 524 589 596 598 600 601 314 602
44 61 72 200 19 11 6 3 21 30 2
609 483 614 641 650 647 524 626 314 635 637
13 116 1 2 3 2 162 2 145 1 6
609 674 483 681 683 524 684 658 660 314 668
33 3 86 6 21 92 1 1 8 113 3
704 737 738 483 524 658 725 726 729 314 730 735
9 4 3 60 8 27 9 23 7 345 6 4
770 483 740 658 759 760 772 314 763 764
3 36 58 17 1 5 1 486 17 3
800 483 740 782 658 787 792 804 314
5 166 105 26 166 46 6 2 534
866 483 740 858 782 658 819 787 314 828 861 862
1 186 110 5 68 186 61 95 598 6 2 6
483 740 901 902 904 658 787 314 892
295 122 4 3 2 295 178 243 19
928 961 483 740 901 940 912 658 915 949 314 955 957 959
19 1 755 148 100 19 100 755 27 11 83 15 5 3
1008 483 740 901 1001 1007 912 1009 658 915 1013 1015 1017 314 979
2 1080 40 45 18 4 45 5 1080 75 4 1 1 76 13
483 1060 901 1062 1001 912 658 915 314 1061 1055
1115 2 22 1 32 22 1115 23 23 4 8
483 1060 1096 1001 1099 1100 658 915 314 1082
829 36 5 28 1 2 829 20 20 52
1120 483 1001 1133 1134 1103 658 1135
24 644 19 6 5 96 644 2
483 1158 1164 1165 1166 1167 658 1145 1148
534 8 4 2 1 1 534 29 10
483 1158 1222 1199 1232 1233 658 1203 1236 1240 1145 1242 1243 1244 1245
254 19 58 59 1 3 254 25 2 1 130 5 4 2 2
1312 1314 483 1316 1253 1222 1199 658 1300 1301 1302 1304 1145 1310
4 1 89 1 79 61 15 89 8 4 2 8 131 14
483 1316 1322 658 1334 1335 1336 1145 1338 1339 1340
50 31 48 50 30 3 1 107 2 3 1
1378 1380 1398 1353 1322 1387 1357 1392 1395 1396 1397 1334 1145 1370 1374
7 32 1 6 149 5 45 6 1 2 2 14 19 42 32
1380 1413 1322 1452 1357 1454 1425 1459 1460 1462 1401 1464 1145 1374
133 10 258 10 198 15 41 3 2 1 9 1 61 26
1380 1481 1322 1357 1492 1145 1497 1467 1374
266 14 198 374 8 4 19 38 169
1380 1510 1512 1322 1515 1516 1357 1518 1517 1374
38 9 16 263 4 2 136 10 23 235
1542 1543 1512 1322 1357 1523 1528 1529 1374
11 2 30 411 16 17 4 3 399
1600 1604 1608 1609 1322 1579 1581 1553 1587 1589 1374 1599
10 4 1 1 506 8 20 74 7 3 206 14
1633 1602 1635 1638 1609 1322 1634 1553 1374
3 156 2 5 64 448 9 16 276
1602 1638 1671 1609 1322 1677 1661 1374
75 41 9 173 494 1 9 147
1602 1731 1735 1736 1609 1322 1713 1714 1715 1737 1738 1374
15 6 2 1 127 626 7 66 1 4 1 329
1761 1602 1764 1322 1714 1374
10 16 6 650 122 94
1797 1322 1803 1777 1714 1788 1802
9 979 1 9 219 8 2
1829 1832 1833 1322 1838 1839 1841 1714 1843 1812 1813 1846 1845
11 2 7 992 1 1 2 260 1 25 5 2 1
1856 1857 1863 1833 1322 1867 1868 1872 1714 1843 1853 1854
26 8 15 25 1146 3 1 1 515 9 17 5
1833 1322 1837 1840 1714 1844 1845 1846
125 1345 1 7 891 1 3 2
1894 1833 1322 1899 1906 1714 1907 1908 1910 1897 1912 1884
5 74 1378 2 32 1145 10 1 2 1 2 45
1953 1925 1833 1322 1901 1714 1943 1944 1884 1930 1938
1 4 50 1597 86 1539 27 1 71 11 25
1952 1957 1960 1833 1322 1964 1901 1966 1965 1961 1714 1943 1884
17 4 10 104 1766 8 137 1 3 10 1662 39 38
1952 1991 1993 1322 1901 1714 1974 1884 1981
12 6 1 1798 568 1798 3 3 18
1952 2023 1322 2028 1901 1714 2037 2042 2014 2015
112 5 1658 1 525 1658 17 4 34 45
1952 1322 1901 2094 1714 2099 2037 2105 2111 2108 2090 2110 2015
304 1746 392 11 1746 2 4 2 2 2 10 1 134
1952 2114 2130 2121 1322 1901 2127 2128 2098 1714 2108 2122 2110 2015
441 4 3 1 1609 120 1 6 142 1609 9 6 10 60
1952 2148 1322 2156 1714 1901 2098
595 40 1783 22 1783 49 310
1952 2177 2182 1322 2156 1714 2098 2197 2194 2205 2206 2175
548 33 55 1932 14 1932 305 22 12 1 3 46
1952 2177 2182 2248 1322 2219 2252 1714 2254 2253 2098 2231
240 67 64 36 1816 43 4 1816 1 5 182 25
1952 2177 2285 2283 2273 2248 1322 2219 1714 2287 2288 2289 2098 2259 2260 2264
227 63 1 14 21 119 1518 24 1518 4 2 2 203 30 63 6
1952 2273 2353 2177 2248 1322 2219 1714 2351 2312 2098 2340 2354
111 58 10 44 81 1715 49 1715 2 53 62 4 2
1952 2177 2402 2373 2375 2312 1322 2219 2098 2248 1714 2356 2273 2395
28 131 2 13 171 188 1947 22 6 270 1947 7 20 5
1952 2177 2375 2248 1322 2219 2312 1714 2419 2423
28 353 208 278 2000 28 440 2000 2 2
1952 2177 2375 2312 1322 2219 2447 2448 2449 1714 2452 2454 2455 2457 2248 2429
76 595 234 728 2000 76 26 7 22 2000 1 1 2 1 32 51
1952 2177 2504 2502 2375 2312 2505 1322 2219 2479 2449 2248 1714 2485 2457 2492 2429
82 539 1 6 153 546 1 2000 82 4 58 22 2000 6 64 2 157
1952 2177 2507 2536 2375 2312 1322 2219 2449 1714 2517 2521 2457 2248 2429
42 544 20 3 242 659 2000 42 113 2000 1 7 42 1 70
2579 2177 2562 2375 2312 1322 2574 2576 2577 1714 2449 2548 2582 2585 2586 2587 2570 2559
4 391 17 10 802 2000 6 3 8 2000 7 10 2 1 1 4 10 23
2177 2597 2312 2601 1322 2606 1714 2613 2614 2615 2617 2570 2559
490 29 648 13 2000 14 2000 1 11 3 1 61 166
2624 2177 2659 2312 1322 2606 1714 2655 2570 2559
33 732 16 396 2000 77 2000 2 7 344
2177 2692 2693 2312 2665 1322 1714 2686 2559
1049 8 2 247 29 2000 2000 2 362
2177 2693 2726 2721 2312 1322 2735 2736 1714 2716 2559
641 87 4 4 255 2000 1 2 2000 12 423
2177 2693 2753 2312 1322 2770 2766 2767 2768 2737 1714 2771 2769 2749 2559
397 260 36 192 2000 1 18 5 4 36 2000 1 1 6 340
2816 2177 2693 2790 2753 2312 1322 2817 1714 2803 2812 2559
4 223 199 31 55 237 2000 1 2000 4 1 223
2848 2177 2852 2693 2823 2312 1322 2860 2864 2865 1714 2870 2869 2838 2871 2873 2753 2875 2559
11 105 18 198 5 663 2000 6 19 21 2000 1 3 2 1 2 25 2 105
2880 2177 2852 2693 2312 1322 2898 1714 2899 2870 2905 2907 2559
41 42 87 225 507 2000 25 2000 18 42 10 1 42
2880 2945 2946 2947 2948 2693 2950 2312 1322 2930 1714 2899 2949
49 14 5 3 9 244 1 626 2000 32 2000 32 1
2880 2693 2312 1322 2952 1714 2899 2964 2966
36 389 841 2000 48 2000 126 7 9
2880 2977 2693 2312 1322 3031 3022 3024 2952 1714 2899 2964 3030 2999 3033 2996
23 31 438 858 2000 2 7 11 110 2000 111 94 2 4 4 4
3074 3076 2693 3078 3079 2312 1322 2952 1714 2899 2964
23 10 364 8 3 1016 2000 6 2000 6 33
3137 3139 3076 2693 2312 3081 1322 2952 1714 2899 2964 3131 3132 3109
9 11 4 348 1184 9 2000 22 2000 22 51 7 10 62
3169 2693 2312 3196 1322 3183 3185 1714 2964 3189 3190 3193 3199 3132 3197 3198 3109
11 567 1024 3 2000 15 11 2000 55 9 2 12 1 104 2 1 51
3236 2693 3239 2312 1322 3243 3240 1714 2964 3223 3132 3242
12 509 7 1170 2000 2 6 2000 166 9 152 2
3264 3265 2693 2312 1322 3249 1714 2964 3256 3257 3259 3132 3262 3263
1 4 511 764 2000 12 2000 479 73 5 12 37 3 3
2693 2312 1322 3314 1714 3315 2964 3317 3256 3316 3132 3301
370 1079 2000 11 2000 4 352 1 156 5 61 5
3361 3330 2693 3366 3367 2312 1322 3314 1714 2964 3256 3321 3132
30 19 167 2 1 1462 2000 28 2000 339 350 51 82
3424 3330 3396 2693 3366 2312 3433 1322 3435 3436 3437 3438 3428 1714 2964 3256 3321 3132 3421
1 129 18 206 129 1525 7 2000 1 1 3 2 27 2000 269 465 88 10 21
3330 3491 3428 2693 3366 2312 1322 3478 1714 2964 3446 3256 3321 3132
434 3 26 344 434 1374 2000 6 2000 282 35 233 43 33
3330 2693 3366 2312 1322 3540 3537 1714 2964 3510 3543 3256 3321 3446 3517 3551
631 87 631 1881 2000 10 4 2000 32 14 2 136 370 5 34 4
3330 2693 3366 2312 1322 3540 3570 3566 3568 1714 2964 3256 3321 3517
655 269 655 1445 2000 25 2 4 7 2000 286 11 167 68
3617 3330 3626 2693 3366 2312 3625 1322 3627 3629 3594 3613 1714 3540 3630 3321 2964 3611 3517
30 436 1 458 436 1410 5 2000 9 2 19 6 2000 51 2 215 132 6 34
3660 3617 3330 3658 2693 3366 2312 3625 1322 3540 1714 2964 3321 3517
3 5 649 3 294 649 1624 7 2000 38 2000 82 207 108
3680 3330 2964 2693 3366 2312 1322 1714 3540 3701 3702 3705 3704 3321 3674 3706 3708 3517 3679
11 754 3 179 754 1818 2000 2000 41 1 3 1 1 261 39 3 2 322 2
3330 3755 2693 3366 3754 2312 1322 3751 3757 3725 1714 3540 3762 3321 3517
720 2 189 720 20 1811 2000 15 7 9 2000 67 1 380 627
3330 3789 2693 3366 3754 2312 1322 3757 3790 3791 3792 1714 3768 3321 3517
813 1 72 813 12 1928 2000 27 9 2 1 2000 12 427 668
3826 3330 2693 3366 2312 1322 3757 3825 1714 3798 3321 3804 3517
7 712 121 712 1879 2000 101 21 2000 63 295 13 517
3330 2693 3366 3879 2312 1322 3882 3884 3757 3880 1714 3859 3798 3832 3321 3842 3857 3517 3877
752 80 752 3 1920 2000 5 3 89 3 2000 8 144 10 407 41 1 485 4
3330 3940 2693 3366 2312 3945 1322 3946 3944 1714 3859 3893 3798 3929 3321 3517
741 38 4 741 1996 1 2000 5 2 2000 2 34 41 9 515 378
3330 3940 3366 2312 1322 3980 3949 3982 3983 1714 3893 3798 3321 3981 3517 3966
842 208 842 2000 2000 14 25 6 2 2000 13 18 556 2 210 1
4032 3330 4035 3940 3366 2312 1322 4034 3949 1714 3988 3321 4027 4028 3517 4018
21 786 4 168 786 2000 2000 3 2 2000 7 317 20 2 291 56
4032 3330 4067 3940 4038 3366 2312 1322 4075 4077 4078 4081 1714 3321 4027 3517 4018
22 616 3 94 18 616 2000 2000 10 18 3 2 2000 258 15 190 52
3940 3330 4100 3366 2312 1322 4119 4112 1714 4116 4117 4121 3321 4122 3517
98 388 40 388 2000 2000 2 43 2000 4 4 4 270 1 29
4128 4160 3330 3940 3366 2312 1322 4112 1714 4147 3321 4158
20 1 837 172 837 2000 2000 97 2000 3 356 11
3330 3940 3366 2312 1322 4203 4112 4200 1714 3321 4187
1089 122 1089 2000 2000 3 105 11 2000 170 13
4225 3330 3940 3366 2312 1322 4237 4228 4112 1714 3321 4221
28 1008 17 1008 2000 2000 2 9 57 2000 268 22
4225 3330 4299 4228 3366 4295 2312 4297 1322 4290 4242 4112 1714 4277 4279 3321 4284 4298
2 1009 1 86 1009 4 2000 1 2000 1 86 210 2000 14 10 247 5 6
3330 4228 4325 3366 2312 1322 4242 4335 4112 1714 4340 4277 4310 4345 3321 4346 4347
783 239 91 783 2000 2000 239 1 303 2000 13 170 6 2 183 3 1
4352 3330 4228 4325 3366 2312 1322 4242 4112 1714 4277 3321 4346 4348 4349 4351
1 654 76 107 654 2000 2000 76 399 2000 279 394 8 12 2 1
