1 2
1 1
36 37
1 1
4
1
0
1
8 9
3 1
11
1
0 5
2 4
10 12
1 1
1
3
0
2
8 7
1 1
7
1
8 4
1 2
1 3
2 1
3
1
2 7
1 2
2 3
1 1
1
1
2
1
0
2
2 3
4 1
4 6
1 1
6 7
1 2
0 1
1 1
8 10
3 1
3
2
8 6
2 1
2 3
4 1
1
3
4 5
2 1
3
2
8 9 10 11
1 1 1 1
0
1
2 5
4 1
0 2
1 1
10 11 12 13
1 1 1 1
17 9
2 1
0
2
8 9 6 7
1 2 2 1
16
1
0
1
9 10 13
2 2 1
1
1
0
1
3
2
12 13 14 15
4 1 1 1
8 10 11 6
2 1 1 1
12
2
1
3
2 4
1 2
1 4
1 1
2
2
0 1
2 1
2 5 6
2 1 2
0
1
1
1
0 1
2 1
8
1
2
1
2
2
2 3
1 1
1
2
1 4
3 1
0
1
8
1
2 3 6
1 2 3
3
2
0
2
6
1
10 11
3 3
