9 14 19 22 28 30
93 19 15 10 3 4
64 66 70 72 9 41 54 73 56
7 2 10 2 87 10 2 2 7
131 9 138 140 141 142 80 137 123 125 126
3 70 4 5 2 3 16 9 8 5 20
163 196 169 172 147 184 123 126
5 1 28 9 14 25 7 61
169 203 205 184 218 220 126
32 6 12 3 12 6 60
258 263 264 234 246 218 253 126
3 5 2 38 5 41 4 41
320 323 293 284 234 333 335 307 318 218 316 317 126
8 2 43 57 29 6 1 6 2 100 2 39 100
354 356 293 358 359 234 349 337 218 284 317 126
1 4 55 3 1 6 1 25 12 70 100 12
384 293 284 317 383
2 18 122 217 5
418 419 420 422 391 395 405 411 284 317
2 16 3 1 5 83 7 4 45 283
450 451 452 453 395 317 445 447
3 1 2 1 59 227 2 7
452 487 489 490 491 462 476 317 447
24 16 8 1 3 41 2 190 14
544 539 548 554 556 557 558 559 531 462 504 507 317 543
21 3 16 5 2 4 2 1 9 58 91 44 134 4
578 582 583 559 563 570 507 317
1 2 2 6 25 16 108 294
627 616 585 588 590 623 624 563 628 617 507 317
1 5 38 14 6 17 13 49 1 1 17 180
588 621 590 624 563 627 631 634 635 636
31 8 58 2 283 15 1 3 2 1
627 649 563 590 633
111 2 271 27 3
677 681 682 590 656 690 563 691
32 18 20 27 35 3 179 2
739 740 709 681 682 715 590 722 563 730 734 735
1 1 54 103 89 7 32 5 85 14 1 5
681 780 782 786 789 777 793 794 590 797
56 18 5 7 2 6 2 1 37 1
800 802 835 837 844 681 823 780 782 849 852 853 854 841 856 777
5 12 24 10 17 123 19 37 13 14 1 2 2 12 12 5
800 864 837 871 841 777 681 847 869 782 823 863
56 1 114 1 56 56 81 10 5 37 62 4
837 934 681 936 841 782 823 921 925
135 7 12 1 203 32 117 19 91
963 837 934 967 841 970 971 681 925 823 956 938
6 66 14 28 191 15 8 257 23 21 3 19
1024 993 837 999 841 938 967 1004 973 925 1011 681 1019 970 1022 1023
7 2 6 45 445 88 28 15 54 18 6 420 2 53 1 1
1075 1069 1062 1064 841 970 1004 973 938 1072 1073 1011 1076 681 1071 925 1053
1 13 4 10 510 10 31 36 95 1 6 84 2 338 5 29 12
1091 1092 1094 841 938 1004 1102 1106 1011 1108 681 1083
12 25 16 582 46 20 14 13 114 2 481 77
1143 841 938 1131 1132 1102 1011 1150 681 1145 1146 1083 1148 1149 1118
1 778 83 33 9 58 135 1 322 10 7 48 5 1 8
841 1131 1203 681 1208 1209 1210 1083 1011
870 11 7 257 7 2 4 201 38
1250 681 1259 1260 1235 1228 841 1242 1083 1011
20 202 1 3 38 7 1067 44 109 13
1250 841 1228 681 1242 1083 1309
42 996 112 244 42 79 5
1250 1371 841 1228 1365 681 1242 1083 1373
278 4 1296 68 3 334 278 25 7
1250 681 1228 1373 841 1242 1371 1402
338 473 215 3 1202 338 27 11
1250 1443 1412 1446 681 1420 1437 1427 1228 841 1444 1242 1402 1439
398 3 73 2 508 103 1 98 73 1201 6 398 7 2
1482 1250 1412 1447 1480 681 1450 1228 1496 1490 1427 841 1464 1420 1242 1502 1503
33 224 155 48 45 439 20 128 28 12 74 1223 33 30 224 5 2
1537 1250 1412 1509 681 1482 1559 1228 1538 1545 1560 1427 1558 1420 1526 841 1464 1561 1242 1563 1546
1 65 271 53 463 275 2 350 7 9 2 65 6 27 93 845 275 1 65 1 19
1603 1412 1509 681 1482 1228 1592 1594 841 1464 1420 1595 1596 1562
5 428 22 404 354 472 16 3 696 354 4 5 9 50
1649 1635 1412 1639 841 1482 1228 1645 1648 1592 1650 1651 1653 681 1464 1625
1 50 762 12 333 479 309 11 1 11 1 1 2 596 479 4
1709 1635 1412 681 1482 1707 1228 1645 1677 1683 841 1464 1691 1692 1705
2 209 673 323 166 3 674 25 56 38 330 166 18 23 2
1728 1729 1731 1412 681 1482 1228 1705 1724 1683 841 1464 1691 1692 1725 1726
2 1 3 694 88 31 863 33 2 19 355 31 3 104 20 19
1792 1795 1412 1797 681 1482 1771 1228 1777 1780 841 1464 1752
1 1 343 8 244 209 11 1236 20 9 177 209 44
1412 1830 1800 681 1482 1228 841 1464 1849 1851 1854
39 19 130 236 236 1542 183 236 14 9 2
1890 1412 1862 1800 681 1482 1228 1903 1872 841 1464 1900
3 17 11 37 346 346 1623 6 77 14 346 1
1412 1927 681 1482 1932 1934 1872 1938 1939 1228 1941 1942 1464
209 4 221 221 13 32 108 4 2 1570 1 5 221
1984 1412 1990 681 1482 1228 1965 1872 1941 1464 1994
19 20 2 158 158 1822 33 174 13 158 1
2019 1412 2023 681 1482 1228 2028 2030 2031 1872 2033 2025 1464 1996
16 1 25 83 83 1916 3 8 1 69 2 3 83 1
2023 2071 1228 2062 1872 2070 2039 2040 2073
25 2 2000 43 25 8 27 9 1
1228 2123 2092 2127 1872 2132 2039 2102 2121 2136 2135 2106
2000 2 90 5 6 1 4 37 9 3 3 4
2144 2145 2092 1228 2102 2137 2142
3 2 31 2000 2 31 5
2178 2183 1228 2218 2219 2092 2221 2190 2167 2217
20 55 2000 5 1 35 1 32 68 6
2178 2247 2183 1228 2262 2167 2264 2265 2266 2267 2268 2263
72 14 225 2000 5 224 3 1 2 2 1 4
2178 2247 2282 2183 1228 2289 2167 2298 2301
52 22 28 454 2000 10 102 8 8
2178 2347 2340 2247 2345 2183 1228 2349 2350 2348 2167 2308 2335
12 4 13 67 2 370 2000 4 2 1 405 9 16
2375 2379 2183 2376 2380 2247 1228 2381 2351 2167 2367
3 2 96 2 2 257 2000 2 43 746 13
2183 2409 2247 1228 2351 2420 2422 2167
181 22 119 2000 5 7 7 937
2473 2468 2469 2183 2440 2409 2474 2247 1228 2167 2471
1 5 16 111 2 282 1 207 2000 962 5
2469 2183 2409 2247 1228 2167
23 85 190 36 2000 1106
2247 2409 2444 2446 1228 2167
72 249 2 1 2000 887
2247 2409 2474 2476 2477 2478 2481 1228 2167 2488
251 279 50 45 24 1 14 2000 462 1
2532 2502 2247 2536 2409 2538 1228 2481 2485 2167
22 8 125 3 475 1 2000 149 38 620
2594 2247 2409 2583 1228 2481 2485 2582 2167 2590 2591 2572 2559
2 147 670 3 2000 155 82 14 912 8 3 54 2
2626 2628 2247 2409 2631 1228 2605 2638 2607 2481 2610 2637 2485 2167 2572 2618 2639 2590 2623
12 15 99 697 6 2000 17 11 30 53 10 7 123 840 73 13 2 23 1
2626 2691 2409 1228 2701 2702 2607 2481 2610 2707 2686 2485 2678 2167 2638 2706 2572
74 11 442 2000 2 15 117 29 29 1 3 27 3 629 79 1 135
2626 2691 2725 2726 2728 2409 2743 1228 2638 2607 2748 2167 2715 2716 2717 2750 2751
34 4 13 17 1 237 7 2000 73 32 1 600 34 217 79 1 3
2725 2790 2792 2409 2795 1228 2638 2167 2716 2717
19 57 1 222 1 2000 70 471 161 45
2817 2725 2790 2792 2409 2795 1228 2638 2832 2839 2167 2840 2841 2716 2717
33 57 132 14 456 51 2000 166 15 6 480 2 1 21 108
2817 2795 2853 2790 2876 2792 2409 2859 1228 2638 2870 2167 2872 2716 2717 2878 2879
35 70 101 118 10 32 528 16 2000 371 12 555 10 27 39 4 1
2946 2853 2790 2951 2792 2409 2795 1228 2638 2953 2952 2930 2950 2167 2872 2716 2717
17 33 45 2 51 434 9 2000 269 2 1 21 5 514 6 80 120
3011 2853 2790 2409 2956 1228 2989 2638 2930 2966 2167 2968 3003 2716 2717 3013
3 5 195 830 114 2000 6 625 5 28 863 87 1 33 10 6
3049 3045 2790 2409 3050 1228 2638 3055 3054 3027 3029 2966 2167 2968 2716
7 32 57 775 6 2000 718 1 2 6 9 86 866 32 91
3099 3045 2790 2409 3063 1228 2638 3116 3049 3124 3129 2167 3128 3097 3119 3125
10 209 26 702 34 2000 676 17 29 1 1 702 2 19 5 2
3104 3045 2409 2167 1228 2638 3063 3097 3098 3099 3101 3102 3103
3 46 912 912 2000 912 175 208 9 1 2 4 3
3104 3168 3115 3045 2409 3178 3063 1228 2638 3121 3186 3179 3188 3182 2167 3097 3173 3189
32 4 22 121 1156 40 25 2000 1156 4 6 1 1 16 1156 152 1 8
3203 3045 2409 3178 3115 1228 3213 2638 3216 3218 3220 3063 2167 3209 3097
111 250 1134 62 56 2000 13 1134 5 2 3 44 1134 5 4
3265 3203 3045 2409 3178 3115 1228 2638 3267 3221 2167 3261
4 6 463 946 70 21 2000 946 1 28 946 2
3233 3266 3236 3045 3265 2409 3269 1228 2638 3221 2167 3268 3225 3260 3261 3231
7 2 7 523 12 1043 2 2000 1043 9 1043 3 1 3 4 50
3236 3045 2409 3255 1228 2638 3249 3250 3251 3252 3253 3254 2167 3231
1 280 1400 2 2000 1400 8 6 5 4 4 1 1400 172
3045 2409 3274 1228 2638 3249 3283 3284 3285 2167 3231
298 1433 12 2000 1433 64 11 2 1 1433 375
3045 2409 1228 2638 3311 3249 3283 2167 3320 3321 3324 3231
332 1593 2000 1593 50 12 29 1593 7 10 2 573
3330 3045 3334 3249 2409 1228 2638 3352 3283 3349 3350 2167 3320 3353 3354 3355 3356 3231
42 525 123 20 1425 2000 1425 7 73 16 1 1425 31 2 6 1 1 767
3330 3395 3045 3334 2409 3371 1228 2638 3375 3283 3374 3382 2167 3384 3397 3401 3231
96 8 618 186 1382 51 2000 1382 8 26 21 19 1382 4 13 2 960
3425 3397 3371 3429 3045 3334 3431 2409 3435 1228 2638 3374 2167 3416 3436 3423 3420 3231
9 22 5 6 461 296 5 1539 5 2000 1539 58 1539 9 2 45 44 1139
3465 3045 3334 3464 2409 3466 3371 1228 2638 3439 3475 3374 2167 3480 3481 3423 3231
35 263 488 9 1737 5 16 2000 1737 18 7 38 1737 4 1 23 1338
3529 3045 3334 2409 1228 3503 2638 3439 3374 3534 3535 2167 3533 3515 3231
14 183 442 1817 2000 26 1817 27 3 5 1 1817 13 21 1168
3045 3334 2409 3557 1228 2638 3439 3537 3374 3542 2167 3546 3547 3548 3550 3231
361 768 1639 1 2000 1639 281 72 25 9 1639 1 11 4 15 1294
3579 3045 3334 2409 1228 2638 3439 3537 3374 2167 3547 3583 3550 3231
10 506 556 1494 2000 1494 356 23 160 1494 2 19 23 1094
3618 3045 3334 3592 2409 3622 1228 3621 2638 3439 3537 3374 2167 3547 3625 3550 3231
7 601 644 82 1399 20 2000 3 1399 180 31 116 1399 106 1 31 830
3660 3045 3334 3592 2409 3659 1228 2638 3439 3374 3662 2167 3663 3547 3231
5 729 728 1 1271 3 2000 1271 233 20 15 1271 3 182 826
3692 3045 3334 3687 2409 1228 2638 3439 3374 3702 2167 3547 3662 3694 3231
45 922 574 2 1078 2000 1078 191 71 5 1078 304 58 4 657
3692 3715 3045 3334 3719 2409 3718 1228 2638 3439 3662 3698 3707 3700 3374 2167 3547 3708 3231
13 8 612 705 1 1388 3 2000 1388 49 13 9 7 4 188 1388 425 31 937
3334 3731 3743 3752 3753 3374 3761 3763 3231 3773 3775 3776 3777 1228 2638 3662 3547 3045 2409 3692 3439 2167
818 136 12 15 31 350 2 8 1474 6 4 2 1 2000 1795 15 659 205 1795 15 118 1795
3788 3045 3334 2409 3799 1228 3789 3374 3439 3731 2638 2167 3801 3802 3547 3773 3231
29 322 500 1678 6 2000 15 663 227 102 1678 1678 1 1 372 29 1345
3852 3045 3334 3848 2409 1228 3853 2638 3439 3731 3845 3374 3830 2167 3547 3231
3 434 491 1 1566 2000 2 1566 253 110 16 337 33 1566 330 1283
3904 3905 3906 3875 3045 3334 3884 2409 1228 2638 3439 3830 3731 3374 3894 2167 3547 3231
2 6 3 15 292 482 20 1708 2000 1708 195 10 345 559 9 1708 450 1320
3951 3045 3334 3944 2409 1228 3949 2638 3439 3731 3374 3926 2167 3547 3950 3231
2 258 645 2 1742 2000 7 1742 93 203 229 7 1742 645 2 1267
4001 3045 3334 4008 2409 4010 1228 2638 3439 4009 3731 3374 2167 4005 3547 3231
4 132 386 14 1868 6 2000 1868 24 4 346 387 1868 8 386 1116
4063 3045 3334 4039 2409 4055 1228 4066 3374 3731 2638 2167 4005 4053 3547 3231
3 159 365 39 1841 5 2000 4 290 290 1841 1841 45 4 365 1117
4097 4107 3045 3334 4039 4104 2409 4110 4075 1228 4109 2638 3731 3374 2167 4005 3547 3231
30 1 136 430 26 3 1864 1 68 2000 2 1864 273 273 1864 56 430 1072
4185 4129 4155 4005 3334 4097 4165 2409 4075 1228 4173 2638 3731 3374 4039 2167 4121 4154 3547 4181 3231
5 69 11 223 285 64 20 2000 58 2000 6 2000 279 279 40 2000 53 10 285 17 986
