34 38 40 42 46 48 50 19 52 53 55 27
31 7 4 38 2 6 7 12 1 17 7 44
34 99 38 75 110 82 19 60 94
29 16 70 16 8 28 33 17 14
99 38 136 124 115 126 137 60 94
141 21 5 21 1 2 1 83 21
194 99 196 38 168 201 202 203 200 124 146 60 157 94
6 249 5 10 24 5 1 2 1 10 55 79 60 10
258 99 38 262 263 168 124 209 146 227 244 264 201 60 94 223
8 518 15 14 1 36 15 29 88 126 8 2 3 124 15 26
288 320 322 99 262 227 168 307 270 305 146 275 302 310 281 60 318 319
19 4 1 328 15 54 81 8 65 8 314 76 13 23 23 395 4 1
288 99 327 168 362 359 364 370 270 369 368 360 146 275 60
206 311 48 164 6 1 9 2 25 1 3 6 294 89 458
288 448 99 420 327 168 444 449 434 430 432 146 275 437 442 443 60 446 447
103 2 129 11 26 62 1 1 2 6 5 305 19 6 8 4 367 4 4
288 480 99 481 327 168 457 466 496 146 275 437 505 474 60
161 27 218 4 57 61 48 45 7 429 35 14 10 60 490
288 480 327 99 516 519 168 457 523 536 146 531 532 437 534 540 538 474 60 541 542
315 73 16 331 19 18 11 147 20 3 406 4 11 146 5 3 4 12 417 2 3
288 480 99 612 614 582 519 584 457 146 532 437 617 602 60 605 606
371 15 371 2 2 35 96 8 110 228 40 393 3 2 228 6 8
288 99 519 584 457 663 658 654 657 146 532 437 662 649 60 605 606 629
504 504 14 32 207 2 13 2 7 57 37 187 3 20 57 32 143 14
288 673 99 708 709 710 584 457 146 707 629 649 60 605 606 437
650 9 650 20 2 1 38 303 122 6 57 77 122 38 135 54
288 99 742 744 457 747 721 146 629 60 606 437
354 354 2 4 372 5 3 205 33 205 80 115
288 801 99 807 776 457 782 803 437 606
314 11 314 6 41 72 2 2 395 32
288 99 836 838 776 809 812 437 823 828 606
216 216 67 6 40 71 19 469 44 2 32
288 99 894 871 873 812 877 879 883 437 823 857 891 892 893 606
54 54 1 43 17 60 37 2 8 576 95 45 3 2 1 6
288 99 902 871 919 877 912 921 437 823 920 857 922 923
42 42 10 159 5 8 5 1 779 71 6 19 1 1
960 961 871 437 823 953 955 958
1 1 113 892 37 22 9 3
996 967 1001 1002 871 1004 1005 1007 1008 1009 1010 437
7 134 22 7 428 7 8 1 1 3 1 652
1014 1063 1066 871 1068 1006 967 437 1046 1051
79 5 1 420 4 30 21 598 31 12
1090 871 1006 437 1014 1111 1114 1115 1116 1117
53 632 171 260 64 6 3 1 1 1
1090 1014 1126 871 1129 1132 1006 437 1142 1143 1146 1147 1114
83 104 21 792 5 2 114 111 39 37 4 2 7
1185 1186 1014 871 1193 1194 1196 1006 1198 437 1142 1114 1181 1174
11 22 285 1029 9 3 5 67 1 57 119 50 34 35
1218 1014 871 1226 1198 1232 1230 437 1142 1241 1209 1114 1181
7 361 1233 5 50 3 11 113 103 3 42 28 20
1014 871 1291 1292 1294 1295 437 1142 1209 1181 1279
709 1226 6 5 1 2 199 79 251 23 17
1142 871 1325 1328 437 1014 1303 1336 1209 1338 1339 1340 1341 1343
187 1622 2 23 63 734 108 12 369 2 2 1 1 1
1410 1347 871 1384 1385 1418 1415 1388 1416 1363 437 1014 1303 1336 1209
2 54 1379 3 82 1 12 2 1 38 4 1078 40 44 517
1347 1446 871 1448 1385 1424 1363 1014 1336 1209 1436
30 3 1402 1 95 22 26 1033 44 320 31
1504 1507 871 1512 1385 1514 1452 1424 1464 1014 1465 1336 1209 1436 1470
5 21 1308 5 15 3 96 38 66 1175 15 42 390 36 82
1504 1537 1465 871 1452 1551 1524 1557 1014 1559 1464 1209 1566 1563 1564 1561 1470 1567
55 13 1 1211 124 11 12 15 1211 2 67 226 1 1 1 1 191 1
1537 1603 1604 871 1575 1452 1588 1551 1601 1586 1524 1014 1591 1464 1209 1597 1470
56 2 1 1532 20 50 79 123 22 48 64 1532 54 48 133 13 261
1537 1669 871 1641 1452 1551 1620 1586 1524 1653 1014 1591 1464 1209 1470
151 4 1619 31 66 134 66 193 208 15 1619 18 193 229 315
1696 1537 1699 1670 871 1672 1703 1704 1586 1524 1653 1014 1591 1464 1209 1690 1691 1470
11 150 2 53 1833 78 4 3 192 579 60 1833 30 192 219 2 23 167
1537 1730 1750 871 1672 1746 1712 1752 1586 1524 1014 1751 1464 1209 1691 1724 1470
342 16 11 1658 171 21 21 2 254 405 1658 1 254 254 8 57 342
1537 1782 871 1672 1793 1712 1586 1524 1790 1014 1464 1209 1724 1789 1470
244 20 1756 227 1 46 423 237 2 1756 423 423 17 8 244
1537 871 1672 1712 1841 1586 1524 1845 1014 1808 1464 1209 1470
322 1678 322 169 6 411 267 2 1678 8 411 411 322
1537 1904 871 1672 1900 1808 1586 1907 1524 1014 1464 1209 1712 1470
152 2 1848 152 16 56 478 5 257 1848 478 478 72 152
1937 1537 1936 1923 871 1672 1929 1938 1935 1712 1928 1586 1939 1524 1941 1014 1464 1209 1940 1470
2 195 1 5 1805 195 8 4 2 70 7 561 2 343 1 1805 561 561 1 195
1537 1979 871 1672 1961 1966 1712 1976 1586 1971 1524 1014 1975 1464 1209 1978 1947 1470
145 1 1855 145 2 43 66 4 894 6 154 1855 13 894 894 1 48 145
2016 1537 871 1672 2028 2023 1996 1966 1712 1586 1014 1464 1209 2010 1470
30 48 1952 48 4 1 116 42 201 970 1952 970 970 2 48
2080 1537 2082 2083 2049 871 1672 1996 2066 1966 1712 1586 2067 2078 1014 1464 1209 2074 2077 1470 2069
3 31 1 1 47 1969 31 74 4 19 262 1009 23 4 1969 1009 1009 4 6 31 2
2049 1537 1672 2066 2067 2077 2082 2085 1712 1586 1464 1209 1470 2111 2115 2123 1996 2127 2129 2130 871 2110 1014
124 62 62 83 27 2 57 3 130 898 898 898 62 15 11 8 49 1 2 4 1938 49 1938
2049 2182 1537 1672 2187 2188 2066 2067 2082 1712 1586 1464 1209 2110 1996 2144 2149 871 2159 2160 2162 1470 1014 2168 2174
111 13 61 61 4 2 115 4 36 37 1066 1066 1066 64 64 11 21 1939 35 1 16 61 1939 24 6
2049 2182 1537 1672 2193 2066 2208 2209 2210 2226 1712 1586 2227 2228 2231 1464 1209 2234 1470 1996 2232 2144 2149 871 2159 2162 2110 1014
61 19 19 19 48 196 22 9 11 7 13 1099 1 2 2 1099 1099 1 19 40 5 2 154 1981 13 114 40 1981
2049 2066 2210 1586 1464 1209 2236 2238 2240 1996 2253 2264 2277 2272 2275 2276 2149 871 2159 2162 2110 1014
13 30 241 1208 1208 1208 18 30 188 74 5 1 2 1 9 1 233 2000 36 53 74 2000
2049 2210 2275 2337 2149 871 2066 1996 2338 2287 1586 2317 2238 1014 1464 1209 2331 2334 2110 2335
21 642 39 3 204 2000 35 138 1 46 1539 24 48 2000 1539 1539 4 2 138 1
2317 2210 1586 2359 1464 1209 2364 2238 2367 2371 2372 2376 1996 2378 2379 2380 2275 2149 871 2287 2110 1014
81 468 1328 9 1328 1328 50 124 19 6 1 2 48 1 2 1 96 79 2000 218 48 2000
2432 2464 2210 2275 2469 2470 871 2442 2455 2317 2466 2287 1586 2435 1014 2423 1464 1209 2364 2238 2367
14 2 583 103 3 2 2000 4 8 379 1 365 1246 6 2000 17 1246 1246 20 95 168
2210 2275 871 2474 2507 2527 2317 2287 2512 2481 1586 1014 2423 1464 1209 2522 2511 2492 2525 2238 2367
413 13 2000 21 17 1 303 438 37 30 1087 2000 17 1087 1087 1 16 16 1 229 162
2560 2561 2562 2564 2565 2317 2210 1586 1464 1209 2238 2367 2507 2512 2526 871 2538 2287 2544 2546 1014 2557
11 3 6 2 3 343 460 942 942 942 270 153 192 145 36 2000 4 199 3 29 2000 8
2210 2603 2596 2565 2598 871 2600 2582 2507 2317 2287 2512 2546 1586 2594 1014 1464 1209 2570 2238 2367
362 3 2 102 18 2000 7 65 149 362 294 119 4 954 4 2000 954 954 4 229 298
2210 2565 2598 871 2632 2507 2317 2287 2512 1586 2622 1014 1464 1209 2238 2367
397 80 147 2000 8 134 397 117 37 800 32 2000 800 800 240 450
2688 2692 2565 2700 2317 2703 2706 2707 2708 2710 2712 2210 2598 1586 1464 1209 2238 2367 2507 871 2287 1014
3 5 52 9 500 13 1 3 4 1 3 500 46 651 651 651 227 417 53 2000 52 2000
2752 2733 2210 2565 2598 871 2754 2716 2317 2287 1586 1014 1464 1209 2753 2703 2748 2367
3 33 650 63 59 2000 1 8 650 63 772 2000 772 772 2 20 27 195
2733 2210 2755 2565 871 2793 2795 2796 2317 2287 1586 1014 2775 1464 1209 2367
11 881 64 72 2000 9 5 1 881 72 953 2000 37 953 953 8
2565 2822 2317 2838 2844 2210 2855 2856 2857 2860 2733 2863 2865 1586 2867 2868 2870 2871 2872 1209 1464 871 2287 1014
47 63 1083 8 12 1083 7 3 3 2 176 8 5 1130 2 2 2 2 3 1130 1130 2000 47 2000
2912 2733 2210 2822 871 2876 2890 2893 2317 2863 2904 1586 1014 1464 1209 2906 2844 2910 2911
1 32 1168 52 2000 32 19 10 1168 19 37 1168 2000 1168 1168 4 117 6 7
2210 871 2844 2317 2733 2928 2904 1586 1014 2946 1464 1209 2876 2936
1327 2000 40 1327 99 2 140 1327 2000 2 1327 1327 99 10
2733 2210 2950 871 2984 2977 2987 2988 2317 2991 2989 1464 1586 2964 1014 2904 1209 2876 2994
16 995 87 2000 12 7 4 3 995 1 6 995 995 84 2000 210 995 16 1
2950 2317 2904 2964 2977 2210 2984 2989 1586 1464 1209 3002 3021 3032 871 3049 3050 3054 3055 3057 3058 3059 1014
4 744 367 500 8 744 36 151 744 744 744 33 30 55 2000 63 20 3 7 8 1 3 2000
3105 2210 3107 3109 871 3049 2317 3021 2989 2904 1586 2964 3093 1014 1464 1209 3100
1 972 1 2 2000 59 972 160 100 106 972 722 13 2000 972 972 1
2210 3138 3141 3142 871 3049 3021 3143 2989 2317 2904 1586 2964 1014 3128 1464 1209 3130
976 33 1 3 2000 30 2 13 164 976 85 976 771 2000 14 976 976 92
2210 3171 3138 871 3176 3145 3178 3180 2317 2989 3184 3185 1586 2964 1014 1464 1209 3130 3183
1101 8 131 2000 20 91 13 2 1101 311 2 2 1101 588 2000 1101 1101 22 3
2210 3235 3138 871 3145 3178 3223 3212 2317 2989 3213 3185 1586 2964 3234 1014 3225 1464 1209 3183 3231
1227 1 116 2000 99 15 30 15 1227 237 26 23 1227 536 2 2000 10 1227 1227 24 15
3212 2317 2964 3223 3225 2210 3236 3243 2989 1586 3273 1464 1209 3258 3263 3264 3269 3270 3272 3145 3213 871 3178 3185 1014
52 1464 363 9 18 1464 73 18 173 1464 5 1464 1464 11 21 7 7 1 1 55 97 2000 87 4 2000
3328 3329 2210 871 3145 3305 3178 3330 2317 3213 2989 1586 2964 1014 3223 1464 1209 3291
4 1 1519 2000 5 28 32 1 1519 126 57 1519 424 2000 13 1519 1519 130
2210 3380 3350 3334 871 3305 3178 2317 3374 3213 2989 3377 1586 2964 3373 1014 1464 1209 3291
1514 1 48 36 2000 43 88 1514 8 118 38 1 1514 448 17 2000 1514 1514 175
2210 3334 871 2989 3178 3404 2317 3374 3213 1586 2964 3373 1014 1464 1209 3291 3390
1560 8 2000 30 6 2 1560 14 46 1560 410 32 2000 1560 1560 121 91
2210 3414 871 3412 3373 2317 3406 3405 3213 3416 1586 2964 3413 1014 1464 1209 3418 3291 3390
1448 2 2000 3 2 1448 2 24 2 6 1448 552 10 2000 1448 1448 2 241 47
2210 871 3464 3487 2317 3470 3473 1586 2964 1014 1464 1209 3482 3291 3484 3390 3455
1710 2000 39 2 1710 33 12 1710 290 2000 1710 1710 16 175 1 28 40
3553 2210 3558 871 3562 3519 3564 2317 3470 3535 3504 1586 2964 3534 1014 3513 1464 1209 3291 3551
7 1788 10 2000 1 3 1 1788 66 32 20 1788 212 11 2000 15 1788 1788 138 7
2210 871 3625 3626 3623 3628 2317 3470 3632 1586 2964 1014 3607 1464 1209 3291 3583
1627 2000 4 1 16 2 1627 23 2 1627 373 2000 21 1627 1627 420 2
2210 3670 871 3623 2317 3631 3672 1586 3667 2964 1014 3673 1464 1209 3663 3291
1715 1 2000 110 1715 18 1 1715 12 285 2000 1 1715 1715 4 116
2210 3691 3684 3623 871 2317 3726 3727 3736 1586 3731 2964 1014 1464 1209 3291
1656 34 45 314 2000 1656 1 2 5 1656 22 344 2000 1656 1656 77
2317 3731 2964 3737 2210 3623 1586 3758 3762 3764 3765 3767 3768 1209 3772 3774 3775 1464 3291 3684 871 1014
1532 147 468 1 1532 310 1532 21 2 25 21 1 6 1532 3 1 4 1532 7 49 2000 2000
3809 2210 3811 3684 3814 871 3816 3623 2317 1586 2964 1014 1464 1209
1 1684 5 152 10 2000 1 239 1684 1684 316 2000 1684 1684
2210 3684 3878 871 3623 3884 2317 3886 3885 3888 3864 1586 2964 1014 1464 1209 3842 3869
1561 195 22 2000 302 6 1561 4 21 2 2 1561 439 2000 1561 1561 53 28
2210 3684 3909 3910 871 3623 2317 3885 3921 1586 2964 1014 1464 1209 3842 3899 3924 3933
1750 179 5 69 2000 363 1750 12 21 1750 250 2000 1750 1750 154 143 17 3
3940 2210 3995 3684 3958 3910 871 3944 3623 2317 3950 3921 1586 2964 3989 1014 1464 1209 3842 3899 3996
80 1617 7 149 5 124 2000 119 316 1617 18 2 1617 383 5 2000 1617 1617 122 137 2
3842 2317 2964 3996 2210 3623 4017 1586 1464 1209 3899 4029 4031 4033 3958 3910 4042 4043 4046 4047 4051 4052 3684 3940 871 3944 3950 1014
167 1686 314 52 1686 354 75 1686 1686 1686 102 40 22 6 2 69 17 2 4 1 2 8 167 83 2000 114 8 2000
4098 4100 2317 2964 3996 2210 3623 4017 1586 1464 1209 3842 4029 4031 3910 3684 4059 4066 3940 871 3944 1014 4094 4095
6 2 1622 378 18 1622 342 28 1622 1622 1622 50 38 92 26 50 26 5 68 2000 57 2000 20 9
4148 2210 4150 3623 3944 871 4098 2317 4141 1586 2964 4149 1014 1464 1209 4029 4094 4031
2 1640 1 724 149 2000 94 1640 2 1640 360 11 2000 1640 1640 86 9 5
2210 4226 4229 4166 871 3944 3623 2317 4207 4208 1586 4195 2964 1014 1464 1209 4223 4221 4031
1856 6 1 50 2000 168 1360 1856 51 3 1856 4 144 2000 1856 1856 5 6 66
4257 2210 4195 4260 4261 4242 871 4258 4251 3623 2317 3944 1586 2964 1014 1464 1209 4264 4263 4031
14 1482 17 20 4 27 2000 35 1 1001 1482 271 1482 518 2000 1482 1482 4 1 50
2317 2964 2210 3623 4265 4272 1586 1464 1209 4284 4285 4292 4293 4258 4303 4312 4316 4317 4195 871 3944 1014
1577 423 1577 1308 30 3 1577 1577 1577 18 30 23 41 157 6 22 4 1 35 2000 216 2000
4356 4359 4360 4361 4363 2317 2964 2210 3623 1586 1464 1209 4285 4292 4293 4258 4303 4319 871 3944 4327 4339 1014 4346
18 3 1 1 1 1792 208 1792 1459 1792 1792 1792 19 76 70 60 267 50 2000 330 60 12 2000 16
2317 2964 2210 4388 3623 4392 1586 4403 4405 4407 4408 1209 4411 4413 4414 4415 4292 4293 4258 4303 1464 4319 871 4327 1014 4346
1883 117 1883 18 1883 5 1883 6 3 1 21 1883 13 1 1 2 32 9 85 432 1883 5 2000 85 2000 41
2210 4466 3623 4457 871 2317 4303 1586 4467 1014 4461 1464 1209 4346 4463 4445 4441
2000 1 2000 7 2000 2000 296 2000 3 2000 3 2000 2000 10 6 8 29
2210 4503 3623 871 4499 2317 4303 4496 1586 4445 4501 1014 4505 1464 1209 4463 4509 4510
2000 1 2000 2000 4 2000 232 1 2000 28 8 2000 4 2000 2000 27 1 1
2210 3623 871 2317 4303 4529 1586 4532 1014 1464 1209
2000 2000 2000 2000 538 39 2000 2 2000 2000 2000
4537 2210 3623 871 2317 4303 1586 4531 1014 4535 1464 1209 4539 4540 4542 4543
7 2000 2000 2000 2000 242 2000 16 2000 40 2000 2000 9 2 25 26
2210 4566 3623 4584 4598 4586 871 2317 4303 4592 4594 1586 4597 1014 4535 1464 1209 4543
2000 28 2000 22 2 12 2000 2000 184 9 17 2000 4 2000 13 2000 2000 48
4641 2210 4566 3623 4616 4648 4618 871 2317 4303 4594 1586 4586 1014 1464 1209 4655 4650 4584 4607
37 2000 41 2000 58 3 7 2000 2000 278 38 2000 1 2000 2000 2000 5 2 22 43
4704 4705 2210 4707 4694 3623 4712 871 2317 4303 4594 1586 4693 1014 1464 1209 4699 4711 4669 4709
3 2 2000 8 44 2000 1 2000 2000 347 11 2000 7 2000 2000 2000 14 5 151 2
4736 4743 4745 4747 2317 4752 4755 4756 4757 4758 2210 3623 1586 1464 1209 4669 4303 871 4716 1014 4730 4734
17 10 8 4 2000 1 6 3 4 2 2000 2000 2000 2000 2000 146 300 2000 15 2000 43 4
4801 2210 3623 4793 4745 871 2317 4303 1586 1014 4791 1464 1209 4802 4669 4799
1 2000 2000 2 37 2000 2000 205 2000 2000 7 2000 2000 3 57 4
2210 4845 3623 4745 871 4844 2317 4303 4848 1586 4851 4852 1014 4823 1464 1209 4847 4829 4850
2000 1 2000 1 2000 3 2000 264 2 2000 2 3 2000 10 2000 2000 3 16 11
2210 3623 871 2317 4303 1586 4883 1014 4887 1464 1209 4890 4898 4892 4829
2000 2000 2000 2000 110 2000 6 2000 17 2000 2000 4 1 15 24
