35 38 44 47 51 26
68 28 21 27 18 39
97 98 35 38 77 51 88 89 26 95 93 63
2 2 128 37 2 21 4 3 110 2 3 23
35 38 137 140 141 142 143 115 113 131 88 26
413 41 1 2 3 2 1 8 56 19 20 120
162 35 38 176 113 178 131 181 88 185 26 184
12 527 36 8 6 2 8 5 29 6 238 2
226 35 38 231 232 208 26
1 803 10 2 3 13 74
256 289 290 35 292 288 240 282 291 249 26 283 285 286
8 3 1 870 1 1 100 5 2 12 45 8 4 2
321 290 35 325 334 335 240 338 340 341 313 317
18 51 791 2 7 4 150 10 2 1 80 34
321 290 35 388 391 396 397 398 240 346 380 381
35 4 733 7 7 6 1 2 78 15 2 11
240 450 35 438 321 400 406 443 447
56 1 521 1 112 97 14 10 2
321 35 520 492 400 502 504 447
51 426 7 23 10 8 19 44
576 321 578 35 545 528 529 547 577 567 573 447
1 4 1 567 21 92 36 1 1 5 1 131
609 35 583 619 529 628 625 447
30 797 59 8 8 2 1 193
640 609 35 644 583 648 649 650 652 653 628 637 447
12 12 761 10 76 18 3 2 2 1 21 9 518
609 35 708 677 710 583 713 711 717 687 721 722 723 628 694 660 709 447
115 616 18 34 21 32 12 7 2 12 1 4 1 191 105 7 5 355
609 35 677 713 780 782 687 784 758 628 694 760 783 447
108 629 15 8 1 2 108 1 4 296 133 14 3 356
609 35 687 628 694 760 761 447
363 769 363 186 180 44 1 171
609 35 805 808 779 687 817 628 694 791 826 828 447
313 521 36 8 33 313 11 141 229 61 6 1 198
609 35 805 840 843 845 687 628 853 694 856 826 447
336 487 101 17 3 10 336 24 10 266 3 3 341
609 35 805 865 872 908 845 687 914 694 889 911 447
337 470 302 70 15 12 108 337 2 43 8 17 469
609 955 35 805 865 845 687 946 949 954 911 956 925 447
314 1 619 170 104 133 314 8 8 9 43 2 71 535
609 35 805 1001 970 845 687 1011 1012 981 954 925 447
308 552 123 31 17 214 308 9 2 40 117 167 638
609 35 1029 1067 845 687 1078 1079 1080 954 1052 925 447
208 462 21 3 207 208 2 1 2 84 14 208 814
1029 925 1055 35 1061 1062 687 1074 1077 1079 954 1083 447 1088 1089 1091 1092 1095 1097 1098 1099 845 1059 609
432 357 21 384 37 9 225 11 7 1 28 12 1027 2 2 2 5 5 1 1 3 227 9 225
1120 609 1122 35 1029 1062 1132 845 1117 687 1137 1123 1135 925 447
10 247 3 516 113 98 8 609 3 247 1 18 1 360 569
1153 1157 1174 925 1029 35 1062 1191 1198 687 1201 1204 1205 1206 1207 1208 1209 447 845 609 1140 1142
17 54 26 452 8 641 71 5 4 160 11 6 2 1 1 4 2 471 644 160 23 35
609 35 1062 1191 1255 845 687 1268 1269 1142 925 447
33 323 22 34 34 550 33 18 1 146 1027 1027
609 35 1062 1191 1288 1290 1291 845 925 1295 1269 1142 687 1277 447
58 520 225 218 45 14 12 651 829 4 64 87 58 218 829
1312 1313 1314 35 1318 1062 1191 1288 1321 1319 845 925 1309 1142 1303 1308 1277 447
19 2 11 637 2 129 572 35 1 2 804 559 16 35 6 12 572 559
35 1191 1288 1354 1367 1362 845 925 1360 1330 1332 1142 1303 1364 1338 1308 1277 447
462 447 73 21 2 23 963 575 1 31 28 73 4 5 80 31 447 575
35 1412 1191 1288 1417 845 1390 925 1330 1142 1338 1407 1308 1277 447
511 4 511 53 1 994 78 495 63 53 8 8 63 511 495
1442 35 1445 1191 1288 1451 845 1390 1277 1457 1142 1463 1469 1453 1467 1468 925 447
35 875 11 875 26 3 625 93 875 11 26 10 1 20 1 1 500 500
1538 35 1508 1509 1542 1191 1442 1516 845 1486 1277 1539 1463 1540 1533 925 447
14 1193 18 20 2 1193 3 29 392 214 1193 10 8 2 19 415 415
1600 1601 1538 35 1604 1191 1591 845 1486 1277 1603 1581 1602 1582 1593 1561 1595 1599 925 1598 447
4 2 7 1089 1 1089 14 371 233 1089 1 69 1 40 10 70 9 1 540 4 540
35 1191 1642 845 1486 1277 1617 1581 1582 1655 1561 1599 925 447
999 999 9 136 79 999 56 79 8 2 6 23 865 865
1581 1709 1698 35 1191 1708 845 1486 1277 1712 1617 1682 1667 1710 1713 1711 925 447
51 1 4 1192 1192 2 74 39 1192 5 39 18 50 2 3 4 734 734
35 1191 1486 1277 1617 1746 1667 1748 1751 1753 1755 925 447
1008 1008 69 1008 69 16 11 16 2 1 1 992 992
35 1191 1799 1751 925 1808 1815 1811 1813 1814 1783 1277 447
787 787 2 69 1213 4 1 3 3 1 33 787 1213
1824 35 1860 1829 1191 1864 1866 1751 925 1811 1867 1783 1277 447
109 793 4 32 793 5 6 5 1207 1 1 1 793 1207
1824 1922 35 1869 1191 1933 1900 1901 1902 1277 1936 1896 925 447
65 3 1105 34 1105 8 6 71 26 1105 2 14 895 895
35 1191 1901 1966 925 1968 1937 1955 1972 1902 1975 1976 1977 1277 447
1331 1331 105 57 669 9 5 33 5 32 12 2 2 1331 669
2050 2051 2052 2054 925 35 1191 1966 447 1994 1997 2017 2021 2026 1901 2034 2036 2037 2038 2044 1277 2047
1 1 2 1 868 1132 1132 20 868 18 40 7 15 15 365 9 17 16 6 3 1132 2
2080 35 1191 2026 2077 1901 925 2036 2071 2072 1277 447
6 1063 1063 48 44 402 937 91 7 13 1063 937
2144 2145 2146 35 2116 1191 2090 2077 1901 2141 925 2036 2093 2072 2143 1277 447
1 1 1 882 82 882 56 24 749 4 1118 81 3 55 2 882 1118
2208 2209 2178 35 2116 2213 1191 2153 1901 925 2212 2211 2036 2197 2179 2072 2169 1277 447
20 1 34 1016 160 1 1016 4 744 984 2 4 68 3 3 206 9 1016 984
2240 2272 35 2116 1191 2219 1901 1277 2221 2269 2227 2036 2261 2072 2244 2266 2264 925 2247 447
13 1 1029 82 1029 45 541 1029 63 5 80 113 2 317 15 3 2 971 20 971
2305 2306 2310 2313 2314 2072 2244 925 35 1191 2221 2227 2036 447 2116 2247 2282 1901 2289 2292 1277 2302
6 2 4 1 2 653 13 728 1272 1272 71 19 18 728 46 19 18 559 12 9 1272 18
2337 2338 35 2116 1191 2344 2347 2316 1901 2350 1277 2352 2221 2317 2349 2072 2036 2351 925 447
31 31 991 167 991 3 3 22 767 2 991 3 150 13 1 640 79 3 1009 1009
2316 2072 2372 925 35 1191 2221 2352 2358 2364 2366 447 2370 2371 2116 2376 2379 2383 2386 2387 2388 2392 2393 2395 2396 2397 1901 2036 1277
43 495 21 1296 704 704 272 13 22 43 43 1296 35 29 326 7 19 3 18 3 18 4 1 2 1 1 933 75 704
2370 35 2116 2438 1191 2376 2439 1901 2434 925 2352 2221 2036 2423 2072 2440 2428 1277 447
33 558 441 1 558 33 2 1240 6 1442 66 147 120 7 364 1 52 558 1442
2376 2496 2370 35 2116 2502 1191 925 2503 2221 1901 2456 2036 2486 2072 2428 1277 447
16 4 28 91 653 1 91 1909 3 53 1598 72 88 5 69 50 91 1909
2496 1277 2370 2531 2116 1191 2536 2537 2539 2540 1901 2221 2072 35 2036 2456 2532 2428 925 447
11 94 85 6 1182 94 8 4 1 4 1744 94 94 94 25 181 27 116 1906 1906
2565 2572 2574 2577 2579 2072 2583 2584 925 2456 35 1191 2221 447 2370 2116 2582 1901 2036 2549 2428 1277
14 5 11 3 2 20 2 2 1980 94 20 20 20 1980 20 1686 4 1917 63 20 69 20
2116 2565 2630 2428 1901 2621 2456 2605 2597 2615 2616 2618 2622 2588 925 2590 447
1824 51 2 3 2000 15 23 2 4 4 47 17 3 38 2000 52 2000
2116 2632 1901 2638 2643 2644 2645 2616 2618 2619 925 447
1776 5 2000 2 3 4 3 7 121 1 2000 2000
2658 2659 2116 2661 2665 1901 925 2621 2647 2650 2618 447
7 23 1967 1 1 2000 2000 23 10 45 140 2000
2659 2116 2668 1901 925 2672 2675 2650 2680 2681 2618 2671 2621 447
64 2000 11 2000 2000 9 7 53 4 1 174 2 23 2000
2116 2725 2726 2695 2728 2729 2730 1901 925 2708 2713 2618 2683 2621 447
2000 26 4 33 2 1 1 2000 2000 106 19 91 102 38 2000
2116 2725 2695 2728 2730 2727 1901 925 2708 2618 2715 2716 2621 447
2000 7 72 2 2 7 2000 2000 68 285 1 9 66 2000
2753 2754 2755 2116 2695 2760 2759 1901 925 2708 2618 2621 447
3 6 8 2000 6 1 1 2000 2000 12 2 78 2000
2816 2817 2116 2789 1901 925 2802 2810 2815 2780 2621 2782 447
1 1 2000 2 2000 2000 4 8 1 6 113 87 2000
2116 2860 1901 2830 925 2867 2868 2831 2621 2782 447
2000 11 2000 21 2000 3 2 27 510 26 2000
2116 2854 1901 2830 925 2867 2869 2874 2875 2876 2621 447
2000 56 2000 8 2000 7 3 7 1 1 401 2000
2945 2946 2116 2854 1901 2621 2937 2874 2943 925 447
8 2 2000 33 2000 479 3 191 1 2000 2000
2945 2978 2979 2116 2981 1901 925 2980 2874 2975 2621 447
100 7 2 2000 3 2000 2000 2 173 19 434 2000
2945 2116 3014 3021 3020 1901 925 2874 2621 447
27 2000 4 1 1 2000 2000 199 352 2000
3023 3075 2116 3014 3071 3053 1901 2621 3024 3059 3063 2874 3067 3068 925 447
97 3 2000 28 6 25 2000 288 11 3 11 125 16 3 2000 2000
2116 3053 3084 1901 3023 2621 3093 3095 3097 2874 925 447
2000 20 1 2000 187 108 18 1 1 114 2000 2000
2116 3141 3142 925 3147 1901 3149 3023 3123 3093 3127 3151 2621 447
2000 3 3 2000 1 2000 1 61 41 14 21 3 97 2000
2116 3023 1901 925 3123 3167 2621 447
2000 28 2000 2000 97 14 167 2000
2116 1901 3182 925 3189 3190 3193 2621 447
2000 2000 8 2000 7 10 6 489 2000
3232 3233 3235 2116 1901 925 3189 3193 2621 3230 447
5 4 4 2000 2000 2000 26 19 441 6 2000
3232 3253 2116 3272 1901 925 3280 3189 3286 3287 3288 3279 2621 447
13 13 2000 5 2000 2000 9 61 3 6 1 1 521 2000
3360 3297 3362 2116 3339 3309 1901 3315 2621 3323 925 447
4 163 1 2000 6 189 2000 11 501 14 2000 2000
3297 3323 2116 3419 3401 3402 1901 3406 3309 2621 3385 3421 3383 3396 3417 3370 3420 925 3390 447
119 3 2000 1 3 30 2000 30 364 531 8 1 23 38 6 6 2 2000 17 2000
3297 3419 2116 3461 3463 925 3467 3475 1901 3470 3309 3473 3474 3455 3323 3406 3383 3471 2621 3422 447
172 6 2000 60 6 2000 4 1 2000 5 329 1 1 6 6 2 23 7 667 27 2000
3297 2116 3525 3526 3496 3309 1901 2621 3510 3492 925 3422 447
171 2000 2 1 61 442 2000 590 1 12 2000 83 2000
3297 2116 3557 3590 3585 3496 3561 3589 1901 2621 3309 3573 3583 3551 925 447
192 2000 6 1 1 42 27 1 2000 649 475 2 11 28 2000 2000
3648 3297 2116 3617 925 3593 1901 3630 3309 3645 3638 3640 3631 3551 3644 2621 3646 447
1 61 2000 19 2000 63 2000 9 607 2 9 9 65 128 2 821 1 2000
3715 2116 3685 3719 925 3691 3309 3726 1901 3729 3730 3551 3727 2621 447
11 2000 33 9 2000 13 455 4 2000 2 1 51 9 550 2000
3745 3778 2116 3685 3782 925 3785 1901 3309 3775 3551 3767 3768 3748 3770 3739 2621 3774 447
33 2 2000 7 1 2000 2 2000 410 13 56 25 3 18 5 160 448 1 2000
3739 2116 3781 925 3780 3309 1901 3828 3812 3830 3748 3551 3804 2621 447
169 2000 9 2000 1 130 2000 4 1 6 9 170 37 264 2000
3842 2116 3884 1901 3309 3856 2621 3861 3551 3739 925 447
22 2000 1 2000 191 5 192 50 58 496 2000 2000
3919 2116 3901 925 3900 3309 1901 3920 3921 3922 3891 3912 3861 3551 3864 3739 3906 2621 447
9 2000 13 2000 47 142 2000 3 2 1 26 4 11 7 21 198 9 142 2000
3937 2116 3956 3946 1901 3950 3309 3952 3925 2621 3861 3958 3957 3928 3940 3739 925 447
32 2000 2 2 2000 6 345 6 1 345 148 4 3 18 13 276 2000 2000
3937 4023 3995 2116 925 3979 1901 3309 4016 3985 4003 3991 3861 3959 4004 4021 3739 2621 447
26 2 22 2000 2000 67 2000 590 25 26 5 23 125 34 10 12 128 590 2000
3937 4072 2116 4069 4077 925 4073 3979 1901 4078 3309 3985 3861 4023 3959 4057 3739 2621 447
118 6 2000 17 1 2000 3 112 2000 3 698 118 115 47 153 7 115 698 2000
3937 2116 4102 4103 3861 4106 3979 4109 3309 4110 1901 3985 4095 2621 4023 3959 4120 4116 3739 925 447
181 2000 8 31 9 37 263 14 698 3 2000 181 1 698 36 142 2 1 9 2000 2000
3937 4139 2116 4166 925 4172 4106 3979 4109 1901 4174 3309 3985 3959 4148 4137 4023 4173 2621 447
78 8 2000 17 2000 19 56 130 29 2000 3 960 78 56 10 6 34 2 960 2000
3937 4211 2116 4195 1901 4137 4106 3979 4109 3309 2621 3985 4210 4179 4180 3959 4191 4188 925 447
21 5 2000 2 2000 13 145 88 37 909 909 21 24 43 63 236 40 8 2000 2000
4256 4195 2116 4271 925 4106 3979 3309 4238 1901 4244 4270 3959 4191 4247 2621 447
31 45 2000 1 2000 177 54 1264 154 2000 89 7 499 73 10 1264 2000
4256 4288 3979 2116 4320 1901 4106 4299 3309 4238 2621 4310 3959 4191 925 4318 447
38 41 9 2000 5 2000 162 4 453 392 453 7 198 6 2000 9 2000
2116 4358 4365 4106 4363 3309 4238 1901 4349 2621 4366 4310 3959 925 447
2000 14 5 262 11 466 239 2000 18 466 2 41 390 2000 2000
4385 2116 4390 1901 4393 4106 4363 4396 3309 4238 2621 4371 4365 4398 4310 3959 4388 4399 925 447
3 2000 5 2000 9 155 80 6 456 107 456 14 74 10 1 399 19 3 2000 2000
2116 4435 4404 4106 4363 1901 4238 4365 3309 2621 3959 4440 4441 4442 925 447
2000 6 6 53 86 2000 74 231 728 728 728 18 18 5 2000 2000
4448 2116 1901 4106 4474 3309 4238 4365 4466 4463 2621 4470 3959 4472 4404 4442 4475 925 4441 447
37 2000 2000 213 3 767 63 352 15 21 767 34 767 5 24 22 2 2000 14 2000
4106 4365 4238 3309 4500 4503 925 4514 4516 4518 4519 4520 4521 4404 2621 447 2116 4493 1901 4463 4470 3959 4472
204 444 336 551 26 2 2000 10 12 8 2 1 1 68 551 2000 2000 18 2000 79 80 551 8
4106 4493 4238 3309 925 2621 4542 447 2116 4365 4565 4566 4567 4569 4570 4571 4573 4574 1901 4463 4470 3959
144 115 268 665 2000 665 18 2000 2000 397 3 4 8 6 4 5 7 3 2000 106 89 665
4603 2116 4630 1901 4106 4619 4629 3309 4628 4365 4463 2621 4238 4470 3959 4493 4601 4607 925 447
3 2000 2 2000 103 43 2 755 15 250 277 755 55 103 755 9 75 26 2000 2000
4106 4619 4365 3309 4633 925 4639 4641 4644 4659 4661 4667 2621 4670 447 4673 2116 4683 4684 4686 4688 4689 4690 1901 4463 4470 3959 4601 4607
73 26 455 964 46 2000 37 46 29 11 7 25 964 2 2000 13 2000 6 1 3 3 1 1 2000 238 73 964 18 73
