34 3 36 37 19 21 31
4 30 9 6 2 16 16
64 70 78 21 87 85 31
10 12 1 8 2 2 115
64 105 78 111 113 31
6 5 112 1 4 15
160 161 162 163 164 78 143 146 156
2 2 1 2 1 50 28 8 6
218 78 143
3 79 107
162 78 175 176 177 179 174 143
53 6 4 3 1 1 4 75
234 204 206 143 244 78 247 239 221 245
9 25 23 35 6 72 2 4 21 1
288 257 204 206 274 270 280 250 283
1 49 114 58 22 13 4 118 4
204 206 305 274 270 312 313 250 314
163 83 71 52 85 33 2 89 1
356 360 363 365 206 367 305 274 366 250
1 14 7 7 290 9 1 290 3 33
385 423 360 206 367 432 433 274 376 250 412
42 6 63 235 27 3 5 235 31 62 11
448 449 385 360 455 434 206 367 464 466 274 467 376
155 8 131 16 1 20 178 38 7 1 178 1 71
448 385 487 492 504 434 501 503 376 505 506 478 479
63 334 5 16 1 2 22 1 59 1 3 12 28
448 544 385 552 551 492 561 564 501 566 568 569 570 572 574 479
25 14 70 8 4 46 18 2 37 4 4 1 3 1 1 5
448 385 612 582 615 616 586 492 589 552 606 607
52 218 3 3 3 2 27 82 5 33 10 32
448 385 676 682 552 618 637 659 668 669 670
4 221 1 5 253 48 6 8 8 3 6
385 705 552 713 618 715 716 719 720 712 722 723 727 728
81 3 368 1 129 4 13 8 4 11 5 9 4 1
799 385 772 552 618 781 719 784 791 793 762 731 796 735
1 95 17 301 101 3 48 6 28 3 53 80 12 17
385 866 867 772 869 865 552 618 871 719 821 791 731 796
200 12 9 110 7 4 367 40 1 8 3 57 57 14
385 867 918 552 618 919 719 914 886 791 731
63 63 3 505 39 1 127 23 67 13 13
960 385 867 964 966 961 552 939 719 968 914 886 791 920 731
7 177 177 5 1 11 244 55 28 1 28 24 100 5 100
1024 385 867 552 1004 1009 1013 1014 791 731 1020 1021 1023
1 380 380 247 5 11 10 1 139 139 21 4 1
1088 385 867 1093 1094 1089 552 1095 1004 1038 1091 791 731 1087
11 336 336 1 1 4 561 3 28 17 2 42 42 5
385 867 1061 1063 552 1066 1038 1051 1064 791 731
66 66 9 2 621 1 200 16 1 47 47
1057 867 1060 385 552 1067 1068 1038 1071 1059 1070 791 731
6 71 4 71 621 4 6 220 2 7 1 10 10
385 867 1057 552 1038 1110 1111 1113 1114 1115
69 69 115 704 89 13 3 2 4 3
1152 385 1154 867 1142 1057 552 1132 1038 1155 1118 1110 1116 1149 1150
6 76 1 76 15 62 563 3 3 2 8 69 3 10 7
385 867 1157 1201 552 1200 1196 1197 1198 1199 1168 1192 1202 1203 1110 1179
129 129 20 3 375 2 2 11 1 1 1 5 1 2 70 20
1248 1217 1250 1220 552 1228 1201 1110 1239 1179 1246
8 19 7 88 395 5 84 144 2 26 2
1220 1286 552 1290 1292 1201 1110 1274 1179
58 12 266 2 1 58 23 23 21
1315 1220 1317 1350 552 1357 1358 1201 1331 1335 1305 1274 1179 1340 1341 1343
20 92 177 12 215 1 1 29 28 3 49 177 154 1 31 8
1384 1378 1220 1317 1381 552 1385 1388 1389 1390 1201 1305 1274 1179 1343
13 37 141 197 21 442 4 1 6 2 81 215 197 120 33
1440 1409 1435 1220 1317 552 1424 1201 1430 1432 1305 1274 1179 1402 1439
2 4 4 140 66 518 9 390 6 4 135 66 51 8 1
1220 552 1449 1485 1201 1492 1461 1305 1179 1493
170 756 78 6 270 5 28 40 4 3
1537 1539 1220 1543 552 1514 1550 1551 1201 1554 1461 1529 1305
9 7 45 7 750 37 1 9 352 1 48 6 29
1570 1574 552 1514 1581 1582 1551 1584 1201 1586 1588 1461 1590 1592 1562 1589
108 162 1266 18 4 1 38 10 258 2 1 16 3 3 16 2
1616 1570 1603 1604 1574 552 1611 1614 1551 1584 1201 1619 1622 1623 1624 1625 1626 1615
4 31 63 27 367 1378 25 3 61 48 119 4 3 3 4 4 2 2
1584 1574 1649 552 1640 1611 1551 1648 1201 1647
10 292 3 1017 8 90 187 6 187 7
1574 1639 552 1641 1642 1611 1551 1584 1201
337 3 1267 8 2 86 11 67 11
1584 1667 1574 1201 552 1611 1551 1680 1688 1683 1685 1687 1656 1689
12 9 647 8 1542 204 8 4 2 5 2 1 89 1
1731 1732 1574 1734 1735 552 1706 1611 1713 1656
5 2 527 2 2 1460 9 2 21 137
1764 1766 1574 1767 552 1769 1706 1771 1656 1747 1748 1751 1752 1758
1 3 530 2 1445 2 26 2 83 64 9 15 7 2
1803 1574 552 1706 1771 1804 1775 1808 1809 1811 1751 1656 1790 1791
2 614 1325 20 45 1 47 3 2 3 82 96 29 12
1899 1808 1813 1903 1574 552 1846 1854 1868 1871 1878 1883 1886 1887 1891 1897 1771 1900 1902 1775 1904 1832 1656 1790 1791
2 40 34 2 393 867 61 35 23 6 7 59 14 3 34 6 18 1 1 89 2 47 327 74 3
1808 1891 1956 1926 1574 552 1929 1958 1943 1775 1936 1854 1897 1656 1946 1883 1790 1957
15 111 2 105 265 971 36 5 4 176 18 39 15 455 3 124 71 5
1984 1986 1891 1988 1926 1574 552 1929 1775 1960 1970 1971 1790 1656 1883 1854
27 12 40 1 10 361 1108 108 51 26 1 18 45 585 42 76
2048 2050 2051 2052 2053 1574 552 1929 1775 2032 1960 1971 1854 2039 1656 2041 1883 1790 2037
5 3 1 1 2 261 1231 153 191 3 44 13 14 4 802 5 62 139 1
2115 1574 552 1929 2122 2121 1775 1960 1971 2110 2072 2039 1656 2075 2108 1790 2111
3 163 1055 96 2 1 109 127 37 18 9 57 538 1 4 139 9
2177 2179 1574 2151 552 1929 1775 1960 1971 1790 2167 1656 2137 2173 2110 2145
6 1 201 17 1237 86 30 26 30 201 3 635 11 24 182 9
2145 2195 2214 1574 552 1929 1775 2200 1971 1790 1656 2212 2216 2204 2110 1960
44 8 2 147 1371 125 26 18 26 147 648 1 2 1 179 23
2240 2145 1574 2247 552 1929 2250 2260 2110 2262 1656 1790 2261
62 262 129 35 1265 88 33 4 548 8 480 129 2
2240 2145 1574 2310 552 1929 2314 2315 2316 2290 2291 1790 2313 1656 2110 2303
15 271 5 4 1125 86 3 3 3 11 1 5 2 318 561 36
2336 2145 2343 552 1929 2350 2321 2356 1656 2362 2110 2303
12 374 11 1259 113 51 24 12 542 7 497 12
2400 2145 2336 2303 552 1929 2423 2413 2350 2383 2409 1656 2415 2110 2367
14 261 9 9 1466 60 3 9 60 43 22 630 8 388 136
2145 2465 552 1929 2442 2350 2463 2453 1656 2459 2460 2110 2367
101 3 1467 40 81 40 7 6 885 5 5 332 130
2497 2502 2145 552 2442 2488 2514 2515 2485 1656 2489 2459 2506 2110 2367
6 13 2 1305 173 9 3 1 59 768 49 3 5 411 61
2497 2564 2565 2566 552 2442 2536 2485 1656 2459 2110
39 37 7 5 1230 194 16 6 430 97 234
2594 2595 2565 2577 552 2442 2603 2605 2609 2610 1656 2459 2602 2110
23 3 51 28 1188 141 8 6 3 3 321 208 1 431
2594 552 2633 2442 2632 2642 2643 1656 2459 2110
48 1526 4 415 13 5 3 612 260 87
552 2665 2442 2668 2669 2680 2686 1656 2650 2459 2684 2110 2687
1557 41 203 10 20 5 2 1090 74 214 9 49 2
552 2697 2442 2668 2696 1656 2650 2459 2716 2714 2110
1341 29 170 11 13 766 248 405 1 8 55
552 2442 2760 2765 2767 2769 2772 2773 1656 2650 2459 2748 2110
1469 369 2 7 4 5 7 2 930 156 170 7 225
552 2442 2797 2799 2801 1656 2459 2780 2110
1104 403 38 27 6 681 20 38 200
2850 2851 2833 552 2442 2840 1656 2841 2110 2847
7 6 6 1095 422 20 673 26 273 11
2915 552 2442 2872 2833 2910 1656 2907 2909 2110
3 1237 579 95 25 15 658 5 11 302
2918 2950 2961 552 2442 2924 2926 2936 2952 2974 2967 1656 2110
10 8 10 1237 788 6 106 101 2 9 4 449 312
552 3017 2442 3019 2926 1656 3028 3029 2936 2110
1356 20 1121 32 72 235 6 3 40 186
3089 552 2442 3019 3084 2926 3087 3088 3080 3059 3029 1656 3079 3082 2110
1 1288 1099 30 2 40 4 2 29 79 34 189 1 1 358
3106 3107 3109 3111 552 2442 3059 3102 3094 1656 3099 3100 2110
7 6 1 3 1106 1090 48 7 3 16 1 83 183
3168 3139 3143 552 2442 3152 3156 3159 1656 3100 2110 3167
2 22 34 932 902 7 4 1 30 157 57 6
3200 3169 3206 3175 552 2442 3232 3201 3182 3215 1656 3223 3224 3100 3229 2110 3231
9 16 5 27 1083 987 1 9 6 8 96 3 3 273 13 146 4
3200 3264 3267 3236 552 3273 2442 3275 3277 3278 3282 3294 1656 3289 3100 3293 2110
197 12 14 48 1273 42 893 2 20 6 6 2 380 3 209 2 52
3200 3330 3339 552 3273 2442 3307 3340 3277 3342 3343 3344 3341 1656 3100
93 23 1 1431 65 1142 17 3 50 1 2 1 1 289 337
3200 552 3305 2442 3277 3312 1656 3100 3293 3295
193 1434 2 1153 175 5 281 297 15 38
3200 552 2442 3277 3317 3318 3319 1656 3100 3295
452 1212 869 163 9 2 2 343 165 32
3200 552 2442 1656 3390 3295
293 1320 593 727 4 41
3200 3393 3428 3397 3431 552 3433 2442 3407 3432 3411 1656 3417 3434 3295
547 11 5 17 2 1250 1 419 17 1 1 831 10 1 140
3200 3425 3393 552 2442 3470 3471 1656 3417 3295
523 2 5 1366 374 2 1 992 122 198
3200 3473 552 2442 1656 3475 3476 3448 3417 3295
856 2 1144 244 900 4 2 37 76 149
3200 3521 3495 552 2442 3500 3520 1656 3417 3519 3517 3295
670 1 4 1330 120 16 1 1210 6 1 3 35
3200 3559 552 2442 3563 3564 3571 3572 3573 3574 1656
780 1 1220 92 24 5 2 3 3 2 1128
3200 3585 3586 552 2442 3563 3592 1656 3583
893 21 66 1107 168 38 1 939 8
3200 3617 3586 3588 552 2442 3633 3635 3636 3639 1656 3612
1059 2 51 28 941 348 2 9 3 2 593 24
3200 3617 3586 3588 552 2442 3664 3665 3670 1656 3612
885 85 35 104 1115 723 9 8 1 392 8
3200 3617 3715 3588 3681 552 3721 2442 3723 3725 3726 3727 3664 1656 3706
1447 48 5 204 36 553 6 258 1 2 1 4 88 295 25
3200 3617 3683 3588 3685 3681 552 2442 3687 3664 3688 1656 3684
1564 105 4 380 8 105 436 264 3 44 1 172 8
3200 3617 3747 3588 3755 3681 552 3753 2442 3751 3757 3664 1656 3754
1433 46 2 424 1 46 567 1 181 15 1 15 386 3
3200 3588 3814 3825 552 3817 2442 3819 3816 3822 3824 3793 1656 3774
1734 607 1 1 266 4 100 2 33 4 2 11 166 16
3200 3824 3842 3588 552 2442 3856 3816 3858 3859 3860 1656 3774
1896 72 20 391 104 87 93 89 1 5 1 17 11
3200 3824 3588 552 2442 3856 3816 3891 3920 3927 3923 3774 3903
1973 153 444 27 27 199 33 11 1 1 4 24 10
3200 3824 3938 3588 3973 3974 3816 2442 3947 3856 552 3891 3957 3959 3960 3972 3774
1876 101 54 345 4 2 156 124 61 178 124 94 18 11 15 2 46
3200 3824 3938 4008 3588 4038 3979 4033 552 2442 3947 3980 3856 3816 4019 3891 3972 4027 4036 4010 4035
1949 96 40 50 390 1 16 18 51 51 26 37 244 294 16 95 37 2 2 5 1
3200 4096 3972 4101 4103 4106 4107 3980 3856 3588 4008 3891 4108 4046 4048 4056 4059 3938 3816 4074 3824 4091 4094
2000 9 206 14 14 4 3 5 4 386 89 261 2 8 21 37 103 50 354 40 32 2 3
3200 4096 4163 4091 3588 4166 4008 4172 3938 4059 3816 3891 4130 4118 4168 3972 4154 4123 4122 4094
2000 47 33 142 209 2 84 16 4 22 209 160 2 32 10 107 16 32 8 50
3200 4096 4163 3972 4197 4168 4201 4202 4172 4008 4187 4195 4190 3891 4154 4091 4094
2000 136 218 218 7 42 7 1 96 8 48 11 2 267 10 158 38
3200 4096 4226 4163 3972 4168 4203 4172 4242 4239 4232 4187 3891 4235 4214 4215 4091 4094 4223
2000 119 30 258 258 20 197 111 1 1 3 29 218 6 11 29 240 4 37
3200 4096 4163 3972 4288 4168 4235 4172 4272 4187 4203 4246 4215 3891 4282 4091 4285 4287
2000 104 349 349 3 44 121 108 28 30 287 2 30 118 2 300 6 15
3200 4288 4163 3972 4168 4203 4172 4349 4339 4235 4341 4343 4347 4345 4091 4348 4285 4350 4287
2000 5 434 434 13 395 198 1 64 40 5 4 1 1 195 1 89 1 18
3200 4353 4163 3972 4358 4168 4361 4203 4172 4381 4339 4235 4373 4376 4091 4285 4287
2000 31 417 417 13 19 1 445 140 4 163 95 8 9 95 112 74
