56 52 4 61 63
38 7 76 1 8
4 81 83 86 88 89 90 91 92 94 95
15 4 16 13 16 30 9 2 7 7 1
129 133 134 136 139 141 142 143 83 116 117
1 1 5 11 11 4 1 4 45 17 4
192 194 170 177 116 151 189 191
3 4 51 14 59 16 13 6
230 231 233 234 235 204 116 220 189 223
11 4 3 2 1 23 46 6 60 2
290 260 231 233 235 303 304 305 306 307 116 308 189
2 37 62 42 34 10 2 3 2 1 32 1 171
299 300 301 273 189 287
12 5 11 4 78 48
354 323 363 364 333 366 375 338 372 373 377 376 299 348 350 287
2 53 21 1 5 11 1 14 1 3 1 1 4 10 10 69
385 394 363 366 413 338 403 404 373 375 378 348 410 287
44 27 50 38 3 49 30 9 10 58 31 58 9 111
385 473 420 449 425 394 363 428 338 403 468 375 472 452 474 475 348 287
97 1 8 70 26 70 149 31 70 70 19 31 7 19 2 1 31 224
449 425 394 363 530 527 528 338 403 375 505 511 348 522 287
26 78 26 116 1 3 4 26 8 11 8 4 11 7 120
576 449 585 425 394 363 588 589 591 561 338 596 598 567 600 601 287
20 6 1 146 6 148 6 21 14 10 6 3 1 13 1 4 13
576 642 363 644 645 646 647 585 619 626 425 605 607
66 4 163 2 3 2 2 13 48 51 101 100 26
576 619 649 585 363 690 686 688 626 691 662 425 605 607
67 27 1 133 177 2 9 1 101 2 20 134 177 4
737 619 425 363 626 605 734 735
1 196 3 288 222 79 3 1
619 741 363 784 626 787 788 794 763 796 605 798 799
50 28 295 29 200 8 5 1 10 4 198 4 1
832 848 619 837 363 845 847 784 626 850 605 741
7 1 131 15 242 10 2 5 164 1 276 12
898 363 901 902 903 904 905 906 619 907 784 626 860 605 895
10 237 5 5 7 3 5 2 17 2 27 383 4 170 4
960 961 363 964 619 946 784 626 963 949 932 605
2 2 383 1 142 20 122 257 1 2 3 112
992 961 619 999 363 946 784 626
77 5 123 47 410 82 263 277
992 1027 363 1004 946 784 626 1045 1050 1051 1052
62 3 505 1 129 249 117 5 2 3 1
992 1089 1074 1061 363 946 1070 784 626 1081 1082
215 2 3 18 741 83 33 182 261 9 1
992 1090 363 1070 1103 784 626 1081
178 82 1367 43 1 82 178 25
992 1090 363 1070 784 1105 626 1107 1111 1081 1116 1119
27 295 1556 105 56 4 27 2 8 201 1 2
1090 1158 1161 363 1164 1165 1070 1105 1166 1143 1081
321 8 6 1713 2 4 31 47 2 7 309
1217 1090 1219 1185 1226 363 1229 1070 1199 1200 1105 1227 1081 1181
11 245 16 4 7 1785 3 103 3 21 113 2 543 61
1280 1281 1250 1284 1287 1288 1289 363 1090 1070 1245 1105 1081 1181
2 5 90 1 5 6 1 1670 129 81 2 94 736 59
1313 1250 1287 363 1090 1070 1105 1302 1303 1304 1081 1308 1181
1 154 115 1514 90 1 90 58 5 5 815 4 111
1344 1345 1090 1347 1316 1349 1350 1287 1348 1322 363 1250 1341 1328 1105 1302 1081 1339 1181
8 2 217 1 10 1 2 205 1 2 1147 68 7 22 217 8 634 3 54
1250 1379 1287 1384 1385 363 1090 1328 1105 1383 1081 1374
49 10 392 3 1 779 197 1 197 2 461 40
1090 1287 1417 363 1250 1423 1425 1105 1394 1429 1081 1374
627 357 28 1240 25 7 2 627 28 3 452 205
1472 1465 1250 1287 363 1090 1469 1105 1394 1459 1457 1081 1468 1437 1374
1 9 63 215 1248 669 2 669 112 28 44 515 15 194 147
1536 1537 1090 1476 1287 363 1250 1533 1105 1394 1459 1528 1081 1531 1538 1437 1374
2 5 896 24 70 1565 4 6 896 75 74 17 538 27 2 201 275
1536 1600 1090 1579 1604 1605 1553 1577 363 1581 1597 1584 1105 1459 1598 1601 1287 1081 1437 1374
17 3 737 17 1 1 22 2 1377 22 1 9 737 94 5 1 3 357 113 435
1090 1636 1640 1641 1642 363 1105 1459 1081 1628 1437 1374
618 3 15 1 1 1501 618 357 619 51 39 238
1090 1699 1700 1701 363 1105 1459 1684 1689 1656 1081 1628 1374 1663
264 1 2 1 1192 264 777 11 5 14 904 280 92 5
1729 1090 1731 1732 1733 363 1730 1105 1714 1459 1716 1721 1081 1628 1374 1727
6 164 2 5 1 897 1 164 34 681 8 2 733 35 63 6
1090 1731 1765 1748 363 1774 1105 1714 1459 1780 1781 1081 1628
23 8 31 13 622 3 23 145 585 2 1 599 37
1824 1792 1090 1827 1765 1768 1820 1770 363 1807 1105 1714 1459 1812 1815 1081 1628
13 9 10 2 12 15 16 113 372 17 10 128 362 14 8 362 84
1792 1856 1859 1860 1768 1865 1770 363 1868 1837 1714 1459 1812 1815 1848 1081 1850 1852 1866
18 4 11 4 10 5 30 407 1 5 305 407 246 8 13 407 1 16 3
1768 1916 363 1905 1714 1459 1812 1911 1912 1081 1907 1852
74 3 330 4 329 330 195 6 10 330 9 217
1768 1948 363 1946 1935 1714 1459 1812 1945 1944 1081 1940 1852 1949
218 2 477 2 58 477 477 206 4 2 477 8 623 5
2016 1987 2022 1991 1768 363 1997 1935 2001 1714 1459 1812 1945 1081 2011 1852 2015
4 13 2 16 192 355 2 100 14 355 355 154 37 355 2 968 11
2080 2073 1991 2056 2044 363 1935 1768 1714 1459 1812 2069 1945 2071 1081 2075 1852 2077 2078 2079
1 12 180 8 24 741 42 402 741 741 339 1 299 3 741 5 743 9 3 1
2081 2091 2113 1991 1768 363 1935 1714 1459 1812 1081 1945 2107 1852 2111
25 56 1 387 278 984 43 984 984 706 984 513 3 860 6
2132 2081 2091 1991 1768 2140 363 2124 2141 2137 1714 1459 1812 2133 2134 1945 1081 2119 2107 1852 2139
12 75 57 235 488 1 1100 26 1 4 1100 1100 612 4 3 273 1100 94 27 590 1
2176 2177 2180 2182 2185 2187 2193 2196 2197 1945 2119 2202 2091 1714 1459 1081 2107 1852 1991 2139 1768 363 1812
25 12 20 59 17 7 2 8 5 198 114 1 69 1077 1077 1077 11 450 198 25 468 1077 609
2176 2265 2180 2260 2259 1991 1768 363 2258 1714 1459 1812 2262 1081 2264 1945 2119 2139 1852 2263
1 2 94 4 4 196 287 1262 14 1262 1262 975 3 1262 1 196 354 115 240 2
2304 2305 2139 2180 2277 2259 2119 1768 2300 363 1714 1459 1812 1991 1945 1081 2297 1852 2302 2279
2 1 6 32 26 241 368 275 47 1387 1387 1387 1112 97 97 1387 19 283 2 3
2339 2259 2119 1768 2300 363 2381 2383 2384 2385 1714 1459 1812 2325 1991 1945 1081 2379 1852
37 110 284 332 3 1357 1 2 2 2 1357 1357 1025 11 402 402 1357 5 242
2339 2259 1991 1768 363 2386 2382 2384 1714 1459 1812 1081 1945 2119 2395 1852 2394 2398 2399
40 300 501 89 1460 6 10 13 1460 1460 1371 1460 501 251 1 330 1 2 1
2259 1991 1768 2442 363 2444 2413 2446 2445 2416 1714 1459 1812 1081 1945 2119 1852
349 605 7 8 1494 2 35 2 2 35 1494 1494 1487 1494 605 253 329
2259 1991 363 2413 2416 1714 1459 1812 1081 1945 2119 2459 1852 2458
31 892 1618 28 28 1618 1618 1618 1618 892 205 1 335 3
2496 2505 2475 2515 1991 2460 2506 363 2478 2513 1714 1459 1812 2486 1945 1081 2119 1852 2463
13 10 13 1 507 115 19 1470 32 1 1470 1470 1470 19 507 1470 616 378 1
2560 1991 2568 2460 363 2578 2576 1714 1459 1812 2581 2582 1081 2583 1945 2119 1852 2525 2558 2559
31 649 3 254 1194 5 2 1194 1194 1194 6 4 1194 2 649 275 409 70 39 29
2624 2618 1991 1852 363 2604 2621 2576 1714 1459 1812 2581 1081 1945 2119 2619 2460 2525 2558 2559
5 6 478 245 1133 24 3 41 1133 1133 1133 57 1133 478 145 6 186 67 69 20
2646 2119 1852 363 2637 2654 2641 1714 1459 1812 2581 1991 1945 1081 2460 2525 2558 2655
8 293 12 1286 2 8 4 1286 1286 1286 54 495 495 1286 252 34 123 1
2675 2678 2119 2460 363 1991 2641 1714 1459 1812 2581 2646 1945 1081 2679 1852 2525 2558
11 2 173 156 707 343 207 707 707 707 30 42 343 707 2 42 4 57
2689 2691 2696 2700 2703 2704 2705 1812 1945 2460 2119 1714 1459 1081 1852 1991 2641 2646 2655 363 2673 2677 2679 2682
3 10 5 10 1 2 1 436 137 73 72 436 436 436 42 137 276 42 98 436 8 3 3 14
2748 2724 2646 2119 1852 363 2742 2736 2641 1714 1459 1812 1991 1945 2744 1081 2746 2747 2460
1 51 10 77 10 428 7 9 424 428 428 428 53 53 14 428 3 4 53
2786 2787 2724 2119 2794 363 2764 2799 2800 2641 1714 1459 1812 2773 1991 1945 2744 1081 2801 2460
51 9 20 141 1 481 13 1 1 428 481 481 481 6 98 98 66 481 2 98
2839 2119 2812 363 2845 2800 2641 1714 1459 1812 1991 1945 2744 1081 2460 2813
3 147 6 461 2 95 334 461 461 461 71 71 27 461 71 32
2896 2891 2886 2119 363 2866 2894 2893 2800 2641 1714 1459 1812 2870 2868 2744 1081 2895 2877 2846
1 21 20 97 276 37 1 2 123 370 276 276 276 10 1 36 276 2 117 32
2945 2946 2891 2951 2886 2119 363 2866 2941 2800 2641 1714 1459 2932 1812 1081 2964 2959 2963 2877
34 15 6 7 44 24 221 61 14 163 625 221 221 90 221 221 1 8 4 76
3026 3009 3019 3014 2986 363 2866 3022 2800 2641 1714 1459 1812 3029 3031 3001 1081 3003 2877
1 13 18 10 49 156 23 5 137 899 156 156 156 1 1 7 156 7 186
3088 3045 3014 3089 2986 363 3090 2800 2641 1714 1459 1812 3093 3064 1081 2877 3077
28 85 13 3 28 127 1 131 968 127 127 127 1 11 127 180 35
2800 3138 3139 3142 3110 2986 363 3088 2641 1714 1459 1812 1081 3132 2877 3134
84 3 3 3 14 189 145 189 860 145 145 145 145 8 43 20
2800 3155 3147 3173 3184 2986 363 3180 3088 2641 1714 1459 1812 3189 1081 3194 2877 3134 3205
41 48 31 6 31 269 48 4 269 903 48 48 48 31 48 19 143 47 8
3184 363 3237 3249 2986 3147 3250 3088 2641 1714 1459 1812 3242 3224 1081 2877
273 9 10 5 188 273 1 188 892 9 9 9 46 6 9 80
3088 3275 3249 2986 3147 3277 3278 3184 2641 3242 3259 2877 3262 3263
63 7 8 63 414 1 1 414 905 31 37 71 37 55
3088 3202 2986 3147 3184 2641 3192 3195 2877
10 4 10 396 396 653 4 2 90
3265 3275 3204 3272 3273 3147 3184 2641 3252 3222 2877 3230
21 1 146 30 2 408 408 328 129 6 247 4
3204 3147 3261 3184 2641 3252 3260 2877 3262
129 284 2 284 69 298 8 476 2
3329 3299 3204 3336 3147 3340 3341 3342 3184 2641 3282 3252 3290 3332 3322 3339 2877 3326
7 8 348 1 421 1 5 2 421 76 101 345 11 4 62 1 519 36
3394 3204 3397 3396 3370 3147 3357 3184 2641 3252 3322 3290 2877
3 148 2 1 99 148 9 148 18 240 95 79 779
3184 3204 3398 3433 3370 3147 3436 3453 3440 3252 3450 3322 3451 3452 2877
27 27 133 44 200 27 5 3 2 218 6 38 3 1 588
3457 3398 3433 3370 3472 3474 3252 3477 3476 3480 3481 3322 2877
28 533 167 233 11 1 131 5 1 6 1 25 211
3552 3457 3524 3494 3398 3553 3433 3370 3531 3549 3536 3538 3539 3252 3545 3546 3548 2877 3518 3551
2 74 34 57 380 1 121 344 13 1 2 11 9 68 12 4 8 21 37 3
3457 3494 3398 3560 3433 3370 3596 3597 3538 3539 3252 3577 3576 3545 3546 3580
181 16 402 20 141 356 4 3 163 73 90 1 26 10 34 18
3457 3618 3494 3398 3640 3433 3370 3633 3538 3539 3252 3639 3576 3641 3580
115 2 94 220 2 94 331 10 48 53 53 11 48 3 69
3457 3618 3494 3398 3433 3370 3691 3633 3538 3669 3670 3689 3576 3580
192 9 158 202 90 364 2 19 46 6 70 6 46 9
3457 3494 3398 3433 3370 3724 3694 3730 3731 3733 3734 3704
31 312 196 21 591 33 48 4 1 1 4 31
3398 3494 3433 3370 3724 3750 3764 3765 3753 3739
127 199 94 324 66 31 1 7 2 22
3812 3494 3398 3815 3724 3370 3788 3824 3825 3765 3817 3739 3820 3775
30 266 25 7 178 536 78 1 1 4 1 62 7 6
3867 3812 3878 3494 3724 3370 3895 3788 3854 3889 3890 3892 3893 3894 3881 3739 3882 3775
12 11 60 471 255 739 1 442 50 5 5 7 1 3 11 12 19 5
3907 3909 3494 3943 3788 3370 3724 3854 3878 3898 3739 3914 3935
4 62 241 3 476 293 29 19 40 47 41 8 3
3970 3878 3494 3976 3788 3370 3724 3965 3985 3990 3987 3989 3958 3991 3964 3978 3966 3909
6 24 270 15 421 292 105 9 6 1 2 4 72 2 36 5 36 18
3494 3878 4040 3788 3370 4043 3724 4046 4047 4019 3964 3965 3966
285 23 55 297 461 32 95 8 2 22 45 21 45
3494 3878 3724 3370 4107 3788 4108 4088 4057 4106
189 19 1 327 3 556 2 24 33 4
4130 3494 4140 3370 3788 4143 4112 4146 4137 4088 4057 4123 4124 4106
10 107 3 273 530 1 18 1 2 71 6 117 6 63
4195 4197 3494 4201 3370 4203 3788 4173 4174 4184 4178 4180 4088 4204 4123 4156 4106
16 9 94 1 355 4 370 10 1 14 3 55 36 1 19 3 76
4257 4195 3494 4236 3370 3788 4209 4212 4247 4088 4180 4250 4251 4106 4254 4255
1 100 141 10 199 621 31 130 39 7 11 5 28 141 6 2
4293 3494 3370 4311 3788 4317 4209 4307 4212 4247 4298 4251 4316 4106 4319
3 116 116 3 682 2 84 46 113 34 4 69 1 116 1
4384 4385 3494 3370 3788 4209 4307 4212 4380 4106 4382
3 3 13 13 424 80 148 164 11 13 11
4325 4328 4332 3788 4209 4338 4307 4212 4342 4344 4308 4347
13 10 8 135 7 11 28 583 2 2 11 2
4355 4371 4364 3788 4370 4366 4367 4368 4369 4338 4307 4212 4342 4372
51 2 3 242 2 6 2 2 6 50 170 627 9 1
4421 4422 4424 3788 4338 4402 4307 4212 4379 4415
26 49 1 67 4 30 67 604 9 23
4421 4458 4427 3788 4307 4212 4469 4468 4467
35 16 4 11 11 934 4 10 6
4481 4421 4518 4490 4525 4529 4467 4212 4500
29 8 17 139 2 8 67 845 17
