40 50 52 53 6
2 2 2 2 49
99 100 101 102 104 54 92 93 95
7 3 4 1 1 67 2 19 10
162 163 133 166 168 169 170 148 54 165
4 23 59 4 2 1 1 82 55 2
196 133 174 206 213 214 215 218 219 220 221
32 60 10 16 5 4 3 2 3 2 1
226 196 232 234 235 242 244 218 251 250
43 68 3 20 4 11 24 37 5 2
288 257 290 259 196 293 289 291 244 218
14 131 2 10 108 1 2 3 173 18
320 257 322 196 326 321 290 338 244 342 315
21 17 19 216 9 5 10 20 191 7 103
320 353 388 357 389 394 397 399 400 401 370 244 196 315 351
9 69 13 27 18 9 8 1 2 2 32 372 1 32 32
385 388 357 392 395 396 397 244 379 382
14 7 32 3 4 2 1 141 42 34
424 425 419 244 422
33 2 12 237 114
450 422 467 244 470 471 472 441 474
4 78 40 98 2 48 1 29 3
545 485 529 244 470 471 540 510
1 82 31 194 5 28 3 6
485 593 588 589 591 529 594 595 244 470 569
97 3 4 15 2 74 2 2 84 11 1
644 485 618 656 658 659 244 661 612
39 271 71 3 6 10 214 1 21
704 707 708 485 683 659 244 693 694 697 701 703
1 1 1 90 47 12 462 70 18 14 15 1
739 485 710 683 749 720 755 244 693 756
50 145 14 201 7 35 5 464 99 1
805 798 779 485 778 683 783 720 739 244 693 793 796 797 803 799
3 4 56 279 30 283 16 124 24 221 46 56 21 29 2 3
739 485 807 796 778 683 845 827 783 720 849 851 244 693 847 828 797
61 179 132 10 20 507 15 1 59 202 4 8 223 74 19 26 36
913 912 907 900 485 807 906 683 909 911 720 849 778 244 891 797 901
1 1 3 4 86 144 15 474 3 2 384 34 100 55 19 44 15
971 901 807 969 778 683 940 957 975 720 849 244 917 937 952 948 891 797 485
6 112 185 4 117 652 10 3 12 501 40 221 68 8 8 10 8 11 15
1024 1026 971 901 807 1033 778 683 1036 1005 720 244 917 1016 1022
10 2 80 34 223 2 84 761 2 1 671 112 66 5 17
1024 1056 1067 901 1062 807 778 683 971 1039 720 244 917 1080 1081 1072 1022
57 8 7 256 4 230 81 1055 53 24 864 78 17 5 3 6 78
1024 1121 971 1124 901 1126 807 1120 778 683 720 244 917 1116 1022 1119
20 5 85 1 235 1 73 4 123 1122 1045 60 32 25 60 8
1157 683 901 1163 778 971 1165 1166 1167 720 1169 1170 244 917 1022 1151
1 709 302 3 6 306 7 1 2 709 6 1 168 6 168 21
1189 971 1220 901 1223 1217 683 720 244 1214 1215 1022 1151
12 150 4 201 1 8 566 566 219 3 1 219 254
1189 971 901 1254 683 720 1267 244 1239 1022 1151
24 15 62 15 574 574 3 218 2 218 577
1248 1189 1195 901 1254 683 1245 720 1233 244 1240 1215 1213 1022 1151
26 10 18 43 3 518 10 518 8 479 17 8 91 479 288
1248 1264 1255 683 720 244 1240 1273 1274 1022 1151
53 169 233 553 553 340 51 1 2 340 193
1248 1312 1323 1317 1318 1255 1320 1321 683 1325 720 244 1301 1240 1022 1151
119 14 1 6 4 123 13 4 934 1 934 307 16 35 307 56
1248 1349 1382 1255 683 720 244 1374 1240 1381 1375 1022 1151
208 15 3 55 872 872 293 64 50 12 2 293 50
1248 1409 1410 1382 1255 683 1422 720 1408 244 1374 1240 1022 1151
249 54 174 29 112 864 4 864 4 303 112 31 303 31
1410 1439 1442 1445 683 1453 1454 1455 1465 1467 1469 1470 1471 720 1240 1374 1248 1382 1255 244 1022 1151
175 70 23 18 728 9 8 1 5 8 3 1 3 728 67 48 172 2 346 312 312 67
1248 1410 1467 1511 1255 1512 1513 683 1442 1518 720 244 1022 1503 1240 1497 1439 1374 1151
116 55 63 6 379 2 1 582 22 1 582 201 201 4 203 1 67 282 203
1248 1536 1410 1563 1255 1545 683 1538 720 244 1022 1559 1240 1562 1467 1374 1151
235 68 154 1 362 2 507 1 507 235 235 2 233 1 153 455 233
1248 1536 1410 1603 1255 683 1612 1581 720 1618 244 1022 1240 1599 1616 1467 1596 1374 1151
354 179 336 65 545 554 6 15 554 2 354 354 180 9 3 43 21 242 180
1248 1536 1410 1603 1255 683 1627 1581 1647 720 1618 1635 244 1374 1622 1240 1632 1599 1629 1022 1151
280 77 183 53 638 430 1 14 2 430 154 4 280 378 38 173 6 3 40 280 173
1248 1536 1410 1603 1255 683 1653 1679 720 1681 1682 244 1374 1240 1581 1022 1151
188 182 510 75 677 655 20 29 655 3 1 188 201 148 10 188 148
1248 1697 1410 1603 1255 683 1708 1653 720 1717 244 1374 1536 1240 1716 1022 1151
54 11 142 257 793 322 20 74 322 2 54 415 18 159 2 54 159
1697 1702 1703 1705 683 1708 1713 1716 1717 1720 1721 1722 1603 720 1240 1374 1248 1255 244 1653 1022 1151
1 4 3 7 167 1 8 2 3 1 1 3 160 167 571 624 26 452 26 12 26 571
1248 1793 1603 1796 1797 1798 1255 683 1772 720 1795 244 1022 1240 1780 1789 1374 1151
67 5 20 1 3 3 285 304 7 304 3 67 67 399 8 2 925 399
1858 1867 1255 1864 1865 1866 683 1772 1837 1805 720 1848 1842 1780 1240 1374 1151
5 2 197 13 2 2 146 113 57 28 146 21 58 217 451 1206 451
1920 1922 1929 1932 1933 1934 1935 1937 683 1837 1848 720 1240 1374 1255 1895 1772 1904 1905 1780 1911 1151
5 3 8 1 2 1 1 2 212 40 58 212 359 985 444 44 126 13 26 245 27 359
1933 1940 1945 683 1837 1969 1848 1977 1983 1985 1986 1987 720 1240 1374 1255 1895 1772 1904 1905 1780 1151
70 4 8 274 1 29 74 15 1 2 4 1 274 514 961 251 74 8 51 36 391 514
2048 2051 2053 2054 1933 683 1969 1848 1977 1993 720 1240 2036 1374 1255 2024 1895 2032 1780 2041 2043 1151
12 10 1 1 83 293 1 143 10 152 293 621 13 902 184 8 143 4 325 9 5 621
2051 1933 2066 2084 683 2086 2091 2092 2094 2098 2101 2102 1848 1993 720 2104 1240 1374 1255 1895 1780 1151
8 130 55 106 379 25 28 13 1 6 16 1 110 20 379 2 408 879 334 110 243 408
2115 2084 1255 1993 683 2092 1933 720 1848 2066 1895 1780 2101 1240 2133 2139 1374 1151
8 49 44 14 440 1 29 440 14 13 14 138 16 638 7 2 878 638
2176 2160 2084 1255 683 1933 2159 720 2164 2174 1240 2170 2172 2173 1374 1151
3 20 72 78 538 131 6 538 6 2 417 4 7 4 967 417
2209 2210 2212 2182 2193 683 1933 720 2200 2196 2206 1240 2207 1374 1151
2 7 2 44 1 719 188 719 8 9 2 397 14 884 397
2256 2182 683 1933 2255 720 2260 2261 2262 1240 1374 1151
1 54 595 491 39 595 2 3 1 429 976 429
2308 2312 2314 683 1933 2318 2255 720 2289 2319 2317 2293 1240 2299 1374 1151
2 6 2 443 593 3 94 443 4 1 2 13 320 15 1237 320
2389 2374 683 1933 2350 2255 720 2381 2387 2388 2366 2390 2391 1240 2299 1374 1151
1 3 502 276 37 86 502 1 5 3 25 1 1 586 105 912 586
2448 683 1933 2446 2447 720 1240 2423 2392 2299 1374 1151
1 432 548 4 2 432 481 38 144 121 1087 481
2480 2475 2468 2474 683 1933 2479 720 2392 2451 2452 1240 2460 1374 1151
1 18 5 1 552 602 5 552 29 71 19 230 30 1218 230
683 1933 720 2392 2546 2452 1240 2548 2522 2524 1374 1151
564 679 564 144 3 55 127 1 18 45 1309 127
2608 2609 2568 2588 683 2604 1933 2574 720 2600 2610 2611 2392 2524 1374 2591
10 2 13 3 795 5 504 125 795 17 9 5 25 25 1205 7
2657 2658 2634 683 1933 2574 720 2643 2644 2647 2652 1374
1 3 22 1401 90 45 1401 36 6 4 12 599
2672 2699 2634 683 1933 2574 720 2705 2674 2704 2683 1374
8 1 153 1581 242 12 1581 2 22 4 6 419
2722 2725 2727 2634 683 1933 2735 720 2674 2748 1374
36 36 25 223 1601 189 18 1601 70 7 399
2758 2727 2634 683 1933 2766 2765 720 2674 2743 1374
125 21 57 1611 236 2 4 1611 70 3 389
2817 2818 2758 2634 683 1933 2766 720 2840 2674 2804 2837 2774 2839 2808 2836 1374
4 8 15 61 1489 415 79 1489 1 33 18 5 23 2 3 5 511
2880 2891 2886 2758 2634 683 1933 2766 720 2897 2898 2899 2868 2901 2774 2905 2804 1374
13 2 14 57 351 1554 418 163 1554 8 16 1 24 3 58 1 54 446
2912 2914 2917 2952 2953 2634 683 2924 1933 2766 720 2898 2774 2939 1374 2949
5 75 14 2 2 368 1719 46 262 108 1719 58 103 9 281 2
2912 2976 2914 2983 2985 2634 683 1933 2766 720 2898 2958 2774 1374
49 4 69 3 3 235 1387 613 60 1387 79 4 122 613
2912 2914 3016 2634 683 1933 2990 3021 720 2898 3018 2774 3001 3023 2986 1374 3007
27 153 1 131 1494 506 66 1 1494 52 2 25 70 2 16 506 73
2912 3072 2914 3083 3077 3079 3080 2634 683 3084 1933 2990 3021 720 3027 3001 3066 1374 3007
119 1 91 2 12 8 7 211 1582 1 418 186 4 1582 27 143 4 418 17
3104 3127 2914 3108 3121 3111 2634 683 1933 2990 720 3128 3027 3093 3095 3079 3001 3130 1374
12 5 200 10 2 15 758 1792 208 153 1792 3 40 22 15 53 82 8 208
3104 2914 3079 3134 2634 683 3116 1933 3119 720 3122 3125 3001 3130 3131 3133 1374
6 249 91 2 921 1906 15 94 4 1906 27 47 204 1 2 3 94
3136 2914 3147 3172 3173 3174 3079 3148 2634 683 3116 1933 720 1374 3125 3001 3164 3133 3166
8 270 8 1 2 3 14 4 572 1970 57 30 1970 30 42 147 8 56 19
3233 2914 3236 3234 3174 3239 3240 3244 2634 683 3212 1933 3246 3245 720 3187 3079 3001 3247 3164 1374
2 93 2 20 13 17 8 1 499 1978 20 22 1 1 1978 27 20 130 3 42 22
3283 3239 3240 2634 683 3277 720 3281 3187 3287 3288 3001 3164
6 100 172 464 2000 1 2000 3 41 2 1 188 41
3334 3239 3240 3337 2634 683 3311 720 3353 3346 3187 3350 3319 3352 3001 3322 3343 3164
2 78 94 9 590 2000 33 2000 1 3 34 3 41 6 78 13 4 34
3346 3352 3357 3362 3239 3240 683 3374 3383 3001 3387 3388 3402 3396 3398 3399 3400 3401 2634 3403 3405 720 3385 3311 3319
106 82 2 28 57 176 2000 9 67 57 5 32 1 11 2 2 2 2 565 2 1 2000 14 57 31
3440 3362 3460 3239 3240 2634 683 3311 720 3346 3411 3463 3434 3383 3352 3001 3388 3466 3454
42 29 2 116 200 548 2000 27 2000 100 30 10 2 298 330 116 100 39 13
3466 3346 3352 3483 3486 3239 3240 3498 683 3383 3001 3388 2634 3519 3520 3526 3528 3530 3533 720 3411 3311 3440
14 51 285 44 2 57 65 38 2000 285 57 51 920 8 12 1 7 2 1 2000 71 127 41
3584 3585 3586 3587 3346 3352 3239 3240 3498 683 3383 3001 3388 3528 2634 3535 720 3411 3542 3562 3311 3440 3573
1 2 3 2 27 392 156 46 90 2000 392 156 27 27 839 46 2000 2 9 18 20 90 7
3600 3611 3239 3528 3562 2634 683 3607 3311 720 3001 3346 3535 3383 3352 3609 3610 3240 3388 3498 3440
17 1 60 83 30 1183 2000 24 53 2000 60 83 188 136 136 6 29 188 83 10 10
3641 3239 3624 3388 2634 683 720 3528 3346 3636 3383 3352 3001 3643 3644 3562
2 78 5 5 1637 2000 2000 5 5 1 155 155 78 1 1 80
3680 3562 3682 3239 3688 3689 2634 683 3663 720 3672 3667 3669 3665 3383 3352 3001 3690
4 26 4 48 1 2 1757 2000 10 2000 12 1 2 1 60 60 48 1
3383 3239 3688 2634 683 3692 720 3737 3352 3001 3739 3711
10 60 31 1845 2000 18 2000 7 10 60 3 5
3776 3239 2634 683 720 3793 3001 3770
6 118 1706 2000 2000 4 118 15
3819 3239 2634 683 3805 720 3837 3828 3830 3833 3001 3770 3836 3834 3838
13 124 1578 2000 7 2000 1 9 2 2 124 65 3 6 1
3873 3883 3844 3878 3239 3880 3881 2634 683 3884 3828 720 3879 3847 3861 3862 3001 3770 3867 3882 3856
9 3 47 1 39 1 2 1633 2000 3 11 2000 3 80 15 7 39 77 10 1 25
3940 3939 3844 3910 3239 3912 2634 683 3930 720 3922 3923 3847 3926 3001 3770 3937 3914 3935
1 2 26 9 44 15 1221 2000 7 2000 9 4 31 3 44 24 1 19 2
3969 3970 3971 3847 2634 683 3922 720 3954 3960 3770
3 3 1 57 1209 2000 87 2000 106 8 53
2634 683 3922 720 3954 3987 3770 3995
1292 2000 28 2000 148 75 22 10
4048 2634 683 4045 720 3954 3987 4052 4054 3922 4010
7 1422 2000 9 2000 96 355 5 3 7 50
4040 2634 683 4010 720 4052 3987 4020 4053 4055 4057 4060 4061 4062 4063
24 1376 2000 29 2000 6 330 24 1 1 6 2 5 1 1
4096 4100 4069 4102 4103 4040 2634 683 720 3987 4085 4088 4089 4010 4094 4101
1 1 2 1 1 32 1740 2000 2000 235 9 14 18 4 1 1
4160 4139 4132 4165 4166 4167 4040 2634 683 4110 4125 720 4146 3987 4151 4138 4158 4159
8 3 26 7 1 3 183 1622 2000 24 5 2000 28 120 25 32 18 3
4138 4199 4040 4220 2634 683 4125 720 3987 4222 4218 4175 4207 4221 4158 4191
11 14 83 3 1637 2000 28 2000 104 1 5 64 6 6 76 8
4138 4261 4199 4040 2634 683 4270 4175 720 3987 4276 4277 4278 4279 4280 4125 4191
26 72 30 28 1599 2000 11 131 2000 233 18 7 7 2 4 299 25
4353 3987 4125 4261 4138 683 4276 4279 4191 4040 2634 4301 4175 720 4307 4319 4336 4339 4340 4341 4342 4343 4344 4345 4348 4351
3 283 395 82 100 2000 27 9 24 64 1862 26 35 2000 26 14 2 14 15 1 9 5 4 6 1 6
4407 4261 4040 2634 683 4398 4175 720 4392 4138 4404 4279 4409 3987 4125 4191
4 201 129 1836 2000 18 12 2000 4 85 18 73 2 82 326 13
4420 4459 4138 4261 4455 4040 2634 683 4429 4398 4445 720 3987 4458 4279 4441 4175 4125
13 3 102 119 1 87 1913 2000 32 27 37 2000 182 15 78 43 6 672
4512 4513 4138 4261 2634 683 4429 4398 4445 720 3987 4501 4502 4279 4506 4175 4508 4125 4511
1 2 62 11 2000 2000 67 30 101 2000 36 10 20 21 6 40 11 1076 1
4502 4550 4551 4138 683 4398 4125 720 3987 4445 4175 4541 4543 2634 4522
33 4 2 95 2000 11 1285 2000 98 43 2 35 8 2000 35
4592 4138 4552 2634 683 4605 4541 720 4594 3987 4600 4602 4603 4125 4522
7 1 31 2000 2000 2 87 2000 13 401 1 3 1 1372 87
4592 4651 4641 4615 2634 683 4652 4653 4125 720 3987 4637 4541 4522
54 4 8 32 2000 2000 1 2 1403 2000 459 11 53 53
4624 4615 4616 4522 683 4620 4622 4125 720 4625 3987 4541 2634
6 3 3 52 2000 2 3 1523 2000 1 460 52 2000
