32 41 27 45 46
9 4 31 2 1
98 69 102 71 105 106 87 88 90
28 25 9 83 14 2 9 4 6
128 133 71 136 138 147 151 152 154
19 2 200 42 5 5 1 2 7
196 197 71 169 202 206 179 213 155
48 5 132 154 6 3 23 1 63
251 196 197 71 232 169 211 249 218 155 253 254 255
2 27 31 64 30 15 27 12 31 101 3 4 4
283 71 264 268 271 280 282 155 285 286 287
1 115 26 61 20 24 4 376 1 1 1
320 324 293 71 332 335 155
8 13 49 92 1 2 524
385 343 356 293 71 393 394 395 396 397 371 340 375 324 155
6 6 12 76 91 7 3 3 1 1 6 95 1 51 686
416 443 324 421 71 429 434 340 155 446
11 20 24 63 138 2 8 225 655 1
481 443 324 421 454 71 486 463 464 483 340 470 471 155 475
4 31 3 7 5 99 3 35 70 14 192 29 28 938 8
496 482 483 324 71 493 494 464 340 473 155
3 9 23 7 138 1 2 21 208 8 728
71 553 554 556 528 499 340 155 542
118 1 10 4 30 42 279 569 12
608 609 610 71 528 340 592 601 602 155 542 607
5 2 4 27 56 289 1 6 8 776 2 11
640 667 676 677 646 654 655 675 340 664 666 155 668 669 645
4 1 1 3 13 46 10 1 265 12 1 659 1 6 7
708 654 340 664 730 155
64 35 417 60 1 760
708 654 340 725 729 730 155 733
91 20 112 16 28 8 252 1
736 737 708 340 725 726 727 728 155 732
1 1 115 201 15 41 5 4 359 1
795 708 779 785 786 340 725 726 792 794 155 796
4 279 15 2 1 7 2 28 8 2 286 1
708 854 806 779 846 340 853 726 855 155 797
241 1 95 4 9 41 2 59 5 282 163
898 708 902 806 880 340 726 888 155 892 797 901
2 291 2 26 11 57 74 20 348 16 83 2
929 708 906 797 340 726 888 932 155 892 925 926
36 307 93 8 44 225 21 3 351 17 40 36
929 708 982 906 940 978 979 726 888 985 155 989
11 102 8 441 43 21 13 88 12 1 102 1
929 708 906 1041 1011 1047 1048 155 1021 1022
45 106 294 1 9 2 1 106 33 54
929 708 1061 1063 1096 1097 1098 1011 155
273 119 17 110 18 1 2 158 119
929 708 1136 1138 1011 1140 155
275 63 19 14 72 1 63
929 708 1196 1192 1193 1194 1164 1138 1011 1178 155
425 37 2 16 5 1 28 63 252 44 37
1248 929 1220 1164 1011 1236 708 1178 155 1247
9 548 53 41 150 15 4 51 4 1
1280 929 1282 1283 1220 1285 1286 1289 1290 1277 1011 1178 1274 1278 1279
10 1071 8 1 20 3 1 2 1 2 338 135 13 11 8
929 1345 1321 1324 1326 1011 1336 1337 1178 1341 1342 1343
1229 1 59 8 6 334 5 6 16 5 9 9
1336 929 1011 1334 1321
5 1011 250 6 127
929 1377 1321 1386 1390 1011
625 10 34 5 1 249
929 1441 1418 1387 1390 1423 1011 1431 1435 1386 1438 1439
742 3 33 9 11 6 451 19 8 32 6 1
1472 929 1474 1475 1441 1448 1386 1473 1011 1462 1470 1471
3 767 1 3 35 11 75 2 298 10 3 3
1536 929 1543 1448 1545 1386 1544 1011 1524 1528 1546
4 388 3 135 1 77 1 82 12 21 1
929 1603 1574 1601 1448 1386 1591 1548 1613 1583 1011 1607 1559 1528 1563 1566 1599
549 6 7 5 193 235 16 48 4 15 23 1 58 126 22 22 9
1664 1601 1666 1667 929 1448 1641 1386 1548 1649 1619 1672 1559 1658 1563 1661
16 150 5 10 554 232 51 213 102 13 46 2 146 8 1 8
929 1601 1448 1641 1386 1548 1709 1711 1712 1619 1559 1706
560 29 107 2 180 245 14 4 3 5 338 7
1760 929 1765 1766 1767 1448 1756 1386 1548 1749 1601 1559 1753 1754 1761 1724 1759
15 634 2 1 4 74 13 450 261 28 4 138 2 2 4 109 2
1824 929 1820 1448 1756 1386 1815 1548 1808 1814 1559 1724 1822 1823
2 794 1 25 25 690 2 85 91 1 67 85 4 2
929 1898 1892 1894 1896 1386 1901 1869 1808 1875 1878 1559 1903 1820 1885
940 6 14 4 7 811 9 45 155 7 28 91 3 6 17
929 1922 1955 1386 1943 1903 1808 1906 1907 1878 1559 1944 1875 1885 1950
1104 46 4 940 8 101 111 38 14 119 164 6 10 106 16
929 1922 2032 2023 2024 1386 1975 2030 1903 1808 2001 1906 1907 1950 1878 1559 2010 1979 1885 2014 2035
1195 27 1 11 21 1085 27 8 86 298 21 52 57 70 63 110 5 5 46 57 1
929 2082 2070 2086 2087 1386 1808 1906 1907 2014 2038 1559 1950
1081 3 6 6 1 863 181 195 14 146 29 218 76
929 2116 2117 2086 1386 2130 1808 2129 1906 1907 2132 1950 1559 2014 2133
1249 25 21 13 1091 2 470 4 271 27 2 24 158 64 3
929 2178 2179 2181 2086 2177 1386 2174 1808 1906 2164 2165 1559 2182 2014
1102 2 3 3 73 18 854 5 312 171 144 45 248 3 258
2240 929 2210 2244 2262 2086 2241 1386 2187 2258 1808 1906 2259 2164 2230 1559 2203 2205 2014
39 1202 2 9 1 248 5 713 170 2 101 287 2 64 108 489 99 45 70
2304 929 2307 2309 2086 2305 2312 1386 2187 2284 1808 2311 1906 2230 1559 2203 2295
6 1443 2 4 205 5 1 977 168 41 42 2 333 234 466 461 4
2336 929 2086 2343 1386 2187 2284 2349 1808 2353 1906 2230 1559 2361 2203 2364 2365 2366 2367
1 1287 136 21 718 278 20 23 47 23 196 228 569 3 107 5 2 3 3
929 2411 2086 2374 1386 2187 2381 2426 2384 2416 1906 2427 2410 2230 1559 2425 2394 2203 2422 2365 1808
1389 25 79 83 912 296 9 1 76 13 114 3 4 316 477 3 87 299 6 61 18
2464 929 2475 2455 2086 2433 2472 1386 2187 1906 2411 2230 1559 2394 2203 2365 2462 2474
10 1097 2 5 1 6 8 744 349 241 7 103 353 57 271 32 27 1
2496 929 2503 1386 2187 2514 2511 1906 2230 1559 2203 2365
18 1139 5 881 258 1 6 179 36 258 547 34
2496 929 2532 2230 2534 2505 1386 2187 2509 1906 2518 1559 2203 2527
4 1131 11 21 1 43 1067 64 7 57 12 64 648 3
929 2555 2536 2505 1386 2187 1906 2230 1559 2554 2203 2538
1005 2 7 71 903 102 70 40 102 6 395 60
929 2603 1386 2187 2604 1906 2612 2613 2230 1559 2584 2203 2538
740 10 720 20 2 184 3 1 26 20 35 278 35
2656 929 2667 2660 2666 2630 2665 1386 2603 2668 2640 1906 2647 2203 2538
24 581 2 3 2 50 1 581 63 4 22 4 3 319 74
929 2696 1386 2603 2674 2717 2640 1906 2707 2678 2712 2203 2538
431 97 431 315 69 3 27 34 8 9 5 130 69
929 2723 2696 1386 2603 2734 2735 2640 1906 2203
253 17 75 253 312 7 2 180 25 18
929 2786 2779 2696 2793 1386 2603 2798 2799 2640 1906 2777 2203 2748
95 17 3 18 2 95 223 4 1 17 83 42 9 32
2816 929 2786 2811 2820 2696 1386 2603 2831 2640 1906 2835 2805 2827 2203
11 76 8 17 34 7 76 123 6 66 26 5 54 11 38
2816 2848 2896 2820 2888 2889 2890 2603 2893 2640 1906 2899 2900 2805 2811
33 2 5 82 48 8 10 289 4 82 127 1 1 11 27
2945 2946 2811 2889 2603 2893 1906 2805 2939 2940
2 1 9 14 352 18 9 14 4 3
3009 2978 3013 2982 2603 2988 2990 2962 2995 2998 3000 2963 3006 3007
2 3 1 40 91 13 27 24 23 13 7 8 1 5
2982 2603 3053 2990 3055 3058 2995 3061 3031
50 23 11 19 3 10 114 1 45
3073 2982 2603 2990 3058 2995 3031
3 139 8 17 138 53 8
3106 3108 2982 3081 2990 3120 3058 3127 3096 3129 3131 3133
72 5 379 16 16 5 97 10 1 1 13 1
3106 2982 3179 3182 2990 3183 3185 3157 3162
108 405 1 5 218 1 2 16 4
3106 2982 3214 3182 3215 3216 3217 3218 3220 2990 3188
113 487 3 7 2 1 5 3 1 35 6
3106 3268 3269 2982 3271 3275 3277 2990 3279 3188 3278 3263
31 2 8 371 3 1 3 165 3 43 2 2
3269 2982 3335 2990 3279 3345 3347 3348 3350 3351 3352 3322 3343 3327
37 266 1 190 13 5 1 2 2 1 1 2 10 11
3393 2982 3398 3399 3400 2990 3391 3269
12 718 2 1 2 92 7 170
3269 3430 3434 3447 3437 2990 3439 3442 2982 3448 3450
164 32 9 1 4 24 2 3 617 3 3
3490 3491 3492 3269 3430 3469 2990 3474 2982 3484 3493
12 8 2 218 98 16 90 4 866 7 2
3490 3430 2982 3526 3497 3525 3501 2990 3504 3506 3519 3516 3269
171 37 1012 2 16 2 3 204 29 6 9 12 120
3585 3490 3269 2982 3548 3564 3533 2990 3578 3580 3430
3 326 148 1402 7 32 9 149 3 4 44
3490 3269 2982 3533 2990 3605 3608 3614
111 344 949 23 284 6 2 12
3650 3269 2982 3490 2990 3533 3647
5 188 993 132 198 24 5
3490 3684 3269 2982 3690 3691 2990 3669 3670 3679 3678 3685
147 8 135 565 1 2 610 15 7 6 71 5
3713 3490 3715 3269 2982 3719 3723 3724 3693 2990 3703 3706 3678
13 73 5 203 417 7 1 1 25 743 65 35 309
3713 3490 3715 3269 2982 2990 3727 3742 3734 3703 3706 3739 3678
22 52 60 75 468 1072 11 2 22 42 41 6 803
3744 3713 3746 3715 3748 2982 3751 3752 3725 2990 3742 3716 3741 3678
8 5 3 49 20 361 2 2 1 1468 5 9 6 1134
3777 3778 2982 3815 3817 3786 2990 3762 3678 3805 3774
77 76 658 1 5 14 1000 147 833 4 35
3777 3778 3844 2982 3786 2990 3856 3857 3762 3828 3832 3860 3805 3678
244 77 17 1017 24 734 4 2 129 29 7 2 48 684
3777 3778 3844 2982 3911 3786 3916 3890 2990 3885 3762 3860 3893 3918 3924 3930 3678
145 112 19 980 89 63 15 80 843 9 112 38 55 16 12 1 843
3777 3778 3939 3844 2982 3786 3885 2990 3952 3762 3955 3956 3893 3954 3678 3935
97 59 6 8 749 137 46 1140 8 59 11 9 344 1 1140 27
3777 3778 2982 3885 2990 3984 3762 3893 3993 3995 3997 3678
70 91 1155 91 754 36 91 135 9 4 1 754
4032 3777 3778 4035 4036 4038 2982 3885 2990 4013 3762 4019 3893 4023 4027 3678
3 55 15 1 1 1 1082 15 903 6 15 11 151 28 27 903
4064 4065 2982 4072 2990 4080 4049 4019 4084 3893 4086 4088 4058 3678 4063
38 9 1281 6 719 35 42 33 27 214 3 1 83 719 81
4064 4163 4165 2982 4167 4104 4140 2990 4111 4144 4049 4019 4148 3893 4086 4058 4159 4149 3678 4063
79 2 1 1287 1 1 1 713 11 33 58 12 23 214 7 55 1 4 713 55
4165 2982 4169 4172 2990 4049 4180 3893 4182 4058 4187 4186 3678 4063
19 1342 5 19 658 22 6 270 1 56 1 7 658 56
4225 4230 2982 4232 4236 4206 2990 4180 3893 4058 3678 4063
6 11 1382 11 6 44 618 115 145 172 618 172
4256 4277 2982 3893 4206 4273 4274 4275 4180 2990 4058 3678 4063
7 1 1428 66 342 14 1 4 12 572 121 572 121
4277 4326 2982 2990 4330 4331 4332 4206 4334 4303 4302 3893 4058 4335 4336 3678 4063
16 12 790 1210 7 2 3 125 5 5 39 462 33 1 1 1210 33
4405 2982 4391 4206 2990 4302 4401 3893 4374 4058 3678 4063
1 689 29 11 1311 43 2 111 11 20 1311 20
4451 4452 4422 2982 4391 4429 2990 4302 4401 3893 3678 4437
26 2 27 1005 133 13 995 12 1 133 995 6
4484 4485 2982 4391 4459 4492 4493 2990 4495 4302 4497 3678 4494 4474 4478 3893
7 31 744 229 15 6 5 1256 1 6 3 1256 1 39 28 89
4523 4517 2982 4391 4555 4492 2990 4561 3893 4534 4568 4543 3678 4485
70 74 415 589 60 24 1585 7 57 93 3 9 1585 79
4523 4517 2982 4391 4583 4649 4586 4555 4629 4621 2990 4648 4575 3893 4534 4607 4543 4645 3678 4581
139 145 363 682 19 1 47 88 3 16 1637 1 3 54 117 23 141 5 1637 87
4683 4523 4581 2982 4391 4517 4682 4555 2990 4663 3893 4534 4681 4607 3678 4543
3 59 89 141 827 1 2 236 1859 1 121 236 4 152 1859 195
4705 2982 4391 4713 4555 3893 2990 4717 4720 4693 4534 4607 3678 4543
24 134 639 1 115 30 1866 2 3 23 115 115 1866 137
