48 49 50 51 53 54
9 9 17 3 1 1
49 90 107 108 58
158 42 4 4 24
139 141 142 145 151 152 153
8 1 5 3 2 1 1
199 202 139 204 209 184
10 4 7 25 6 45
257 259 260 240 250 220 254 255
1 2 2 13 13 10 7 9
263 264 266 267 268 255
4 26 2 1 1 12
323 324 325 303 279 313 319 284 317 255
2 2 1 13 15 3 12 74 15 15
353 354 323 356 358 359 360 361 303 342 279 350 255
16 5 1 31 4 2 1 1 92 6 57 84 18
416 417 356 389 362 303 404 350 279 378 415 412 413 414 255
4 1 47 81 113 5 3 5 186 19 3 7 2 1 62
449 418 356 389 425 362 463 465 435 279 440
12 11 60 170 52 30 6 1 7 214 18
449 483 389 481 471 279 504 510
65 11 199 3 38 5 9 2
548 389 550 553 554 555 279
16 416 4 6 5 2 6
609 612 389 615 591 606 613
19 13 223 2 18 7 3
612 389 652 655 656 632 634 666 639
28 367 5 17 5 84 15 1 20
389 713 714 715 686 723 695 632 634
256 7 32 3 11 5 2 55 218
768 769 771 740 389 774 695 748 752 754 756 772 759 632 761 634 766 767
4 5 1 59 69 1 136 1 46 19 17 2 7 75 8 231 3 3
768 833 740 389 775 811 752 819 756 823 632 634 795 830 831
1 1 159 89 75 26 89 26 68 3 9 327 22 1 1
848 851 740 389 775 811 847 752 632 819 856 824 857 634 795 860 861 863
4 19 138 138 36 175 7 138 12 21 5 201 4 311 162 8 2 2
928 912 930 931 740 389 904 907 847 752 824 932 634 795
2 15 3 20 229 160 6 15 151 160 205 5 329 127
955 740 389 942 847 752 931 824 634 795 933
24 638 177 9 10 177 65 269 674 14 6
955 740 933 987 752 977 978 981 982 824 985 634 795 988 986 389
42 464 115 1 167 13 4 1 2 172 4 464 115 2 3 167
1056 1057 1058 795 740 933 1041 1038 977 1042 1043 1059 824 1017 634 955 1053 990
1 3 10 6 819 6 8 12 3 12 26 1 138 12 819 100 11 18
1121 1123 740 1127 1128 1129 1106 1038 1042 1109 1079 824 634 955 1117
1 5 917 1 6 1 6 9 47 82 41 13 917 81 3
740 1176 1042 1171 1172 1109 1178 1079 1144 1177 634 1146
923 8 121 4 5 28 4 38 31 1 923 26
1216 1218 1219 740 1224 1227 1228 1233 1109 1206 1210 1241 634 1180 1146
5 24 15 837 5 18 2 2 256 14 3 1 837 5 19
1218 1269 740 1285 1283 1267 1109 1206 1284 634 1275 1244 1277 1279
1 3 1200 1 2 8 297 8 1 1200 13 7 7 15
1344 1345 740 1279 1332 1109 1300 634 1307 1340 1333
1 3 833 23 3 248 27 833 34 2 42
1408 1410 1411 740 1385 1391 1375 1407 1396 1109 1398 1300 634 1359 1404 1405 1406 1333
2 2 4 489 9 34 14 2 9 138 13 42 489 12 2 4 1 74
1411 740 1414 1451 1452 1453 1454 1457 1458 1300 1109 634 1375 1405 1333
37 697 21 49 11 4 5 4 2 71 178 697 22 4 49
1498 740 1457 1480 1484 1451 1452 1489 1300 1109 1495 1496 634 1503 1501 1502 1333
1 1217 37 17 20 54 2 48 155 185 52 6 1217 4 6 7 54
1536 1537 1538 1529 740 1527 1511 1480 1451 1484 1518 1457 1539 1300 1109 1495 1525 634 1535 1502 1333
2 2 5 3 1203 19 37 91 133 114 28 42 1 94 176 138 37 1203 8 37 133
1543 1562 1564 1566 1568 1571 1573 1574 1575 1576 1451 1457 1333 1480 1484 1495 1502 740 1518 1525 1527 634
20 8 2 3 6 3 2 1 1 4 174 129 174 45 6 3 114 1108 14 3 37 1108
1600 1611 740 1495 1591 1451 1621 1616 1457 1618 1587 1333 1626 1527 1502 1525 634 1627 1562 1630 1631
150 29 1023 6 1 207 4 29 207 9 47 207 11 28 60 6 1023 19 70 4 2
1600 1667 740 1451 1693 1457 1587 1333 1694 634 1692 1562 1502 1695
213 3 882 494 2 494 63 494 3 882 3 73 63 3
1600 1611 1643 740 1640 1610 1451 1644 1457 1333 634 1627 1628 1562
106 70 6 1086 3 46 339 1 339 339 1086 39 10 74
1600 1697 1451 740 1701 1670 1679 1692 1611 1678 1702 1457 1646 1684 1333 1689 634 1695 1628 1562 1685
354 5 327 786 1 6 16 5 229 37 7 327 120 98 327 29 786 8 233 233 8
1600 1611 740 1748 1737 1451 1732 1646 1743 1457 1749 1684 1333 1689 634 1628 1562 1685
514 68 866 11 31 112 26 106 15 112 2 142 112 108 866 420 420 43
1798 1799 1800 1801 1684 1685 1689 1562 1451 1457 1333 1600 1732 1737 1611 1628 1759 740 1646 634 1789 1790
10 1 2 3 507 18 50 608 32 32 32 711 78 85 14 608 27 760 90 760 5 28
1684 1562 1825 1830 1832 1834 1451 1839 1457 1843 1333 1847 1848 1849 1850 1600 1732 1611 1628 740 1646 634
473 521 57 23 13 27 18 1 18 4 18 7 3 2 2 828 16 18 521 741 9 741
1600 1825 1890 1891 740 1865 1684 1878 1849 634 1628 1562
1193 39 1 2 388 29 345 22 35 388 345 345
1600 1921 1922 740 1865 1900 1903 1905 1684 634 1628 1562 1919
822 3 6 724 9 8 73 18 724 724 724 724 1
1600 1953 740 1956 1962 1900 1965 1966 1903 1971 1684 1943 1972 634 1967 1628 1562
603 1 557 27 8 53 8 1 95 2 557 27 1 557 1 557 557
1600 740 2021 2022 2023 2025 1972 1903 1684 2006 1943 1956 634 2011 1628 1562
818 732 15 1 2 3 4 27 732 2 20 20 732 3 732 732
1600 740 2055 2067 1684 2071 2072 2073 634 2075 1628 1562
625 642 50 29 642 1 2 7 642 2 642 642
1600 2114 740 2119 2118 2055 2121 2122 2106 2108 2096 2098 2067 1684 2103 2116 634 1628 1562
969 2 381 2 3 160 3 2 4 13 3 46 182 381 16 8 381 381 381
1600 740 2055 2153 2155 2108 2128 2161 2162 2067 1684 2116 634 2139 1628 1562
924 344 94 18 51 48 14 18 1 61 344 2 344 140 344 344
1600 2209 2211 740 2215 2055 2155 2128 2161 2067 1684 634 2139 1628 1562
1089 8 9 215 7 130 129 59 73 126 215 215 113 215 215
1600 740 2278 2279 2155 2161 2067 1684 2229 634 2139 1628 1562 2270 2271
1106 155 5 4 41 43 193 155 39 155 174 155 155 58 3
1600 2306 2307 740 2309 2310 2311 2312 2313 2314 2155 2067 1684 2315 2297 634 2139 1628 1562
1029 10 6 126 1 4 1 6 1 2 14 9 126 1 18 126 310 126 126
1600 740 2300 1684 634 2139 1628 1562 2302 2303
621 37 10 37 37 532 37 37 1 3
1600 2340 2314 2348 2361 2329 2362 2139 2364 2366
570 8 15 62 25 66 1 788 10 1
1600 2372 2405 2375 2376 2348 2390 2392 2404 2139 2396 2397
734 39 3 23 4 23 26 9 1 775 3 10
1600 2401 2435 2437 2427 2415 2400 2420 2425 2139
716 44 5 1 2 1 37 6 15 875
1600 2401 2491 2437 2487 2456 2485 2489 2488 2425 2490 2139 2492
667 32 2 71 2 6 7 4 1 16 1 1083 1
1600 2401 2531 2533 2509 2139
641 16 14 5 9 1272
1600 2531 2541 2509 2516 2139
431 7 1 35 35 1545
1600 2570 2509 2578 2579 2516 2581 2580 2139 2559
307 28 83 28 3 83 2 6 1693 46
1600 2634 2632 2602 2636 2605 2637 2578 2559 2139 2621 2623
423 2 10 38 2 21 2 20 20 1577 15 13
1600 2665 2602 2706 2605 2578 2697 2682 2139 2559
415 2 40 7 12 2 5 3 1585 2
1600 2753 2761 2602 2765 2139 2762
439 44 2 165 2 1561 4
1600 2753 2754 2759 2602 2770 2773 2776 2139
314 31 5 16 87 2 3 1 1686
1600 2759 2799 2800 2801 2802 2772 2139
231 82 7 1 2 2 25 1769
1600 2821 2759 2829 2830 2831 2832 2801 2834 2772 2809 2139
255 4 149 10 25 1 5 54 5 81 12 1745
1600 2853 2759 2856 2855 2829 2830 2834 2772 2836 2139
65 2 162 1 4 36 13 13 13 37 1935
1600 2882 2759 2903 2830 2895 2836 2905 2772 2906 2139
86 35 391 7 78 25 290 5 78 2 1914
1600 2944 2914 2947 2948 2918 2950 2759 2952 2830 2772 2836 2903 2905 2139
188 17 11 2 11 8 1 348 2 188 188 64 28 68 1812
1600 2977 3009 2772 2998 2759 3020 2830 3026 3027 2996 2836 2903 2905 3008 2139 3012
51 73 37 51 42 510 6 51 1 1 8 38 38 430 42 1949 17
2977 3067 2759 3080 3081 3082 3084 3085 3088 3089 3090 3060 3064 2905 2139
145 27 776 6 7 6 1 1 6 1 1 44 3 371 2000
2977 3067 3111 2759 3085 3118 3119 3121 3091 3064 2905 2139
118 4 4 932 29 1 1 1 1 5 482 2000
3136 2977 3173 2759 3177 3178 3183 3152 3185 3186 3187 3064 2905 3130 2139 3134
34 157 1 694 2 5 2 9 2 3 1 13 651 30 2000 10
3136 3201 3203 3204 3205 2759 2977 3210 3218 3219 3220 3222 3225 3224 2905 3130 2139 3197
100 50 22 48 4 836 244 6 4 5 9 6 2 1 513 76 2000 22
3136 2977 3267 3268 3264 2759 3201 3274 3232 3276 3277 3281 3220 2905 3258 2139
231 61 12 26 4 1000 5 1 77 18 5 1 121 575 100 2000
3136 2977 3298 3302 2759 3232 3220 2905 3258 2139
536 205 20 3 759 2 64 649 61 2000
3136 2977 3350 3380 3365 3366 2759 3304 3369 3342 3376 3378 3379 3220 3318 3320 2905 2139 3324 3325
799 137 8 2 21 3 566 54 14 20 2 8 1 46 104 4 515 2000 34 19
3136 2977 2759 3407 3379 3318 3415 3416 2905 2139
993 93 470 55 60 26 3 1 456 2000
3136 2977 3451 2759 3407 3441 3379 3318 2905 2139 3420
867 101 7 362 47 103 5 28 756 2000 110
3136 2759 3407 3441 3379 3508 3503 3318 3513 3512 2905 2139 3420
810 83 24 314 22 1 28 142 1 16 1065 2000 59
3136 3552 3547 3557 2759 3574 3570 3441 3537 3571 3572 3541 3318 3575 3576 2905 2139 3420 3573
1163 1 18 9 32 1 3 130 5 2 3 14 104 2 1 805 2000 35 3
3136 3617 3611 3606 3590 3649 3634 3632 3441 3570 3637 3318 2905 3642 2139 3645
1125 45 36 15 39 1 8 6 166 39 7 199 875 5 2000 2
3136 3681 3682 3707 3713 3693 3632 3441 3667 3637 3318 2905 2139 3709 3701
865 53 19 3 13 18 25 117 46 4 50 1135 2000 2 2
3136 3681 3441 3728 3729 3730 3667 3732 3733 3318 3737 2905 2139
1035 7 17 5 8 3 100 19 2 410 1 965 2000
3136 3808 3803 3798 3793 3784 3791 3760 3761 3779 3667 3797 3318 3800 2905 2139 3804 3805 3806 3807
1027 1 17 2 26 3 8 59 65 1 75 1 497 16 973 2000 2 11 1 1
3136 3856 3803 3846 3847 3816 3817 3852 3854 3855 3760 3761 3667 3318 3827 2905 2139 3805 3849
743 1 17 1 3 10 25 1 2 1 171 45 117 409 3 1257 2000 68 2
3136 3888 3803 3894 3761 3899 3883 3901 3760 3889 3667 3318 3863 2905 2139 3900 3805 3902 3871
623 9 28 3 24 1 23 3 207 11 145 276 44 1377 2000 1 137 1 23
3136 3888 3970 3971 3972 3941 3951 3760 3761 3667 3318 3959 2905 2139 3967
595 106 13 2 3 16 5 279 5 123 418 5 1405 2000 16
3136 4016 4017 4010 4013 3982 4015 3760 3761 3667 4014 3318 3959 2905 2139 4019 3967
817 2 1 9 25 36 2 269 46 164 7 653 46 1183 2000 1 13
3136 4048 4091 4086 4072 4014 3760 4082 3667 4084 4085 3318 4087 4088 2905 4090 2139 4092 4083
731 8 3 2 2 30 380 17 122 1 2 609 7 2 1269 1 2000 1 10
3136 4128 4131 4107 4109 3760 3667 4083 3318 2905 2139 4125 4127
794 14 2 91 25 504 14 71 780 1206 2000 19 7
3136 4208 4163 4198 4199 4212 4107 4215 4206 4207 3760 4216 3667 4195 3318 4183 4152 2905 2139 4125 4083
882 3 36 27 1 2 170 3 10 10 475 3 23 45 859 6 9 1118 2000 18 185
3136 4257 4163 4195 4198 4107 4236 4239 3760 3667 4253 3318 4248 2905 4250 2139 4256 4125 4254 4083
521 3 27 247 184 253 1 26 532 121 8 400 39 1479 32 2000 1 121 10 17
3136 4299 4195 4198 4295 4107 4300 4239 3760 3667 4083 3318 2905 4250 2139 4285 4254
395 3 140 373 6 140 1 88 434 8 156 387 1605 3 2000 77 91
4357 4360 4361 4362 4107 4239 3760 4285 3136 4363 4299 3667 2905 2139 4316 4195 4198 4337 4083 4340 4341 3318 4348 4351
2 7 5 4 194 49 524 58 382 2 1 2 1618 2000 1 194 349 10 219 12 30 380 1 4
3136 4400 4195 4389 4198 4401 4393 4107 4364 4239 3760 4384 4402 4083 4381 4341 3318 4376 2905 2139 4285
316 10 201 50 492 4 4 201 22 50 382 9 1 281 26 153 316 23 1684 2000 190
4107 4239 4376 4384 4400 4389 3760 4403 4410 4285 4414 3136 4420 4422 4427 2905 2139 4195 4198 4083 4341 3318
332 22 33 33 15 54 364 26 21 95 16 156 7 1 1 1844 2000 332 320 156 95 156
4107 4376 4384 3760 4389 4400 4403 4410 4285 4414 3136 2905 2139 4195 4198 4455 4456 4458 4465 4466 4083 4341 3318
121 15 95 121 7 9 19 17 17 57 17 1983 2000 121 585 8 20 12 2 7 17 89 17
4384 4515 4414 4518 4198 4519 4456 4107 4499 3760 4520 4403 4195 4341 2905 2139 4516 4510
58 2 13 2 571 1 17 30 1 30 2 138 30 29 2000 2000 2 12
4384 4577 4580 4582 4198 4555 4556 4558 4403 4341 4536 2905 2139 4574 4565
20 12 4 9 375 16 54 28 206 19 12 2000 2000 9 9
4640 4642 4646 4198 4555 4556 4558 4403 4630 4632 2905 2139 4645
4 13 1 411 31 11 41 298 1 14 2000 2000 1
4198 4682 4555 4558 4657 4691 4403 4692 4693 4694 4632 2905 2139 4669
310 36 72 98 40 23 285 2 2 1 23 2000 2000 18
