35 36 37 38 19 29 30 31
5 3 1 2 57 5 2 3
73 43 78 79 19 91 92 93
14 136 10 13 69 15 2 1
160 161 162 105 43 140 19 150 155 157
2 3 2 80 219 6 82 1 3 3
19 164 198 168 201 43 206 207 177 210 179 214 105 216 217 218
22 88 13 104 8 164 6 21 65 4 108 42 34 3 8 2
19 257 164 262 198 243 168 105 43 271 274 179 247
55 29 63 16 9 63 311 23 180 12 3 274 19
19 327 323 326 305 168 329 330 299 332 333 331 43 179 314 316 286
16 2 27 3 4 637 4 2 18 3 2 3 86 277 8 10 31
179 168 43 366 335 369 19 372 373 371 346 316 286
450 485 86 7 51 20 110 2 1 2 29 116 84
386 179 406 168 395 335 19 373 374 407 316 286
12 698 2 688 1 44 143 5 204 2 11 78
179 168 335 19 438 374 443 444
449 581 36 144 22 137 1 1
507 488 487 168 459 462 335 497 179 374 472 463 509 511
4 3 14 386 6 42 29 6 221 15 15 37 4 1
577 578 552 581 487 168 462 463 497 179 559 574
6 6 1 1 44 201 3 38 110 205 42 18
640 644 582 168 585 650 622 497 179 649 603
4 7 55 53 73 3 10 102 78 2 19
672 689 168 685 622 688 497 686 657
42 1 29 19 24 1 85 8 5
672 738 739 708 168 685 622 497 727 696 740
62 2 6 24 61 35 67 72 3 56 3
672 773 806 168 809 810 811 812 622 808 753 787 814 696 815
46 21 2 303 4 3 7 1 7 4 27 11 1 21 1
773 168 843 848 852 823 696 826
38 211 99 43 7 14 42 20
848 773 168 883 843 880 881 887 853 823 890 891
31 137 35 1 25 4 2 5 17 5 1 1
928 929 930 773 843 848 894 901
6 1 2 78 40 7 12 163
944 901 902 843 848 945 946 915 773
3 141 122 179 32 4 1 9 155
964 901 902 970 843 848 977 984 965 987 988 989 773
117 11 324 62 71 40 34 37 3 7 1 3 40
1040 1026 995 964 997 902 999 1033 1034 843 1037 1038 848 1035 1027 984
1 20 35 214 61 445 47 6 4 44 2 1 19 1 1 155
1088 1026 995 964 997 902 1073 843 999 1048 1067 984 1051 1085 1087
1 49 94 249 27 594 19 3 78 27 2 15 36 15 2
1120 1026 995 964 997 902 1073 1107 1108 1048 984 1112 1051 1119
2 18 52 193 113 446 42 27 49 46 190 8 3 7
1153 1026 995 964 902 1126 1159 1161 1073 1107 1108 1048 984 1112 1142 997
14 107 142 167 379 32 16 1 167 17 55 44 153 32 16 10
1026 902 1159 1112 1048 1184 1186 1187 1190 1191 1194 1196 1197 1198 1200 1201 964 1107 984 995 1073 1142
69 253 39 15 15 49 15 34 34 10 1 1 1 4 1 4 134 15 11 1 74 39
1184 1216 1026 964 902 1190 1231 1073 1107 1247
113 2 125 64 81 125 1 23 62 3
1184 1026 1190 1107 1240 1242 1243
14 14 126 1 4 10 2
1312 1280 1315 1190 1318 1313 1321 1322 1319 1324 1283 1303 1240 1323 1278
31 28 15 8 3 4 4 2 2 1 18 15 71 1 84
1325 1278 1334 1240 1338 1340 1342 1343
23 277 11 2 3 3 5 3
1409 1348 1385 1386 1355 1325 1405 1393 1395 1400 1369 1338 1403 1404 1402 1278 1407
1 13 5 17 8 3 3 8 1 6 7 26 1 2 3 573 6
1441 1410 1443 1355 1421 1423 1432 1278 1400 1442 1436 1437 1438 1429
1 47 1 48 3 40 8 425 22 6 3 2 15 3
1473 1410 1461 1278 1497
11 65 39 279 5
1410 1542 1545 1546 1549 1550 1551 1552 1553 1522 1461 1527 1278
220 21 9 5 5 5 3 2 1 2 16 7 164
1584 1571 1583 1552 1586 1587 1588 1278
1 3 2 22 10 9 2 585
1640 1589 1278 1615
4 7 722 12
1292 1286 1278 1293
3 16 972 3
1344 1324 1329 1342 1332 1278 1339 1340 1310
7 21 27 3 12 933 2 8 42
1380 1382 1354 1388 1393 1394 1278 1340 1310
28 1 74 10 4 2 825 74 112
1442 1443 1444 1445 1414 1447 1448 1417 1354 1388 1427 1278 1449 1403 1340 1310 1397
1 4 3 1 91 3 1 15 13 3 19 961 1 40 13 71 7
1414 1492 1278 1465 1403 1310 1493
113 9 873 12 47 80 1
1540 1541 1414 1543 1545 1546 1525 1278 1310 1509
4 13 35 8 1 1 2 1303 116 46
1602 1571 1604 1509 1578 1278 1603 1557 1591 1561 1594 1310
14 6 1 160 36 1343 3 39 14 31 2 94
1509 1578 1616 1649 1650 1652 1278 1654 1561 1594 1660 1662 1310 1557
290 153 4 7 3 4 1363 3 90 128 1 1 136 35
1696 1698 1699 1509 1702 1703 1578 1679 1310 1557 1694 1561 1594 1690 1278 1701
5 2 6 424 1 2 101 71 74 56 15 69 60 6 1163 2
1762 1699 1764 1509 1578 1679 1278 1557 1751 1561 1594 1310 1765
4 15 4 434 35 79 1261 143 8 34 11 251 2
1835 1828 1509 1836 1578 1771 1557 1679 1779 1278 1815 1561 1310 1823
1 3 239 2 63 50 204 106 60 1385 8 57 110 21
1891 1509 1895 1865 1771 1679 1278 1779 1557 1815 1561 1852 1310 1893
5 148 1 31 13 38 1281 153 464 2 28 1 53 2
1865 1901 1934 1935 1936 1944 1906 1779 1557 1938 1939 1278
55 116 10 37 6 2 104 377 667 16 4 1226
1985 1986 1988 1958 1950 1982 1865 1901 1934 1935 1906 1779 1557 1979 1278 1983
6 2 2 3 22 1 22 127 41 12 159 330 704 21 1236 2
2048 2021 1901 2032 1906 1779 1557 2040 1979 2045 1278 2015
1 42 106 7 280 197 679 5 56 8 1321 44
2099 2098 1901 2094 2065 1906 1779 1557 2071 2074 1979 1278 2015
2 3 192 17 13 135 266 494 61 15 3 1506 38
2123 1901 2161 2162 1779 2164 1557 2166 2071 2139 2140 1906 1278
6 242 3 9 228 2 391 1 39 14 30 47 1609
2195 2186 2187 1901 1906 1779 2196 1557 2071 2201 2202 2203 2204 2205 1278 2207
4 11 11 46 126 167 13 203 125 4 11 10 4 2 1797 1
2248 2249 2218 2221 2254 1901 1906 1779 2196 1557 2071 2253 1278
14 51 1 40 2 40 134 108 43 81 108 4 1919
2258 1901 2221 1906 1779 1557 2071 2266 2255 1278
17 24 24 66 127 32 127 17 12 1968
2291 2279 2290 2282 1901 2221 1906 1779 1557 2071 2287 1278
1 4 7 2 114 114 66 143 174 143 9 1826
2308 2310 2221 1901 1906 2291 1557 2287 1278
136 1 76 76 224 39 523 7 1477
2337 2308 2343 2355 2354 2348 1901 2221 2352 1906 2291 1557 2349 1278
11 108 17 1 1 31 138 138 3 35 50 378 1 1622
2308 2390 2221 1901 1906 2291 1557 2358 2391 1278
35 5 223 223 23 27 109 156 2 1891
2465 2308 2472 2473 2451 2221 1901 1906 2291 1557 2358 2477 2476 1278 2463
16 62 10 2 7 136 136 41 11 61 282 1 2 1939 3
2518 2486 1901 2479 2221 1906 2516 1557 2358 2519 2520 2521 2509 2522 1278
9 2 28 129 28 86 5 248 343 3 5 1 15 1 1752
2533 2550 2539 2479 1906 1557 2358 2551 2553 2557 2556 2525 1278
117 4 11 118 93 14 516 6 5 2 11 5 1986
2592 2561 2594 2533 2593 2539 2581 2573 2479 1906 1557 2358 2586 1278 2591
1 79 1 468 6 12 8 8 51 66 29 288 7 1971 6
2561 2596 2533 2603 2637 2638 2479 2640 2641 1906 2611 2642 2358 2615 2621 1278
38 20 490 61 26 7 190 4 5 201 41 2 416 112 43 2000
2561 2660 2533 2662 2665 2666 2603 2479 1906 2358 2615 2653 2652 2621 1278 2661
64 5 490 2 3 3 64 282 276 176 282 1 16 11 2000 5
2722 2533 2726 2727 2603 2479 1906 2718 2358 2615 2652 1278 2719
9 423 5 2 1 508 74 4 124 508 47 2000 9
2533 2760 2764 2479 2768 2769 1906 2615 2767 2747 2748 2749 1278 2757
268 21 5 712 6 1 48 712 1 70 23 43 2000 9
2817 2818 2813 2533 2811 2615 2797 2479 2768 1906 2819 2814 2775 2778 2747 2749 1278
1 1 25 82 2 867 71 867 46 8 1 8 22 77 53 152 2000
2880 2881 2797 2533 2855 2829 2479 2868 2615 2872 2747 2877 2813 1278
3 2 126 31 9 80 683 8 683 10 4 3 43 2000
2912 2829 2533 2921 2615 2925 2479 2935 2932 2889 2938 2940 2941 1278
33 1 8 12 829 7 829 1 3 27 3 1 3 2000
2912 2921 2615 2889 2479 2960 2967 2969 2970 2971 2973 1278
75 58 948 57 948 42 9 1 5 9 1 2000
2912 2977 3013 2889 2479 3027 2615 3032 2969 2970 1278 3039
241 52 5 4 1060 29 1060 26 84 2 2000 1
2912 2977 3078 3055 3080 3049 3050 3053 2479 3027 3081 3070 2615 3032 2969 3067 3036 1278 3071
470 255 1 32 3 7 54 7 751 255 1 8 751 65 35 12 169 2000 3
2912 2977 3106 3099 3109 3111 3112 3100 3050 2479 3088 3027 2615 3032 2969 3055 3036 1278
613 397 5 13 1 9 2 25 49 792 23 397 792 185 77 297 212 2000
2912 2977 3140 3143 3144 3145 3050 3115 3149 3150 3055 3112 3123 3125 3151 2615 3032 3027 2479 3036 1278
385 264 8 21 12 7 43 64 4 5 297 13 121 13 1 545 126 264 545 138 2000
2912 2977 3170 3195 3172 3187 3175 3123 3115 3180 2479 3179 3196 3027 2615 3032 3161 3194 3055 3036 1278
776 674 9 4 12 10 12 87 15 31 804 1 8 674 804 379 74 1 140 295 2000
3210 3216 3217 2479 2977 3239 3241 3247 3248 3123 3253 3254 2615 3258 3259 3255 3027 3032 3161 3036 2912 3180 3055 1278
41 49 12 1083 817 16 2 29 8 47 6 6 1083 1 1 2 817 255 40 562 850 29 330 2000
3210 3216 3032 2479 2977 3239 3292 3247 2615 3257 3265 3267 3278 3027 3284 3286 3288 3161 3290 3036 3293 3294 2912 3180 3055 1278
32 61 302 1397 1175 89 1 45 1397 14 87 102 25 1175 3 6 4 29 2 873 4 1 1199 24 244 2000
2912 2977 3267 3333 3239 3265 3335 3329 3247 3278 2479 3216 3027 3341 3342 2615 3032 3161 3055 3036 1278
1028 1028 156 11 99 140 8 21 33 69 1185 162 1028 2 2 1185 381 446 309 647 2000
3333 3265 3216 3354 2977 3239 3368 2479 3382 2615 3384 3390 3393 3267 3278 3027 3032 3161 3036 2912 3055 1278
75 59 366 275 734 23 6 890 7 890 6 4 1 63 59 734 200 321 534 734 696 2000
2912 2977 3426 3267 3333 3265 3402 3425 2479 3216 3027 3412 3422 3414 2615 3032 3161 3354 3055 3036 1278
919 919 1 92 69 123 249 1 1202 196 919 14 4 5 1202 69 384 157 399 850 2000
3458 3333 3465 3466 3469 3471 3216 3354 2977 2479 2615 3265 3267 3402 3027 3032 3161 3036 2912 3425 3055 1278
5 110 54 1 2 3 77 77 799 1048 1048 52 186 636 799 110 750 689 799 20 128 2000
3333 3465 3216 3476 3481 3354 3485 3487 3488 2977 3490 2479 2615 3265 3267 3489 3402 3027 3032 3161 3036 2912 3425 3055 1278 3482
88 127 284 11 5 284 3 2 3 702 2 783 783 62 59 1 767 702 88 912 614 702 195 284 2000 12
3333 3465 3216 3354 2977 3502 2479 3508 2615 3265 3524 3526 3402 3531 3027 3032 3161 3036 2912 3425 3055 1278
18 147 261 261 753 64 891 15 891 83 6 1 676 3 753 18 848 735 753 204 261 2000
3333 3465 3216 3354 2977 3502 2479 3508 2615 3265 3402 3027 3032 3161 3036 2912 3425 3559 3566 3055 3572 3579 3581 1278
104 176 361 361 498 61 832 38 832 151 797 498 104 807 394 498 161 9 2 361 27 5 9 2000
3333 3465 3216 3354 2977 3625 3502 2479 3636 2615 3646 3265 3402 3027 3032 3161 3036 2912 3425 3055 3581 1278
232 103 272 272 436 28 24 641 25 641 2 25 1087 436 232 1087 204 436 78 272 18 2000
3333 3465 3216 3354 2977 3625 2479 2615 3265 3657 3402 3027 3032 3161 3675 3036 3679 2912 3683 3691 3694 3055 3581 1278
246 136 513 513 331 46 447 447 3 11 1040 331 246 1040 6 85 24 331 4 3 2 513 129 2000
3333 3465 3216 3730 3738 3354 2977 3746 3753 3757 2479 2615 3402 3027 3032 3161 3036 2912 3683 3055 3696 3581 1278
237 118 386 71 18 386 243 20 11 2 322 322 1292 243 237 1292 6 243 5 386 12 23 2000
3333 3465 3216 3730 3738 3354 2977 3756 2479 3760 3763 2615 3772 3402 3777 3779 3785 3786 3787 3788 3789 3790 3791 3027 3032 3161 2912 3055 1278
168 78 405 238 63 405 168 116 177 5 2 177 9 1418 15 17 4 4 8 1 1 3 4 168 168 1418 168 405 2000
3824 3812 3818 3402 3756 3055 3216 3730 3830 3833 3161 3354 3738 1278
4 1 5 1560 126 440 440 179 2 2 1560 440 64 2000
3402 3851 3756 3055 3216 3730 3861 3862 3832 3161 3354 3855 3738 1278
1320 3 128 680 680 135 2 2 15 1320 680 3 8 2000
3904 3908 3910 3916 3402 3915 3756 3917 3918 3055 3216 3730 3832 3161 3354 3919 3914 1278
14 19 8 1 1187 2 42 1 1 813 813 42 73 1187 813 1 11 2000
3904 3970 3944 3402 3756 3950 3055 3216 3730 3161 3354 3965 1278
18 2 24 1175 66 3 825 825 66 1175 825 6 2000
4032 4006 4030 3402 4013 3982 3055 3216 4019 4021 4022 4023 3161 3354 4026 1278 3989
1 9 2 1456 9 19 544 544 11 25 5 4 1456 544 4 2000 39
4070 4071 3402 3982 3055 3216 4049 3989 4055 3161 3354 4058 1278
8 1 1559 182 441 441 2 13 3 1559 441 14 2000
4129 4130 3402 3982 3055 3216 4110 4118 4126 3161 3354 4125 1278
7 12 1592 280 408 408 10 15 2 1592 408 13 2000
4160 4130 4171 4169 3402 4173 4125 4141 3982 3055 3216 4177 4178 4175 4172 4151 3161 4154 4143 3354 1278
7 105 5 18 1623 5 112 31 465 377 377 1 1 5 3 23 1623 8 11 377 2000
4208 4194 4200 4169 3402 4125 3982 3055 3216 3161 3354 4154 1278
5 18 10 12 1837 41 342 163 163 1837 163 123 2000
4232 3402 4254 3982 3055 3216 4241 4242 4253 4221 4248 3161 4154 4251 4252 3354 1278
50 1895 1 495 105 105 31 26 5 16 8 1895 172 7 3 105 2000
