4 38 40 44 11 12 46 47 48 22 36
21 7 31 4 15 12 11 2 2 21 19
65 4 100 97 47 22 88 36
54 28 4 6 28 28 18 36
147 65 4 134 140 138 108 47 146 115 149 22 36
2 87 60 3 2 32 153 60 9 21 1 60 20
65 163 4 167 108 47 179 180 22 183 184 36 185
21 79 401 20 199 401 1 9 401 14 9 74 3
227 4 229 230 231 232 233 108 47 22 185 36 221
5 732 1 1 2 1 1 204 732 732 17 52 26
288 289 258 4 22 267 108 47 278 280 185 287
1 2 62 811 811 2 317 811 1 5 87 10
320 321 258 4 310 295 108 47 305 22 312 185 316 319
2 1 28 630 15 54 294 630 16 630 11 336 4 3
354 4 295 360 361 362 108 47 22 185
8 307 43 2 2 1 103 307 307 764
416 418 4 424 428 394 427 108 47 432 22 420 185 431 412 415
10 4 194 1 17 32 3 65 194 1 194 8 713 1 14 9
416 449 450 451 4 108 428 47 435 22 441 185
4 2 5 7 182 19 42 182 19 182 9 686
4 47 463 22 504 185 475
23 23 48 23 5 775 17
515 520 557 463 531 569 185 570 571
121 12 7 33 3 3 626 2 2
515 582 617 620 629 631 185 634
98 44 7 2 9 2 674 5
515 582 695 185 700 701 671
123 16 11 578 1 1 31
737 515 745 746 754 750 749 722 723 759 728 185 671
1 98 7 4 9 39 9 83 107 2 37 626 36
515 808 749 814 815 816 817 722 723 185
87 9 29 9 5 2 1 9 71 648
749 723 855 185 862 863
177 81 9 609 16 2
906 907 749 912 913 914 723 855 185
7 1 233 5 1 1 53 1 410
906 749 946 723 950 953 952 185 954 955
156 280 17 41 5 1 1 592 3 1
964 906 749 985 185 986 987 958
174 121 325 17 605 1 6 34
964 1031 1032 1033 906 1035 749 185 1034 1022 1023
323 7 3 1 173 2 608 397 1 12 2
1107 964 906 1068 749 1106 1043 185 1083 1022 1087
1 590 101 1 439 8 52 285 20 13 29
1120 964 1126 906 749 1170 1043 1175 1176 185 1087
17 544 11 298 386 9 298 3 2 220 187
1120 1217 1218 964 906 749 1043 185 1087
79 4 5 752 385 60 385 167 124
1121 1139 964 1157 1158 1159 906 749 1136 1043 1141 185 1151 1087
8 5 606 6 3 4 510 4 5 510 11 116 5 152
964 906 1175 1169 1043 1171 185 1176 1177 1178 1180 1087
682 297 4 22 297 6 197 11 9 6 2 313
1189 1187 964 1203 1222 1193 906 1043 1176 185 1178 1087
2 165 739 59 5 10 168 168 99 161 24 314
1248 1187 964 906 1228 1233 1043 1176 185 1243 1246 1087
1 355 597 175 41 18 175 176 275 2 4 436
1248 1313 1314 1187 964 1315 906 1259 1228 1262 1297 1043 1176 185 1291 1306 1087
30 11 2 603 609 1 58 45 52 18 8 58 287 444 25 6 603
1248 1187 964 1322 1291 1336 1330 1332 1334 1337 1176 185 1087
20 861 407 77 53 2 27 11 3 1 170 379 861
1378 1187 964 1322 1291 1330 1176 185 1341 1087
3 976 451 27 31 123 427 258 21 976
1410 1187 964 1330 1411 1401 1176 185 1404 1341 1087
1 1014 373 301 1 30 251 406 7 65 1014
1187 964 1426 1458 1456 1330 1459 1460 1461 1176 185 1341 1087
1499 126 16 7 9 306 1 7 1 126 212 15 1499
1187 964 1509 1521 1532 1514 1522 1496 1330 1526 1176 1508 1500 1533 1087
1832 168 16 1 7 12 2 21 357 3 168 12 1 3 1832
1187 964 1330 1558 1559 1176 1087
1850 150 291 22 33 150 1850
1187 964 1576 1580 1581 1330 1587 1176 1604 1596 1087
1864 136 2 9 38 325 2 136 7 7 1864
1632 1633 1634 1187 1581 1330 1629 1630 1087
1 1 4 2000 26 506 7 1 2000
1330 1187 1581 1582 1087
836 2000 48 1 2000
1187 1611 1581 1582 1330 1621 1623 1627 1597 1087
2000 2 143 70 1035 10 2 5 86 2000
1187 1668 1670 1671 1674 1676 1581 1582 1330 1646 1597 1087
2000 8 8 6 1 1 19 61 1079 113 114 2000
1187 1701 1670 1704 1705 1687 1678 1597 1713 1330 1646 1719 1722 1582 1693 1726 1087
2000 3 29 10 59 7 58 109 1 1281 240 8 8 176 22 1 2000
1779 1761 1187 1768 1705 1770 1771 1773 1646 1775 1777 1330 1731 1582 1763 1597 1758 1087
1 22 2000 3 287 2 9 5 87 2 2 1522 17 63 3 124 8 2000
1187 1796 1705 1771 1582 1821 1330 1811 1813 1646 1819 1820 1597 1087
2000 34 297 97 65 1 1549 2 1 79 1 3 268 2000
1187 1796 1832 1705 1771 1330 1844 1847 1848 1849 1850 1597 1087
2000 42 11 545 75 1817 4 2 1 2 3 171 2000
1887 1187 1705 1771 1870 1853 1330 1876 1877 1849 1881 1883 1884 1597 1087
2 2000 562 34 46 16 1828 10 11 127 21 10 3 172 2000
1920 1921 1187 1926 1927 1928 1705 1899 1870 1904 1919 1330 1881 1849 1883 1597 1918 1087
15 6 2000 3 6 1 490 13 165 53 24 1837 55 81 174 163 14 2000
1187 1705 1899 1947 1979 1870 1904 1330 1975 1849 1978 1883 1948 1597 1980 1087
2000 658 197 109 2 125 8 1929 11 118 3 67 66 71 1 2000
1187 1705 1899 2028 2029 1870 2013 1330 2003 2030 1849 1947 1948 1597 1087
2000 1071 571 7 1 102 5 1885 30 2 82 22 117 115 2000
2051 2050 1187 2052 2053 2054 1705 1899 1870 2031 1330 2003 2038 1849 1948 1597 1087
1 7 2000 2 8 2 1206 447 15 105 1913 85 44 109 112 87 2000
1187 2054 2076 1705 1899 2062 2031 2075 1330 2083 2068 2070 2074 2079 1948 1597 1087
2000 13 7 1216 585 5 391 3 1961 2 2 14 5 3 36 39 2000
1187 2123 1705 2122 1899 2124 2031 1330 2083 2070 2107 1597 1087
2000 3 1271 9 494 1 435 1958 11 166 42 42 2000
2178 1187 2194 2123 1705 1899 2188 2157 2190 2153 2189 2161 1330 2195 2070 2167 2137 2175 2031 1597 1087
3 2000 1 1 605 95 3 37 6 22 2 11 1921 1 519 14 119 4 158 79 2000
2210 1187 2212 2198 1705 1899 2157 2031 1330 2070 2153 2137 2204 1597 1087
2 2000 2 48 430 45 93 207 1970 402 24 161 16 30 2000
2233 1187 2198 1705 2157 2031 1330 2070 2231 2232 2137 2223 2230 1087
1 2000 109 368 82 36 2000 319 8 5 210 2 2 2000
2070 2198 2137 1187 1705 1330 1087 2241 2242 2253 2265 2267 2268 2274 2277 2282 2283 2157 2286 2031 2289 2291
52 14 38 2000 284 2000 2000 118 31 9 31 22 38 1 19 23 96 186 15 21 12 4
2241 2242 1187 2340 2198 2342 2311 1705 2283 2157 2286 2320 1330 2070 2265 2338 2335 1087
169 56 2000 3 27 1 5 252 136 159 18 4 2000 27 56 1 5 2000
2241 2242 1187 2372 1705 2283 2157 2286 1330 2359 2265 2362 2395 2396 2393 1087
182 23 2000 30 259 129 86 81 2000 51 23 8 1 8 1 2000
2241 2242 1187 2372 2433 1705 2283 2413 2286 1330 2265 2427 2428 2430 1087
202 31 2000 32 2 91 62 44 29 2000 31 4 21 13 2000
2241 2242 1187 2469 2471 2413 2286 2481 1330 2451 2484 2485 2265 2457 1087
145 23 2000 8 17 12 84 9 2000 4 10 3 23 18 2000
2496 2241 1187 2471 2538 2413 2286 2543 2545 1330 2518 2524 2526 1087
66 67 2000 54 20 95 2 2 2 2000 40 2 6 2000
2592 2241 1187 2471 2599 2572 2413 1330 2581 1087
2 22 2000 136 1 38 129 2000 15 2000
2241 1187 2629 2471 2413 1330 2644 2645 2614 2648 2650 1087
61 2000 5 186 130 2000 5 1 23 1 1 2000
2688 2241 1187 2694 2471 2697 2698 2695 2413 2669 1330 2679 1087
8 146 2000 2 93 4 1 2 135 23 2000 5 2000
2241 1187 2731 2732 2413 2734 2736 2737 1330 2739 2708 2738 1087
108 2000 2 2 13 2 5 1 2000 1 16 1 2000
2241 1187 2753 2761 2734 2768 1330 2773 2776 1087
53 2000 21 2 9 10 2000 3 4 2000
2241 1187 2791 2839 2831 1330 2835 2838 2807 2840 2841 1087
133 2000 47 1 11 2000 11 1 17 8 3 2000
2241 2850 1187 2791 2888 2892 2891 2887 2860 2882 1330 2879 2877 1087
87 61 2000 64 11 1 3 9 89 18 2000 1 46 2000
2241 2882 1187 2887 2922 2860 2850 2926 2941 1330 2936 2943 2877 1087
49 58 2000 129 20 211 30 13 9 2000 50 4 10 2000
2976 2241 2882 1187 2949 2950 2951 2887 2860 2850 2989 2993 1330 2979 2999 3002 2975 2877 2978 1087
45 57 21 2000 56 2 61 73 16 110 3 2 2000 11 1 5 2 68 32 2000
2949 2976 2850 1187 1330 1087 3008 2241 2882 3012 3014 2887 3017 3019 2978 3032 3036 3038 3041 3042 3043 3045 3046 3047
32 23 164 2000 2000 2000 11 171 318 1 6 77 3 12 54 2 3 1 6 3 7 3 1 1
2976 2241 2882 1187 3076 2949 3071 3080 3081 2850 2887 3084 2978 3054 3087 1330 3045 1087
34 116 271 2000 29 117 7 13 2 138 9 2 143 48 4 2000 16 2000
2241 2882 1187 3154 2949 3142 3113 3045 3148 2850 3054 3149 3153 1330 3141 1087 2978 3071
55 208 2000 1 404 9 12 96 3 131 12 6 4 2000 14 2000 82 96
2850 3200 2978 1187 3045 3202 3201 1087 3167 2882 1330 3195 2241 3113 3071 3196 3170 3198 2949
10 13 353 2000 172 1 3 2000 101 243 2000 6 1 35 18 1 8 2 479
3233 2978 1187 3236 3045 3218 3234 3113 2882 3224 1330 2949 3071 3228 3230 1087
2 171 2000 1 191 30 1 65 258 8 2000 427 211 13 2 2000
3264 3045 2882 1187 2949 3218 3240 3113 3242 3266 2978 1330 3235 3252 3224 3257 3263 1087 3260 3071
5 59 260 2000 633 20 15 16 55 11 154 2000 22 8 191 9 4 2000 6 414
3264 3302 2978 1187 2949 3218 3303 3304 3113 3242 2882 1330 3045 3224 1087 3071
52 9 299 2000 1043 86 1 7 105 114 139 2000 105 40 2000 221
3264 2978 1187 2949 3242 3218 3327 1330 3353 3352 3321 3354 1087 2882 3071
49 580 2000 1007 49 95 13 2000 20 4 6 1 2000 114 112
3393 2978 1187 2949 3361 3218 3374 2882 3376 1330 3395 3382 3353 3387 3071 3388 1087
3 819 2000 946 5 188 27 9 8 2000 1 11 106 13 211 4 2000
3425 2978 1187 3396 2949 3431 3432 3433 3434 3436 3218 3376 1330 3387 3426 1087 3420 3418 3423 3071
5 564 2000 59 1173 1 2 2 2 2 57 6 2000 72 10 2000 20 2 14 257
2978 1187 2949 3433 3436 3218 1330 3476 3477 3481 3480 3387 3482 1087 3483 3071
580 2000 1112 4 39 74 2000 1 8 11 4 99 2 2000 2 308
2978 1187 2949 3071 3496 3509 3530 3436 3528 1330 3477 3514 3387 1087
297 2000 1537 166 43 12 2 48 2 2000 79 12 301 2000
3584 2978 1187 2949 3071 3496 3436 3567 1330 3477 3583 3514 3387 3581 1087
4 212 2000 1711 77 48 48 19 2000 215 14 59 365 1 2000
3605 2978 1187 2949 3496 3626 3436 3621 1330 3635 3477 3638 3640 3387 3514 3071 1087
24 357 2000 1485 158 25 158 12 2000 2 58 1 2 278 24 158 2000
3605 2978 1187 2949 3496 3626 3638 3436 3666 3669 3664 1330 3668 3477 3670 3671 3672 3387 3514 3071 1087
6 188 2000 1633 179 23 35 179 5 3 36 2000 19 123 6 3 2 286 6 179 2000
3664 2978 1187 2949 3686 3071 3496 3626 3436 3725 3718 3727 3696 1330 3387 3722 1087
8 177 2000 1753 72 70 70 29 70 3 2 3 54 2000 119 4 2000
2978 1187 3739 2949 3686 3071 3496 3626 3783 3436 1330 3792 3794 3795 3787 3387 1087
189 2000 17 1800 42 11 11 11 21 11 2000 3 6 1 12 37 2000
3840 2978 1187 2949 3846 3496 3626 3436 1330 3845 3799 3071 1087
21 320 2000 1644 2 36 36 36 2000 3 141 36 2000
3872 2978 1187 3876 2949 3878 3880 1330 3875 3861 3799 3865 3868 3870 1087
1 470 2000 1 1530 5 2 2000 7 26 114 60 30 7 2000
3936 2978 1187 2949 3912 3914 3890 1330 3909 3799 3928 3865 3898 3931 3932 3934 1087
4 326 2000 1674 56 18 27 2000 2 42 7 179 2 2 4 3 2000
4000 4001 2978 1187 2949 3912 3890 3970 3984 1330 3991 3989 3799 3865 3967 4002 3997 1087
1 1 414 2000 1586 229 25 28 4 2000 13 14 49 73 44 1 5 2000
4032 4033 2978 1187 4034 2949 3912 4011 4027 4017 1330 4003 3865 4026 4031 4028 1087
2 6 454 2000 1 1546 179 3 5 28 2000 66 61 9 8 2 2000
4064 2978 4003 2949 4063 3912 1330 1187 4053 3865 4058 4059 4060 4062 1087
2 598 98 1402 1 115 2000 2000 30 22 2 9 14 2 2000
4082 2978 1187 2949 4134 4135 3912 4106 4114 4117 1330 4131 4130 4053 4119 4059 4060 1087
19 314 2000 1686 5 1 101 11 4 17 2000 2 1 34 23 6 44 2000
4128 2978 1187 2949 3912 4124 4130 1330 4117 4053 4127 4060 4126 1087
2 265 2000 1735 140 6 7 2000 55 115 5 43 11 2000
4160 2978 1187 4154 2949 3912 1330 4131 4117 4150 4151 4152 4153 4053 4157 4158 1087
2 175 2000 1 1825 33 2000 26 38 4 2 1 2 31 1 1 2000
2978 1187 2949 3912 4203 4205 4206 4200 1330 4053 4117 4188 1087
152 2000 1848 43 5 13 1 3 2000 24 21 13 2000
4224 2978 1187 2949 3912 4241 1330 4211 4244 4245 4246 4251 1087
15 96 2000 1904 36 24 2000 30 1 19 10 1 2000
4257 2978 1187 2949 1330 4277 4279 4280 4282 4284 4286 1087
176 301 2000 1699 2000 18 12 1 12 5 8 2000
4321 2978 1187 2949 4326 4333 1330 4339 4340 4277 4279 1087
5 646 2000 1354 23 5 2000 3 2 34 19 2000
