38 43 45 14 48 50 24
13 1 4 27 2 3 19
64 65 49 41 43 24 50 56 27 60
9 7 9 8 14 14 7 14 20 14
68 74 108 114 113 50 116
44 64 2 2 15 49 2
161 68 168 113 50 152 155 124
7 21 11 141 53 2 21 9
161 195 228 230 209 200 233 177 212 214 215 232 223
19 36 21 8 11 20 1 62 20 53 14 4 13
256 161 261 264 233 268 270 271 272 177 212 214 223
28 55 10 1 20 1 8 3 4 42 133 23 29
256 161 297 270 312 315
14 92 38 12 12 9
353 386 387 385 328 297 336 338 374 378 315 380 383
7 1 1 1 47 2 131 10 18 1 1 4 3
421 422 423 328 429 430 431 336 414 415
5 7 20 28 3 18 5 71 37 23
492 336 497 435 500 472 505 443 414
10 168 16 81 6 9 1 77 29
518 524 336 435 532 533 534 536 443
95 15 33 186 1 1 1 1 7
518 554 556 336 435 564
37 21 25 19 344 1
610 586 556 622 623 625 435 633 634 604 637 638
77 2 71 27 57 29 362 3 3 2 1 1
672 673 647 650 623 435 666 668
6 4 36 45 152 151 6 11
704 708 709 710 647 650 435 696 697 701
3 4 2 2 8 194 152 11 21 11
650 715 750 751 435 756 757 697
332 38 2 1 375 1 1 101
772 806 650 715 812 825 818 435 788 823 824 804 767
38 4 177 57 40 3 21 395 11 3 3 48 1
843 804 842 715 818 435 825 828 650
2 48 208 48 146 734 9 27 223
865 932 933 934 842 818 435 884 918 857 916 650
17 4 1 1 337 28 1072 12 13 45 4 37
978 842 973 974 975 970 818 435 884 918 857 956 650 979
1 271 4 9 3 1 26 1136 84 35 306 5 68 1
955 842 943 945 818 435 884 857 948 956 957 958
5 322 5 4 163 1434 99 269 13 5 5 10
1010 993 842 1005 1008 1009 818 435 884 857 988 1011
2 22 372 14 6 2 359 1520 18 455 8 1
1056 1031 842 1037 818 435 1046 1048 857 1034 1022 1055
1 18 195 6 516 1285 10 16 600 6 2 14
1088 1115 1031 842 818 435 1111 857 1082 1087 1116 1117 1055
58 4 9 250 332 1008 7 702 22 7 1 1 37
1120 1185 842 1184 818 435 1162 857 1179 1181 1055
118 1 384 2 103 1057 1 763 2 2 154
1120 842 1196 818 435 1205 857 1226 1055
158 253 40 214 975 1 743 3 185
1216 1120 1228 842 1196 1229 1230 818 435 1225 857 1213 1055
21 63 4 88 137 2 1 14 603 4 1058 17 106
1120 1277 1250 1225 842 1273 1263 435 1271 1272 857 1274 1275 1276 1213 1055
70 1 11 14 70 5 5 366 4 11 966 2 3 2 39 22
1120 1250 1318 1317 1286 1319 1321 842 1291 1314 1294 435 1271 857 1213
5 85 5 5 29 1 3 5 18 16 27 522 96 595 50
1383 1353 1291 1356 1389 1392 1329 1394 435 1396 1366 1271 857 1213 1388
4 63 74 21 6 5 37 5 615 2 8 77 559 165 8
1408 1456 1442 1457 1418 1291 1356 1459 1455 1392 1329 435 1460 1461 1271 857 1213
28 16 7 3 6 28 82 1 1 83 260 430 3 2 28 559 165
1504 1456 1505 1481 1356 1392 1329 435 1502 1497 857 1213 1470 1503
1 51 1 24 200 225 122 511 10 4 395 399 166 7
1505 1506 1509 1510 1481 1356 1392 1329 435 857 1500 1213 1470 1503
4 3 1 1 211 210 249 132 292 893 1 391 153 2
1521 1506 1540 1511 1481 1356 1550 1392 1329 1554 435 1553 1552 1529 857 1213 1470
38 2 6 81 85 293 21 85 125 2 453 7 3 8 1016 85 279
1584 1511 1356 1552 1329 435 1588 1589 1529 857 1470
5 25 279 202 4 561 12 3 41 1210 63
1602 1511 1644 1356 1645 1552 1618 435 1529 857 1627 1470
62 17 3 194 2 180 20 435 170 1423 13 129
1697 1700 1701 1705 1719 1356 1721 1552 435 1715 1718 1529 1720 857 1627 1693 1470
6 24 3 2 1 184 1 140 342 4 1 158 4 1440 50 1 218
1697 1731 1729 1736 1721 1735 1356 1552 435 1716 1718 1529 857 1627 1724 1470
12 4 13 1 9 4 325 286 623 13 3 192 1229 1 8 148
1729 1733 1734 1356 1552 1750 435 1716 1758 1747 1529 857 1723 1470
39 18 15 240 102 10 342 27 3 3 200 1374 20 284
1762 1356 1552 1777 435 1781 1529 857 1787 1470 1749
8 234 36 6 270 3 454 1587 1 143 15
1830 1356 435 1529 857 1819 1470
3 227 227 505 1633 11 140
1890 1892 1893 1895 1896 1356 435 1529 857 1470
5 2 3 3 1 85 85 953 1886 29
1952 1953 1950 1905 1356 1932 1934 1904 1937 1938 435 1908 1941 1529 857 1946 1947 1949 1470
3 2 4 57 5 11 3 1 25 1 5 17 6 978 1881 4 6 8 114
1953 1986 1987 1356 1999 435 1941 1529 857 2010 1470
26 8 4 69 13 69 26 1100 1817 1 114
1953 2057 1470 2060 2061 1999 1941 1529 857 2031 2046
183 17 73 1 1 26 183 1042 1927 48 18
1953 2073 2086 2087 2088 2057 2068 1941 1529 857 1470
155 23 6 13 2 60 42 155 1180 1868 132
1953 2147 2117 2086 2164 2057 2141 2161 2162 2068 1941 2153 1529 857 2108 2109 1470
59 5 22 23 5 102 15 1 2 22 59 8 1169 1791 47 41 209
1953 2228 2216 2057 2219 2229 2224 2226 2196 1941 2230 1529 2201 857 2108 2231 1470 2207
166 3 5 54 1 1 5 1 22 166 1 977 50 1831 166 3 169 11
2272 1953 2275 2276 2277 2273 2057 2251 2252 2254 2270 2196 1941 1529 2201 857 2235 2108 1470
25 89 7 1 1 4 22 20 29 9 1 22 89 1299 118 1974 142 89 26
1953 2275 2341 2337 2344 2057 2252 2254 2339 2196 1941 1529 2201 857 2235 2108 1470
21 81 5 4 2 32 55 1 5 32 21 1556 68 1947 261 21 53
1953 2339 2356 2379 2384 2275 2388 1941 2390 1529 2201 857 2235 2108 1470
3 86 10 3 1 2 4 3 10 1351 1 1864 261 3 136
2432 2339 2405 2437 2447 2448 2403 1529 857 2235 2428 1470 2431
4 44 14 4 8 3 43 1586 1957 253 10 43 5
2403 2472 2473 2487 2478 2481 2482 2485 1529 857 2235 2462
35 19 8 1 2 3 1 1 1766 2000 254 4
2528 2521 2503 2517 2518 1529 857 2522 2235 2524 2525
1 2 5 2 1 1714 2000 5 219 21 5
2553 2534 2546 2547 1529 2552 857 2554 2235 2524 2525
2 9 9 2 1666 3 2000 2 263 37 8
2557 2582 1529 857 2586 2235 2524 2525
54 9 1908 2000 22 284 50 13
2628 2557 1529 857 2235 2525
9 24 2000 2000 186 79
2656 2235 2638 2557 2641 2653 1529 857 2651 2525 2654 2655
1 129 23 7 34 1 2000 2000 14 100 2 1
2720 2651 2730 2698 2711 2701 2641 2674 2676 1529 857 2714 2235 2525
2 23 1 7 10 8 4 21 36 2000 2000 12 35 72
1529 2698 2765 2767 2769 2770 2771 2772 2674 2774 2711 857 2714 2747 2525
2000 11 23 2 1 1 1 1 1 2 56 2000 7 8 51
2787 2821 2795 2828 2826 2827 2711 2765 2829 1529 857 2812 2525 2814
60 1 24 2 4 5 23 175 2 2000 2000 4 193 8
2787 2884 2902 2856 2903 2860 2765 1529 2870 2711 2904 857 2874 2525 2814
2 16 1 31 4 53 2 2000 21 141 1 2000 5 2 77
2947 2949 2951 2856 2955 2956 1529 2711 857 2940 2814
7 28 5 59 1 1 2000 461 2000 14 34
1529 2981 2856 2986 3001 3006 2998 2711 857 3004 3005 2974 2949
2000 27 89 30 15 1 48 191 2000 3 4 23 145
1529 2949 2856 2986 3051 3054 3055 3056 3001 3058 3028 2998 2711 857 3034 3004
2000 38 161 8 20 1 6 10 8 1 24 192 168 2000 36 38
1529 2949 2856 2986 2711 3087 2998 3001 3064 857 3070
2000 64 427 41 109 1 127 41 45 2000 5
3136 3107 3141 2856 3070 2986 2711 857 3121 3122 3139 3118 2998 1529 3001 3099 3114 3102 3135
1 11 3 582 7 124 450 2000 15 15 3 14 82 2000 124 17 6 66 1
3201 1529 3205 3206 3207 2856 3156 2998 2711 3192 857 3194 3197 3102
2 2000 5 2 3 232 47 101 560 6 2000 17 10 142
3156 1529 3205 2856 3244 3247 3250 3252 2998 2711 3224 857 3102
39 2000 31 157 7 9 16 25 13 297 44 2000 189
1529 3205 3271 2856 3275 3279 3283 3284 3285 3286 2711 857 3102 3269
2000 122 4 219 1 3 1 3 2 1 278 2000 90 3
1529 3205 3303 2856 3314 3315 2711 857 3102 3295
2000 288 2 129 1 1 214 2000 14 2
3298 1529 3205 2856 3310 3311 3312 3313 2711 857
54 2000 140 189 64 10 2 2 450 2000
1529 3205 2856 3339 3340 3341 3342 3345 2711 857 3353 3358 3359
2000 473 95 19 13 7 9 2 360 2000 5 1 1
3392 3362 1529 3205 2856 3339 3344 3380 3382 2711 857 3387 3388 3390
1 17 2000 396 62 142 17 4 1 368 2000 3 1 4
3424 1529 3205 3401 3402 3339 3410 3443 3445 3446 2711 3448 857
10 2000 336 55 14 266 14 1 2 2 230 1 2000
3458 1529 3205 3432 3339 3440 3442 3447 2711 857 3443 3455
5 2000 206 17 236 34 2 12 368 2000 4 1
3440 3490 3447 3492 3205 3462 3432 3339 2711 3472 3464 3491 3477 1529 3480 857 3451 3485 3454
436 1 274 1 37 48 27 613 306 35 3 1 16 2000 34 2000 2 21 108
3472 3490 1529 3462 3526 3527 3339 2711 3522 3534 3440 3538 3540 3486 3447 3480 857 3531 3454
60 81 2000 138 47 11 616 55 4 8 511 1 1 26 331 70 2000 15 120
3472 3490 3447 3462 3559 3339 2711 3568 3440 3569 3572 3486 3574 1529 3480 857 3531 3546 3454
232 31 293 61 5 485 70 16 371 3 4 74 3 2000 42 2000 39 9 73
3472 3447 3620 3621 3462 3627 3339 2711 3440 3568 3486 1529 3608 857 3546 3454
140 381 1 5 17 4 550 11 433 23 2 2000 5 2000 34 52
3472 1529 3654 3655 3339 3631 3440 3447 3608 857
152 2000 6 1 282 8 209 209 124 2000
3681 3682 1529 3688 3690 3339 3692 3661 3694 3631 3440 3691 3671 3447 857 3693
7 4 2000 2 13 332 5 8 4 88 217 5 12 217 2000 1
3691 3749 3750 3690 3339 3757 3758 3631 3440 3447 3747 1529 857 3759
97 6 4 81 267 1 2 94 145 145 3 2000 2000 2
1529 3690 3339 3759 3440 3793 3795 3691 3766 3447 857
2000 198 337 6 337 4 3 72 127 337 2000
3809 3691 3819 3817 3690 3339 3440 1529 3826 3811 3766 3447 857 3837 3838
38 213 5 36 283 398 398 2000 8 42 3 398 2000 19 3
3875 3691 3809 3690 3339 3865 3896 3440 3895 3447 3893 3894 1529 3864 857
14 239 6 358 340 70 1 340 1 340 2 1 2000 40 2000
3906 1529 3908 3909 3912 3913 3690 3339 3865 3440 3691 3447 857
4 2000 1 1 5 3 282 577 13 577 367 577 2000
3938 3691 3940 3941 3943 3690 3339 3865 3929 3440 1529 3923 3447 3928 857 3931 3932 3914
1 158 4 1 2 146 770 34 12 770 2000 13 770 6 2000 4 33 6
3970 3691 3972 3973 3943 3690 3339 3929 3440 1529 3971 3959 3447 857
3 108 10 1 10 46 670 27 670 2000 10 2 670 2000
4032 3447 4037 4038 3690 3339 3929 3440 4017 3691 1529 857 4035
7 633 3 1 33 633 228 633 9 130 2000 2000 1
4096 4097 4098 3447 4099 3339 4077 857 3440 3691 4055 3929 1529 4067 4095
15 5 1 676 1 676 13 2000 676 166 12 375 2000 1 4
4099 3339 857 4129 4143 4055 4158 4169 4177 4178 4181 4183 3929 4186 4188 4190 4192 3691 4077 3440 3447 1529
44 821 2000 22 4 19 5 44 24 12 2 1 285 2 9 5 1 171 35 821 821 2000
4256 3447 4261 4177 4264 4265 3339 4077 3440 1529 3691 3929 857 4250 4188 4263 4254 4255
1 846 6 86 1 1 846 54 846 2000 96 461 2000 2 48 2 10 6
3447 3339 4077 857 4269 3440 3691 3929 1529 4188 4286 4287
966 966 62 2000 116 966 4 741 2000 62 40 1
1529 4326 4297 3339 4269 3929 3440 4338 4341 3447 857 4314 4286
2000 30 1 457 208 440 457 9 8 457 2000 7 176
4385 4354 3447 4357 3339 4269 3929 3440 4369 4372 1529 857 4389 4386 4286 4351
4 19 441 4 441 119 324 441 3 6 2000 2000 2 1 163 8
4354 3447 4389 4421 4423 4425 4426 3339 4397 3929 4269 3440 4403 1529 857 4427 4286 4351
6 617 40 11 8 1 1 617 8 409 96 617 8 2000 2000 2 107 41
1529 4421 4426 3339 4269 3929 3440 4434 4389 3447 857 4427 4286 4351
2000 13 9 514 59 229 514 2 6 514 2000 6 86 17
4481 3447 4484 4449 3339 3929 3440 4497 4496 4494 1529 857 4286 4351
35 157 18 34 157 31 157 2 8 2 2000 2000 177 31
