32 33 34 43 5 39 11 44 16 24 29
2 5 2 1 70 12 25 1 36 53 2
97 66 100 5 102 103 104 98 16 24 89 101
1 6 5 265 7 2 1 7 4 47 5 1
162 164 5 169 172 24 154 157
6 3 181 1 2 100 13 11
193 162 195 5 205 24 217
28 2 28 327 20 280 2
267 260 261 263 235 268 271 246 24 5
1 4 4 8 25 6 1 2 329 410
5 329 330 268 24 318 325
658 4 2 1 174 1 1
352 353 354 356 5 329 334 335 336 24 351
1 1 1 7 539 32 2 2 1 222 2
386 388 5 399 400 401 402 403 404 373 24
11 3 546 17 5 6 7 6 2 5 233
451 5 459 460 430 433 435 24
4 210 5 2 15 9 64 359
5 460 492 499 500 471 24
359 58 7 3 2 8 157
544 545 5 521 499 538 539 541 542 517
1 1 395 22 13 3 1 1 9 16
5 554 561 562 572 542
333 28 3 10 1 6
5 637 594 628 599 600 634 635 636 605 639
239 4 31 24 20 62 6 10 9 7 1
672 673 676 5 628 668
11 6 2 133 58 5
672 704 5 712 714 680 716 717 689 696
30 29 257 43 19 1 1 1 14 35
768 769 5 712 714 718 752 689 756 760 764 766
1 2 389 7 173 16 20 30 1 11 4 3
800 805 776 714 811 718 752 689 821 826 797 766 5
35 41 26 172 16 194 115 18 3 2 8 12 157
800 880 5 897 776 714 844 877 718 752 885 889 891 893 895
17 19 102 2 30 109 77 20 43 24 2 1 7 4 2
930 931 932 5 910 903 936 714 907 844 718 911 752 917 925 926 933
1 2 16 51 13 12 3 162 4 17 81 46 3 5 22 14 7
961 932 969 714 971 972 973 718 911 976 953 926
1 5 7 55 3 7 3 50 50 8 31 50
932 1029 1031 969 714 1042 1045 1046 1047 953
219 5 5 40 23 9 11 4 3 17
1092 1057 1091 932 1029 714 1068 1069 1081 1079 953 1093
1 16 1 125 42 21 16 30 4 19 22 1
1057 1122 1126 1095 1128 1130 1131 1132 1127
43 2 25 20 3 2 2 1 2
1131 1164 1170 1144 1177 1181 1182
19 32 7 14 3 1 2
1164 1197 1200 1208 1144 1209 1210 1211
182 16 11 3 81 1 1 1
1251 1222 1260 1258 1164 1262 1264 1144 1243
15 3 1 1 101 4 2 219 31
1144 1272 1164 1296 1300
96 33 111 12 34
1318 1164 1322 1324 1325 1326 1327 1144 1302 1272
67 214 3 9 2 2 1 6 161 47
1318 1356 1164 1368 1363 1332 1365 1366 1367 1144 1370 1372
171 30 19 1 10 61 3 6 4 253 4 2
1318 1422 1424 1425 1426 1428 1144 1332
122 36 5 2 1 5 160 36
1318 1449 1422 1457 1332 1454 1144 1439
175 66 39 1 39 9 67 91
1507 1508 1318 1512 1449 1482 1517 1422 1455 1521 1332 1518 1144 1467 1439
4 10 80 17 35 20 1 106 30 1 106 1 137 6 8
1536 1540 1541 1542 1546 1516 1549 1422 1551 1552 1553 1554 1332 1550 1144 1535
4 17 21 10 7 13 1 39 2 2 1 2 39 4 137 5
1600 1604 1608 1611 1613 1422 1620 1553 1586 1332 1622 1623 1144 1561
2 5 2 1 12 8 2 165 45 8 5 2 63 58
1649 1639 1650 1553 1586 1655 1144 1561 1658 1659 1660
4 2 3 274 144 2 309 57 3 1 2
1696 1697 1698 1707 1700 1702 1649 1703 1708 1553 1586 1687 1144 1694 1695
2 10 9 1 1 2 30 13 1 305 149 17 112 4 26
1734 1736 1738 1739 1740 1553 1586 1144 1722
2 2 4 1 2 292 302 9 49
1773 1774 1553 1586 1747 1781 1722 1787 1786 1758
10 2 310 519 43 21 215 2 15 10
1828 1829 1809 1836 1837 1838 1839 1553 1586 1747 1844 1843 1722 1841
18 5 14 1 6 1 3 78 619 81 3 3 272 3
1893 1894 1895 1867 1837 1870 1869 1553 1586 1747 1844 1722 1886
2 2 1 1 13 11 8 58 347 53 61 138 29
1924 1930 1900 1901 1837 1586 1844 1941 1942 1911 1944 1722 1916 1886
7 20 3 45 256 314 131 41 36 28 2 35 14 61
1950 1900 1837 1966 1969 1586 1844 1941 1911 1947 1916 1886
20 32 111 1 3 363 84 42 113 1 45 251
1950 1988 2022 1992 1900 1837 1586 2014 1911 2008 2020 2012 1886 2005
25 12 2 29 38 200 273 6 160 3 1 2 273 1
2052 2014 1837 2063 2065 1586 2067 2068 1950 1911 2040 1886
16 43 275 1 4 211 3 1 128 261 61 211
2080 2081 2082 2083 2052 2014 2078 1837 1586 1950 1911 2040 2076 2077 1886
2 2 2 2 4 16 7 807 187 14 84 17 9 6 187
1837 2127 2129 1586 2164 1886 1911 2014
962 41 6 1 3 1 197 111
2176 2211 2212 2214 1837 2127 1911 2205 2014 2207
14 2 1 5 1319 80 95 4 95 6
2267 2214 1837 2127 2259 2262 1911 2265 2255 2268 2269 2014 2271
4 89 1368 75 12 12 175 9 41 1 1 175 2
2306 2307 2276 2310 2214 2313 1837 2255 2275 2317 1911 2127 2014
6 26 15 14 21 5 1350 91 9 2 196 91 196
2337 2338 2276 2341 2347 1837 2127 2353 2356 2358 1911 2255 2014
7 10 42 25 4 1386 151 3 4 6 149 151 149
2401 2276 2405 2406 2408 2347 2380 1837 2127 2353 1911 2255 2014
6 46 3 2 1 45 22 1327 94 56 135 94 135
2439 2127 2380 1837 2447 2449 2415 2452 2413 1911 2255 2014 2451
15 32 54 1305 3 3 55 6 33 195 32 195 1
2508 2475 2380 1837 2510 2477 2512 2514 2515 2484 1911 2493 2014
2 38 46 1433 2 11 1 1 1 6 150 8 150
2533 2538 2539 2380 1837 2558 1911 2552 2014
9 36 7 19 1578 9 79 9 79
2624 2592 2626 2533 2567 2572 1837 2578 2579 2619 2558 2591
6 7 10 28 85 39 1750 19 93 4 177 7
2567 2663 1837 2673 2674 2579 2678 2679 2681 2682 2683 2558
46 86 1704 14 4 87 4 4 1 4 1 55
2720 2727 2663 2567 2731 1837 2738 2579 2740 2558
10 5 76 17 15 1677 2 61 2 17
2720 2785 2795 1837 2798 2797 2771
73 7 1 1854 1 1 2
2721 2722 2774 2761 1837 2766 2767 2739 2772 2771 2775 2744 2746 2751
3 40 1 3 2000 5 2 23 5 8 2 28 15 4
2722 2821 2822 2823 2826 2828 1837 2830 2831 2832 2802 2739 2772 2814 2751
63 7 2 4 5 2 2000 2 2 1 20 17 21 9 61
2880 2854 2856 2859 1837 2864 2867 2868 2869 2870 2772 2843 2876 2751
16 60 7 15 2000 18 3 24 25 18 96 91 6 510
2912 2882 2951 2957 1837 2958 2895 2864 2962 2772 2935 2843 2751
10 11 44 19 2000 60 53 27 4 89 63 230 332
2976 2977 2971 2975 2951 1837 2958 2895 2843 2973 2974 2751
1 2 34 1 36 2000 258 36 322 1 2 189
2971 3023 3018 1837 2958 3021 3025 3026 3027 3028 3022 3001 2843 3011 2751
90 2 5 2000 52 1 1 1 2 1 2 20 151 2 387
2971 1837 3089 3090 3029 2843 2751
21 2000 3 1 3 103 265
2971 3012 3007 2987 1837 2992 2843 2751
29 7 4 26 2000 10 182 425
3040 3043 3046 1837 3034 2843 2751
37 8 1 2000 83 311 451
3080 1837 3055 3091 3095 2843 2751
4 2000 38 5 3 257 486
3113 3159 1837 3154 3145 3161 3162 2843 3132 2751
130 1 2000 9 5 10 2 396 10 546
3202 3113 3199 1837 3213 3164 3217 3228 3219 3222 3224 3226 2843 3132 2751
7 17 15 2000 23 30 18 2 16 1 13 3 479 41 188
3296 3297 3202 3291 3132 1837 3295 3293 3298 3219 3289 2843 3164 2751 3294 3199
2 1 52 4 6 2000 2 1 2 6 9 418 116 220 1 77
3298 3333 3202 1837 3219 3352 3353 2843 3164 2751
56 31 24 2000 188 9 1 347 128 507
3202 3333 3398 3377 3411 3399 1837 3406 3407 3376 3409 3219 3412 3414 3417 2843 3164 2751
17 33 20 64 4 18 2000 30 8 34 6 73 6 2 2 476 266 147
3202 3219 3333 3399 3452 1837 3376 3473 3442 3475 3477 3479 3481 2843 3164 2751
6 211 67 6 10 2000 121 5 2 10 8 8 1 597 251 337
3520 3521 3202 3492 3333 3526 3399 3528 3529 3530 3532 1837 3376 3473 3219 3519 3510 2843 3164 2751
8 17 7 68 12 3 59 4 3 2 2 2000 83 88 239 7 18 450 230 489
3520 3584 3202 3492 3557 3399 3529 3591 3564 1837 3376 3473 3219 3510 3588 3578 2843 3164 2751
20 2 47 30 30 89 9 2 15 2000 30 20 55 48 2 4 246 69 299
3584 3520 3202 3642 3492 3557 1837 3599 3376 3473 3607 3610 2843 3164 3645 2751
51 4 147 6 60 60 2000 34 60 4 2 56 509 339 4 150
3584 3202 2843 3492 3164 1837 3376 3645 2751 3664 3666 3669 3676 3557 3686 3695 3696 3697 3698 3699 3700 3701
42 159 417 13 111 2000 13 9 385 16 39 9 42 13 3 1 4 1 1 3 1 3
3202 3749 3752 3753 3754 1837 3664 3669 3705 3737 2843 3164 2751
148 35 1 1 2 2000 2 136 53 45 774 245 410
3202 3749 3785 3756 1837 3792 3669 3799 3800 3737 2843 3164 2751 3775
89 16 24 67 2000 4 250 3 5 187 458 76 716 73
3809 3202 3835 3844 3749 3847 3785 3756 1837 3669 3849 3737 2843 3164 2751 3775
21 41 5 7 166 2 19 241 2000 325 1 345 487 48 433 32
3904 3893 3855 3749 3847 3880 3756 1837 3854 3901 3892 3669 3897 3737 2843 3775 3870 2751
1 3 2 59 57 74 153 2000 28 4 13 806 10 250 433 7 26 295
3931 3847 3880 3756 1837 3918 3669 3929 3737 2843 3932 3934 2751
1 43 40 71 2000 18 1098 11 55 161 2 3 328
3970 3847 3880 1837 3981 3669 2843 2751
11 34 1 2000 1 1213 318 165
4039 4040 3847 1837 4018 3669 4025 2843 2751 4031
5 2 2 2000 11 1164 6 310 93 17
4067 4068 4070 4079 4072 4077 1837 4078 4047 3669 2843 2751
28 15 12 12 7 8 2000 9 52 1120 189 164
2843 4070 4134 4135 4072 4077 4109 1837 4047 4116 3669 4119 4120 4123 4125
432 90 1 2 108 44 39 2000 432 12 984 10 2 10 2
4070 4072 1837 4142 4047 4144 4147 3669 4150 4151 4152 2843 4127
114 14 2000 3 991 5 3 555 4 3 2 991 30
4192 4198 4070 4199 4072 4201 4207 1837 4206 4047 4200 3669 4185 2843 4188 4190
19 20 165 16 21 1 2 2000 2 810 4 687 12 810 3 10
4256 4262 4070 4072 1837 4047 4240 4274 4276 3669 2843
14 18 68 88 2000 755 48 1 4 668 755
4326 4325 4070 4072 4297 4298 1837 4047 4240 4301 3669 2843 4318 4319
4 27 93 148 18 16 2000 754 65 67 874 754 38 7
4353 4354 4347 4047 4072 1837 4335 4301 3669 2843 4318 4351
2 4 11 932 252 2000 7 11 841 932 36 4
4072 4394 1837 4047 4392 3669 4377 2843 4318
202 1 2000 865 1 714 12 865 45
4411 4420 4072 4425 4435 1837 4403 4047 4433 4434 4419 3669 4438 4439 2843
47 48 71 4 3 2000 119 1014 1 13 5 587 2 2 1014
4480 4481 4482 4475 4072 4483 1837 4047 4465 4403 3669 4461 4472 4411 2843 4477 4446
1 2 1 8 86 1 2000 1456 45 86 440 42 2 119 1456 8 33
2843 4518 4072 4489 4503 1837 4526 4047 4496 4465 4515 3669 4461 4525 4411 4446
1468 15 12 53 27 2000 1 1468 8 27 33 506 15 3 272 67
4515 4573 4582 4583 4489 1837 4047 4496 3669 4566 4574 4411 4570 2843 4580 4541 4571 4533
181 1 19 1 181 2000 1518 40 376 7 6 168 8 1518 1 4 17 94
4603 4496 2843 4612 4616 4489 4587 4620 1837 4047 4627 4625 4515 3669 4630 4585 4411 4533
8 61 1667 23 7 142 23 29 2000 1667 1 6 142 288 1 61 381 36
4656 2843 4661 4585 4663 4620 1837 4047 4496 4657 4515 3669 4662 4489 4655 4411 4533
16 1860 13 113 2 15 2000 1860 113 1 4 117 4 4 3 908 118
