0 3 5 6
1 1 2 7
43 45 48 49 55 57
2 1 6 3 3 4
123 68 102 104 106 109 116 118 120 91 124 125 126
3 163 5 20 13 3 18 1 1 23 1 1 1
161 68 133 135 168 169 147 148 154 124 159
3 245 64 10 17 2 9 4 20 5 13
192 194 68 133 169 203 124 211 180 154 219 220
21 1 233 94 174 2 26 16 144 182 4 1
224 192 258 68 133 257 169 271 272 273 274 211 180 260 154 251
38 72 16 180 319 12 206 5 2 6 2 11 114 16 5 19
224 322 68 133 326 327 328 169 295 258 333 336 337 338 211 180 278 293 318 287
73 22 195 46 6 27 2 478 6 22 2 5 1 1 8 148 95 16 49 22
352 224 258 388 133 326 359 389 169 386 368 180 373 278 68 374 383
119 107 81 2 86 98 34 3 412 6 38 143 3 76 32 2 5
224 352 450 133 326 359 169 462 463 368 436 278 180 444 446
205 89 37 268 28 178 609 1 1 13 21 88 168 15 41
352 224 450 513 518 359 169 522 523 180 278 521 446 133
9 154 67 30 1 154 283 3 3 294 242 8 135 25
544 224 450 513 133 551 521 359 525 558 560 561 530 180 542 278 169 553 540 541 446
19 49 115 53 90 24 66 49 19 11 1 1 89 359 33 339 189 40 19 1 140
513 133 525 530 278 540 553 561 180 568 446 575 450 586 588 593 594 596 598 599 601 224 359 169
23 113 17 113 360 17 125 19 371 34 184 5 67 4 1 1 9 4 4 2 1 17 17 67
450 133 583 553 586 530 180 278 169 568 573 446 575
50 242 11 199 2 242 341 341 50 16 11 83 3
450 133 553 620 594 621 624 530 627 180 626 278 169
25 313 255 18 16 32 17 313 3 264 2 264 25
133 680 553 530 660 278 180 677
116 6 70 116 66 70 70 7
736 739 740 677 553 715 720 690 723 180 278 732
3 2 2 105 125 7 11 31 20 125 125 2
801 740 677 553 779 780 749 782 180 278 761 793 763 796
1 32 183 153 30 2 33 12 153 153 42 4 50 3
677 838 779 844 850 852 859
3 71 149 1 2 27 8
896 897 907 677 838 871 905 906 779 909 910 899 891 893
16 15 3 63 135 16 4 2 94 1 3 3 4 10
897 677 838 871 779 944 953 952 921 955 956
50 12 114 1 8 6 2 9 27 1 3
838 966 967 944 921 987 988 989 990
254 42 3 66 2 18 3 2 3
966 838 1006 1007 944 1009 1010 1015 987
79 230 16 36 283 23 14 1 89
1040 966 838 1007 944 1046 1048 1049 1050 987
4 120 181 98 266 7 2 1 1 38
1058 987 1062 966 1063 1065 1007 944 838 1051 1053 1061
8 30 23 88 1 2 125 728 288 17 4 4
1072 1090 1061 838 1095 1096 1097 1098 1070 1007 944 987 1094 1053 1093
23 8 111 359 5 2 2 3 23 241 354 154 3 56 4
1061 838 1160 1131 1007 944 1169 1170 1175 1177 1178 987 1053
246 217 3 12 147 165 2 11 4 4 2 99 194
1216 1218 1219 1061 838 1198 1007 944 1201 1206 987 1053
1 1 1 94 185 44 105 308 5 22 416 153
1254 1061 838 1255 1198 1007 944 1241 1242 987 1053 1246 1253
1 215 267 1 9 32 126 8 29 219 159 3 5
1007 1061 838 1287 1290 1198 1277 944 1295 1294 987 1276 1053
105 200 385 12 3 141 27 189 1 4 290 17 294
1345 1061 838 1360 1356 1198 1007 944 1361 1362 1363 1364 1366 1305 987 1053
9 290 363 5 14 36 100 444 5 6 38 2 1 51 42 317
1414 1409 1411 1061 838 1377 1413 1415 1198 1007 944 1398 1368 1305 1403 1053 1381
1 9 9 363 643 33 1 1 17 287 256 10 118 276 16 165 28
1377 1437 1061 838 1447 1448 1449 1451 1452 1421 1198 1007 944 1441 1368 1305 1446 1435 1053 1445
161 4 419 680 28 6 4 4 3 38 142 450 306 8 309 137 11 8 203 17
1472 1377 1474 1476 1061 838 1446 1449 1450 1452 1421 1198 1007 944 1473 1368 1305 1468 1053 1477
7 70 1 5 546 625 35 48 28 8 27 94 377 147 2 220 243 12 351 2
1505 1446 838 1377 1514 1520 1486 1007 944 1521 1493 1198 1368 1305 1498 1519 1518 1053 1061
37 132 1153 53 7 3 49 602 93 2 31 193 328 96 40 4 2 331 274
1536 1544 1552 1554 1556 1560 1305 1053 1569 1061 1446 1576 1577 1198 944 838 1505 1486 1368 1498 1377 1007
19 20 11 15 22 7 120 231 2 579 245 2 1 85 47 930 101 136 175 96 93 505
1544 1556 1305 1053 1061 1446 1198 944 1594 838 1505 1610 1486 1621 1368 1498 1632 1377 1634 1635 1636 1007
140 153 404 177 581 117 132 153 43 561 45 51 25 16 112 112 14 124 10 2 5 413
1377 1634 1680 838 1446 1505 1544 1610 1676 1198 1007 944 1688 1682 1556 1654 1368 1305 1498 1053 1061
147 36 12 398 111 17 271 216 12 103 234 247 1 1 247 64 114 556 114 120 532
1544 1556 1305 1693 1712 1700 1061 1446 1198 1053 944 1718 1719 1722 1724 1725 1726 838 1610 1377 1007 1654
137 276 670 20 24 12 563 33 145 145 276 8 3 1 4 1 1 260 137 86 130 18
1377 1730 1061 838 1761 1544 1772 1610 1771 1053 1198 1007 944 1768 1556 1769 1305 1724 1693
55 17 338 390 8 45 3 45 3 257 257 258 195 9 195 6 765 7 29
1377 1061 838 1799 1801 1198 1007 944 1798 1556 1305 1761 1793 1053
277 304 292 1 2 352 287 152 2 152 623 192 15 352
1809 1556 1838 1305 1053 1822 1840 1061 1198 944 1846 1847 1854 1855 1861 838 1761 1865 1866 1867 1868 1377 1007 1813
109 178 48 365 405 109 6 578 405 178 13 26 18 26 3 297 9 6 1 1 2 177 297 24
1920 1809 1939 1556 1198 1943 1945 1947 1305 1949 1950 1061 1948 1838 1053 944 1822 1941 1855 838 1865 1007 1813
31 174 47 168 273 1 2 1 302 2 3 862 1 12 273 168 174 11 32 395 21 395 300
1920 2000 1968 1061 838 1992 1198 1007 944 1809 1556 1813 1941 1305 1053 1822 1855
17 32 13 994 322 9 97 322 126 273 126 236 15 461 97 273 45
2048 2051 1061 838 2055 2056 2046 1198 1007 944 1809 1556 1813 1305 2053 1053 1822 1855
7 4 863 265 1 3 18 422 265 14 295 14 253 436 1 422 295 280
2048 1809 1813 1305 2075 2077 2078 2079 2080 2081 2082 2084 1061 1198 1053 1822 1855 838 2085 1007 2046 2069
38 196 721 213 9 19 2 1 2 2 3 5 1013 473 473 196 451 301 1 301 48 30
2080 2048 1061 838 1198 1007 1809 1813 2134 2137 2136 1305 2138 2069 1053 1822 1855
29 36 775 462 415 462 348 444 8 5 2 348 1 85 415 348 415
2048 1061 838 2154 2155 2156 1198 1007 1809 2150 1813 2134 1305 1053 1822 1855
169 888 643 6 2 1 229 643 240 2 321 158 240 229 240 229
2048 2209 2181 1061 838 2206 2207 1198 1007 1809 2163 2203 1813 2134 2198 1305 2170 1855 1053 1822 2175
358 1 22 1032 670 1 8 74 670 224 57 3 298 358 5 224 72 74 74 224 190
2048 2273 2181 1061 838 2271 2272 2254 1007 1809 2226 1813 2134 1305 2170 2267 2268 1822 2175
618 1 228 1316 497 1 2 52 497 187 28 364 618 187 33 1 3 187 173
2048 2181 1061 838 2299 2303 1007 1809 2302 1813 2134 2295 2296 1305 2170 2287 2300 2301 1822 2175
606 294 1552 347 1 1 347 101 1 218 606 6 1 101 50 3 1 2 101 61
2048 2307 2308 1061 838 2311 2312 1007 1809 1813 2134 2295 2302 1305 1822 2181
792 4 2 1774 134 3 1 134 92 245 792 21 4 92 92 293
2048 2368 2181 1809 2334 2366 2324 1813 2134 1305 2367 2364 1822 1061
505 1 370 32 9 2 55 483 505 32 1 28 32 1968
2048 2368 1061 1809 2393 1813 2134 2391 2392 1305 2394 1822 2181
624 92 1932 68 1 406 624 5 2 68 5 68 373
2048 2368 2402 2404 1061 2438 2437 1809 2432 1813 2134 1305 2427 1822 2181
646 82 18 32 1946 2 3 54 5 295 646 54 11 54 396
2048 2181 2439 1809 1813 1305 2460 1822 2466 2467 1061 2471 2473 2478 2484 2486 2489 2490 2491 2492 2368 2499 2500 2134 2402
698 491 27 3 313 3 2 3 30 29 1997 13 45 11 1 5 5 4 4 6 4 1 1 698 14
2048 2466 1061 2439 2536 2537 2542 2544 2545 1813 2550 2553 2555 2134 2181
711 47 2000 16 10 10 8 2 2 569 8 1 3 711 593
2048 2466 1061 2439 2536 2602 2599 2605 2574 2609 2594 1813 2134 2586 2606 2181
857 20 2000 25 25 9 1 4 13 1 1 523 857 19 1 580
2048 2466 1061 2439 2536 2602 2635 2646 1813 2134 2647 2181
877 172 2000 126 126 72 21 8 474 877 5 479
2048 1061 2439 2536 2602 2663 1813 2134 2650 2654 2181
1154 2000 204 204 241 12 121 1154 56 15 670
2048 2181 2439 2536 2602 2663 2669 2671 1813 2134 2650 1061
1238 883 96 96 259 24 1 1 189 1238 29 2000
2048 2721 2724 1061 2726 2439 2536 2602 2731 2675 1813 2134 2719 2181
1135 10 18 2000 6 71 71 286 3 18 40 1135 1 778
2048 2752 1061 2790 2792 2602 2795 2796 2766 2134 2748 2782 2181
1188 1 2000 3 6 470 1 1 34 1188 44 13 718
2048 2817 2818 1061 2822 2823 2824 2602 2821 2134 2181
1060 8 5 2000 4 5 1 608 4 1060 452
2048 2852 1061 2602 2859 2134 2843 2181
1221 3 2000 829 10 1221 4 392
2048 1061 2887 2889 2602 2859 2892 2867 2134 2890 2181
1450 2000 5 1 1338 56 2 79 1450 5 112
2048 2912 1061 2887 2602 2924 2925 2897 2867 2900 2134 2904 2911 2908 2922 2910 2181
1364 7 2000 14 1213 2 1 100 206 7 1364 11 34 19 6 12 151
2048 2181 1061 2602 2963 2927 2897 2962 2867 2134 2968 2969 2970 2908 2974 2943
1362 1 2000 1361 21 104 9 51 137 1362 2 4 11 65 9 21
2048 1061 2602 2927 2897 2962 2867 2134 3002 3003 2908 3005 2975
1433 2000 1433 77 104 208 155 1433 13 6 47 3 31
2048 3011 1061 2602 3026 3023 2897 2962 2867 3029 2134 3007
1385 16 2000 1385 13 6 31 437 391 1 1385 94
2048 3044 1061 3046 2602 3052 3026 3054 2962 2867 2134 3045
1427 19 2000 20 1427 4 44 1 335 299 1427 9
2048 3026 3044 1061 3113 2602 3134 2962 3118 3121 3122 2867 3125 2134 3128 3065 3045 3102 3071
1468 76 198 2000 11 1468 1 112 1 5 14 408 16 1468 19 15 47 5 23
2048 3044 1061 3176 2602 3179 3026 2962 2867 2134 3128 3178 3166 3045
1536 409 2000 3 1536 2 34 258 464 1536 48 1 27 44
2048 3232 3202 3026 3044 1061 2602 3213 3182 2962 2867 2134 3128 3045
1156 1 40 28 648 2000 1156 10 49 181 844 1156 13 196
2048 3202 3044 1061 3270 3272 2602 3275 3277 3182 2962 2867 3278 2134 3257 3261 3045
1328 132 473 2000 28 6 1328 5 5 6 335 672 2 1328 11 26 199
2048 3044 1061 3273 2602 3275 3278 3261 2962 2867 2134 3274 3045
936 651 2000 18 936 9 1 20 243 1064 936 1 413
2048 3329 3330 3301 3044 1061 3283 2602 2962 2867 2134 3333 3045
924 15 5 14 880 2000 25 924 299 1076 924 6 196
2048 3044 1061 2602 3377 2962 2867 2134 3353 3359 3357 3045
913 1033 2000 913 1 265 1087 913 20 5 28 54
2048 3044 1061 3431 2602 3436 3439 2962 2867 2134 3386 3434 3045
403 1503 2000 20 403 12 2 157 1597 403 14 3 94
2048 3044 1061 3431 2602 3501 3502 2867 3487 2134 3483 3045
259 1601 2000 48 259 11 1 1741 12 259 1 140
2048 3555 3044 1061 3559 2602 3563 3538 2867 2134 3550 3045
420 1 1213 2000 8 420 5 35 1580 420 4 367
3616 2048 3044 1061 3624 3625 2602 3621 2867 2134 3045
16 337 1179 2000 54 2 337 13 1663 337 484
2048 3616 3044 1061 2602 3629 3630 3631 3633 2867 2134 3626 3045
323 17 1280 2000 323 11 9 1 1 1677 323 42 397
2048 3044 1061 2602 3633 2867 3636 2134 3642 3643 3626 3045
249 1391 2000 249 9 1751 9 249 12 15 74 360
2048 3649 3626 3044 1061 2602 3692 3695 3696 3633 2867 2134 3647 3690 3646 3045
376 54 74 1137 2000 376 17 4 17 34 1624 376 9 11 94 487
2048 3713 3725 3729 3738 3743 1061 3761 2602 3755 3758 3760 3633 2867 3764 3646 2134 3044 3045 3690 3692 3696 3763 3702 3626
452 27 24 48 7 41 2000 2 452 4 2 1 8 1548 2 15 452 1170 378 28 45 204 2 158 217
2048 2602 3044 3749 3785 3626 3787 3725 3696 3729 2867 2134 3702 3045 3743 3690 3646 1061
398 398 1178 85 19 167 1 45 22 83 1602 398 5 424 167 77 180 2000
2048 3626 3044 3045 3848 3849 3690 3833 3725 3822 3729 3826 2867 3749 2134 3827 3812 3743 2602 3646 1061
434 48 1040 526 11 4 247 26 73 36 54 89 1566 1 434 4 6 114 434 231 2000
2048 3729 3858 3743 3873 1061 2602 3885 3890 2867 3646 3908 3912 3918 3919 3921 2134 3044 3045 3690 3826 3833
534 5 110 178 3 2000 534 68 27 1466 79 3 1 18 14 12 534 676 790 711 262 25
2048 3935 3044 1061 3944 3945 2602 3885 3950 3826 2867 2134 3833 3858 3743 3690 3045
434 1 605 2000 4 3 434 146 2 409 1566 434 63 44 1 961 961
2048 4000 3044 1061 3690 3885 3984 3987 3826 2867 3988 2134 3991 3999 3993 3858 3967 3996 2602 3986 3045
496 4 710 2000 794 193 3 1 439 1504 2 496 3 4 6 78 130 3 496 3 794
2048 4000 3044 1061 2602 4043 3885 4046 4047 4048 3826 2867 2134 3991 3858 3967 3996 3690 3045
536 12 433 2000 536 4 289 13 13 2 402 1464 536 15 2 38 7 1031 1031
2048 4083 3044 1061 3690 3885 4078 4049 4082 2867 4046 2134 3991 3826 3967 3996 2602 3045
451 1 571 2000 978 146 18 20 8 1549 8 451 75 319 61 55 451 978
2048 4129 4130 3044 1061 4102 4128 3690 4109 4078 3885 4112 4049 3826 2867 2134 4132 3996 2602 3045
592 25 9 787 2000 33 3 621 12 224 94 3 6 398 1408 592 4 127 592 621
2048 4129 3044 1061 4102 2602 4171 4172 3885 4078 4173 4112 3826 2867 4180 2134 3996 3690 3045
564 6 1029 2000 153 564 11 10 244 9 5 14 79 1436 3 564 31 407 407
2048 3044 1061 4102 4232 4233 4202 3885 4206 3690 2867 2134 4216 3826 4186 4219 4220 2602 4230 3045
385 1234 2000 584 1 2 43 166 97 381 1615 385 6 31 36 7 1 385 1 381
2048 4278 4259 3044 1061 4102 3690 3885 4206 4242 2867 4276 2134 4279 4249 4186 2602 4275 3045
184 7 18 1418 2000 297 398 27 91 4 1816 3 184 6 31 134 184 13 398
2048 4278 4259 3044 1061 4102 4339 3690 4206 4337 2867 4340 4341 2134 4279 4249 4186 4319 4315 2602 3045
351 22 6 1419 2000 580 2 230 36 8 1649 3 1 351 2 21 14 25 5 351 230
2048 4102 4383 4386 4388 1061 4390 4392 2602 4395 4396 4397 2867 2134 4315 4319 3044 3045 3690 4206 4344 4346
364 486 2 66 87 2000 13 4 364 22 2 2 1636 364 2 75 1534 102 102 16 72 62
2048 4102 4386 4388 1061 2602 4399 2867 4420 2134 4319 4450 3044 3045 4455 4456 4457 3690 4459 4206 4344 4458
695 394 77 73 2000 695 187 1305 21 695 5 11 1300 5 4 1 1 5 2 45 82 1
