66 45 78 77
13 74 3 7
96 97 66 45 79 90 94
1 2 44 46 12 2 28
145 131 140 142
1 20 6 4
162 163 144 153 157 158
4 3 2 7 2 6
196 144 180 181 189 190
11 20 26 65 19 7
240 205 144 181 249 189
3 23 195 99 8 13
260 267 303 144 306 181 313 315 309
132 17 4 264 15 67 4 2 2
384 331 144 344 377 381
4 18 194 13 6 5
418 433 424 427 144 440 435 344 411 414
3 5 1 16 65 3 4 12 5 24
513 514 452 456 490 144 465 499 470 503 414
4 2 65 5 104 36 65 12 7 1 186
513 452 490 465 499 533 534 503 506 414
65 14 178 14 20 15 4 43 74 379
545 546 547 551 490 539 541 414 543
15 4 1 3 194 89 3 458 8
608 545 546 609 554 600 596 606 543 571 490 414 607
2 94 50 4 30 1 1 3 3 90 297 626 9
545 546 639 490 653 656 657 658 571 636 554 414 607
52 172 20 293 2 3 2 1 205 13 51 622 43
545 546 699 677 712 714 490 706 702 694 713 698 571 554 414
83 64 8 52 7 2 306 9 2 20 1 11 293 26 544
545 763 694 745 490 756 758 735 761 571 414 677
40 2 17 20 400 27 12 11 3 73 601 24
545 802 806 807 777 490 788 745 756 801 414
185 4 6 1 83 326 14 46 52 11 449
545 835 777 490 843 847 848 788 745 756 414
56 3 73 718 5 2 1 110 15 13 756
545 866 899 897 777 490 898 788 414
29 32 1 5 13 862 1 42 941
545 866 931 929 490 935 908 942 944 945 949 950 920 414
106 6 14 4 928 7 42 3 10 14 4 1 5 958
545 866 490 942 945 990 982 983 986 988 989 414 991
43 17 707 44 63 3 14 13 2 14 3 764 3
1024 1026 490 1036 1037 942 945 1016 1018 414
53 28 632 4 3 111 15 14 21 696
1024 1088 1026 490 1090 942 1043 1085 414
95 8 57 739 4 78 44 5 750
1024 1091 1126 490 942 1104 1043 1108 1110 414
236 65 13 737 102 40 264 16 39 737
1024 1185 1091 1187 1182 490 942 1104 1137 1043 1134 1176 1177 1180 414 1183
367 1 7 1 5 543 97 110 93 698 20 18 5 31 543 6
1024 1184 1091 1233 1192 1225 490 1227 1229 942 1104 1137 1043 1237 414
326 29 1 12 13 6 490 2 19 195 157 233 711 5 490
1024 1264 1267 1265 490 1249 942 1104 1137 1043 1233 1269 414
473 20 3 9 240 10 65 73 335 1028 10 2 240
1024 1104 1299 1289 490 1291 942 1295 1264 1137 1043 1300 1269 1303 1304 1277 414
459 1 5 3 445 11 69 3 20 238 862 17 31 8 6 25 445
1024 1376 1380 1381 1321 490 1367 942 1331 1137 1330 1043 1374 1366 1303 1372 1373 414
405 3 4 2 21 448 4 108 6 125 21 862 3 3 113 7 2 448
1024 1378 1414 1393 490 1410 942 1391 1137 1043 1396 1303 414
737 38 2 19 461 6 10 113 105 716 12 193 461
1024 1443 1457 490 1451 1452 942 1391 1456 1137 1043 1303 1455 1435 414
733 25 2 308 28 5 71 121 6 156 784 135 10 7 308
1024 1443 490 942 1455 1137 1490 1043 1502 1494 1303 1497 1391 1500 1501 414
773 7 205 164 174 305 25 858 1 6 19 10 80 7 5 205
1024 1504 1540 490 1547 942 1455 1137 1043 1528 1529 1391 1532 1546 414
608 34 2 345 6 161 97 87 886 2 31 94 5 5 345
1024 1615 490 942 1391 1137 1043 1620 1622 1624 1529 1594 1455 414
619 2 399 17 45 72 965 14 3 1 87 3 97 399
1024 1634 1647 490 1646 1391 1648 1137 1043 1620 1529 1455 414
198 1 3 497 4 56 1 41 1305 15 259 44 497
1024 1668 1669 1671 490 1675 1677 1391 1043 1620 1654 1529 1647 414 1663
104 26 10 9 462 10 1 76 1434 75 2 407 243 462 36
1728 1024 1730 1668 490 1647 1684 1043 1620 1529 1391 414 1663
10 1 2 71 607 307 24 1392 127 469 3 607 52
1668 1767 490 1778 1647 1777 1684 1043 1620 1529 1756 414 1663
41 8 529 26 335 29 22 1471 336 364 50 529 68
1668 490 1806 1647 1777 1043 1620 1812 1815 1529 1791 1756 414 1663
140 534 12 296 30 1466 340 25 2 296 57 31 534 86
1856 1668 1878 1862 490 1867 1870 1647 1043 1620 1812 1879 1876 1529 1875 1663 1853 414 1791
16 44 1 6 275 1 8 180 1725 256 44 2 5 180 13 73 1 275 166
1920 1668 1928 1932 490 1931 1900 1647 1945 1938 1043 1812 1940 1529 1620 1914 1663 1930 414 1791
2 19 7 1 89 24 29 303 1 1 1911 19 2 303 332 26 39 7 89 100
1952 1985 1668 1990 1991 1992 1993 490 1931 1647 1994 1043 1620 1812 1529 1791 1988 1981 414 1663
45 8 132 5 1 3 1 198 28 218 2 1802 342 132 218 50 2 49 198 41
1952 2017 2019 1668 2021 2022 1991 490 1931 1647 2001 1043 1620 1812 1529 2011 2020 414 2015
44 7 5 11 2 1 68 11 113 318 8 1989 450 11 318 4 3 11 6
1952 2051 2053 1991 2056 2057 2058 1931 2061 2066 2062 1647 2064 2034 1043 1620 2037 2055 1529 2011 2063
57 2 7 91 13 5 1 48 1 3 3 317 1 11 2000 214 36 10 317 38 1
1952 2099 2115 2118 1991 2120 2122 1931 1647 2098 1043 1620 2101 2071 1529 2095 2123
85 20 4 5 10 2 1 7 93 19 2000 231 1 28 93 6 2
1952 2115 2118 1647 2098 1043 1620 2166 2169 1529 2170 2171 2172 2173
39 7 73 143 100 2000 27 2 11 143 2 1 1 1
1952 2240 2211 2244 2118 2183 1647 2225 2098 1043 2229 1529
4 4 17 5 294 48 21 56 130 2000 31 21
2299 2277 2118 2183 2279 2288 2225 2098 1043 2229 2294 2298 2267 2211 2301 2302 2291
1 10 336 8 39 18 89 206 2000 8 30 8 4 6 1 1 4
1043 2118 2279 2347 2351 2225 2098 2355 2356
2000 186 8 19 11 160 202 56 1
2372 2405 2118 2355 2381 2225 2098 1043 2356 2391 2406 2373
111 13 220 16 56 222 84 2000 21 8 4 4
2432 2372 2118 2407 2451 2447 2448 2225 2098 1043 2356
17 275 447 17 4 9 6 63 47 2000 138
2496 2523 2372 2118 2509 2478 2225 2098 1043 2356 2518 2487 2490 2491 2525 2526
35 8 169 402 6 6 27 10 2000 190 14 44 64 24 2 2
2560 2496 2523 2532 2566 2118 2567 2569 2570 2571 1043 2356 2487 2490 2555 2565
26 12 2 9 4 162 1 2 1 2 2000 100 26 221 8 1
2624 2625 2118 2600 2573 2606 2621 1043 2496 2487 2490 2619 2618 2622 2623
1 2 189 48 56 14 12 2000 2 36 198 9 3 2 1
2656 2659 2661 2118 2663 2600 2665 2573 2606 1043 2490 2621
8 12 6 161 5 27 2 117 49 2000 170 86
2656 2693 2118 2695 2696 2697 2573 2621 2672 1043 2490 2683 2684 2682
136 2 103 4 3 1 213 95 41 2000 128 3 7 21
2656 2118 2573 2769 2738 1043 2742 2770 2490 2621
15 204 315 5 21 2000 7 1 16 92
2656 2785 2786 2787 2756 2790 2118 2573 2738 1043 2742 2775 2490 2621
5 17 2 3 5 1 302 320 101 2000 47 3 110 59
2785 2822 2118 2823 2824 2825 2827 2828 2573 2803 2738 1043 2806 2775 2490 2813
91 18 189 1 1 1 1 1 587 43 11 2000 116 15 353 5
2785 2885 2118 2892 2889 2891 2898 2573 2894 2895 2896 2738 1043 2868 2806 2803 2490 2875 2893 2877 2847
22 3 287 1 3 3 2 414 5 8 2 5 2000 111 148 93 309 17 3 21 19
2946 2118 2951 2891 2573 2925 1043 2868 2806 2803 2490 2847
8 450 3 21 125 53 2000 54 73 49 270 21
2978 2118 2984 2573 2991 2992 1043 2806 2490
1 625 5 4 2 9 2000 324 491
3042 2118 1043 2806 3032 2490 3035 3036
23 910 2000 278 21 542 59 11
3042 3043 3046 2118 3081 3086 3087 3088 1043 3060 2806 3032 2490 3036 3070 3078
79 17 64 1356 3 3 2 1 2000 9 228 19 424 69 25 26
3042 2118 3046 3143 3144 3132 3089 1043 2806 2490 3036 3070 3078
116 1339 91 1 1 2 6 2000 115 311 33 33 38
3104 3105 3042 3078 2118 3086 1043 2806 3046 2490 3099 3100 3070
2 1 297 60 1178 4 2000 44 4 341 4 6 23
3137 3042 3141 2118 3146 3115 3148 3149 3151 1043 3124 2806 2490 3134 3135
11 33 3 1258 6 28 5 8 2 2000 4 57 90 6 26
3042 2118 3176 3115 1043 2490 3162
166 1396 2 9 2000 166 57
3042 2118 3206 3239 3240 3241 3243 3245 3246 3215 3248 3218 1043 2490 3247
72 1503 94 13 25 4 6 1 2 48 1 13 2000 72 3
3270 3298 2118 3206 3240 3278 3215 3218 1043 3294 3301
44 9 1183 107 55 60 17 134 2000 5 4
3330 2118 3270 3315 3347 3307 3218 3278 3304 3346 1043 3342 3354 3355 3325 3206
3 1236 75 24 1 29 63 29 4 12 2000 14 1 1 1 30
3360 3270 2118 3315 3368 3372 3374 3218 1043 3342 3354 3357
28 107 1404 73 7 10 1 18 2000 29 43 11
3360 3270 2118 3315 3372 3409 1043 3380 3381 3354
128 9 1466 21 10 4 2000 55 21 9
3360 3457 3458 3270 2118 3315 3468 3436 3469 3438 3442 1043 3380 3381 3372 3453
159 7 6 34 1391 71 21 26 8 13 27 2000 425 55 11 10
3360 2118 3270 3502 3506 1043 3380 3438 3480 3508
41 1737 91 19 1 2000 754 22 2 3
3360 3567 3270 2118 3565 3438 3571 3568 3570 1043 3380 3502 3575 3480 3546 3547 3557
70 1 346 1597 10 94 10 2 2 2000 717 51 3 63 3 16 17
3360 3616 3618 3587 3620 2118 3270 3593 3565 3438 3613 3601 1043 3380 3502 3480 3619 3610 3581 3605
19 27 3 2 1 1586 340 14 54 30 2 6 2000 734 20 14 7 6 28 2
3680 3681 3682 3619 3684 2118 3270 3593 3565 3502 3685 3632 3683 1043 3380 3640 3676 3581 3679
5 1 2 97 4 1541 376 85 64 41 1 39 2 2000 435 3 7 110 3
3712 3718 3593 3725 3727 3728 1043 3743 3744 3745 3746 3619 3270 3502 3632 3380 2118 3749 3747 3679 3684 3565 3703 3581 3711
18 13 26 2 8 6 2000 7 6 2 7 256 458 198 81 288 1483 1 1 8 119 25 35 256 5
3712 3808 3619 3684 2118 3270 3593 3502 3798 3793 3794 1043 3380 3766 3801 3795 3772 3581 3806 3807
85 4 264 258 1541 277 37 347 2 9 3 2000 455 72 9 1 57 264 7 1
3712 3841 3619 3684 3270 2118 3857 3593 3821 3502 3855 3856 3793 3858 1043 3380 3766 3849 3772 3581
84 7 109 419 138 1534 1 231 7 503 5 2 74 1 2000 500 25 1 14 109
3270 3712 3619 3684 2118 3878 3593 3883 3885 3502 3793 1043 3380 3881 3581
103 7 37 463 1802 14 320 2 1 470 66 2000 872 34 37
3938 3878 3684 2118 3270 3943 3593 3913 3947 3948 3949 3502 1043 3380 3925 3945 3940 3931 3932
2 41 814 1815 110 1 196 8 2 4 2 814 2000 695 1 2 6 22 25
3270 3684 2118 3878 3593 3502 3983 3984 3985 3986 1043 3380 3913 3961 3962 3988
36 1044 1812 106 46 1044 9 10 4 3 2000 686 13 15 36 1
3878 3684 3270 2118 3593 4010 4011 4012 3502 1043 3380 3962
66 1212 42 1852 75 5 4 2 1212 2000 523 276
3684 2118 3502 4050 1043 3380 4055 3962 4027
1505 1923 1505 8 2000 418 1 510 176
4115 4027 3684 2118 4109 3502 4112 4114 1043 3380 4110 4119 4100 3962 4059 4058
2 12 1655 1965 4 1655 4 12 2000 310 5 3 31 576 7 28
1043 4125 2118 3502 4147 3380 4027 4157 4166 4167 4171 4172 4179 4181 4182 4185 4058 4187 4188 4189 4190 4191 3684 3962
2000 42 2000 1734 14 266 110 17 7 3 5 10 10 9 3 5 49 1 2 1 2 1 1734 422
4147 4219 3684 2118 4125 3502 4157 1043 3380 4206 4215 4217 4212 3962 4027 4220 4058 4223
15 2 1521 2000 20 1521 112 2000 479 30 5 1 8 599 65 2 87 6
3684 2118 4263 4234 4267 4268 4269 3502 4271 1043 3380 4266 4248 4260 3962 4157 4255
1707 2000 4 25 2 1 1 1707 1 2000 293 5 2 10 488 452 17
3684 2118 4297 4234 4299 4300 4301 3502 1043 3380 4248 4260 3962 4157
1889 2000 4 58 1 1 1 1889 2000 111 5 57 515 663
4354 4356 3684 4326 2118 4358 3502 4349 1043 3380 4260 3962 4315 4316 4157 4357
9 8 1932 8 2000 3 1932 9 2000 68 39 275 47 22 789 8
4387 4260 2118 4403 4394 4402 3502 4349 4370 1043 3380 4315 3684 3962 4367 4157 4382
3 46 2000 1 14 2 1950 34 20 2000 50 23 1950 75 15 380 23
4445 4448 3684 2118 4396 4434 3502 4157 4370 1043 4436 4406 4439 3962 4442 4349 4447
2 1 2000 2000 12 6 2000 280 69 2000 17 27 17 12 2 43 1
3684 4486 2118 4490 4491 4460 3502 1043 4469 4473 4442 4157 4479
2000 6 2000 4 3 113 2000 2000 28 32 11 337 11
4545 4546 4547 3684 4486 2118 4460 3502 4541 1043 4469 4534 4535 4473 4538 4540 4157 4542
3 2 5 2000 58 2000 68 2000 19 2000 5 4 4 82 13 11 165 5
4576 3684 2118 4486 4583 4553 4460 3502 4573 4592 4595 1043 4604 4601 4600 4473 4602 4591 4540 4157
6 2000 2000 145 8 30 50 2000 26 15 3 2000 1 4 10 69 1 25 10 177
4640 3684 4486 2118 4583 4553 3502 4573 4656 1043 4661 4663 4664 4473 4157
4 2000 14 2000 33 113 2000 2 2 2000 2 2 1 29 106
4705 4706 3684 4709 2118 4583 4712 4553 4715 4684 3502 4719 4720 4721 4722 1043 4697 4698 4157
30 22 2000 15 2000 129 5 60 62 15 2000 3 1 13 3 2000 62 28 45
