7 42 55 49 52 56 24 25 58 59 29
128 1 6 13 3 4 75 30 3 1 17
129 131 102 135 136 137 7 140 141 111 117 121 24 25
9 9 5 23 8 6 17 1 1 27 6 16 217 79
135 111 183 24 25 186 188 189
224 236 7 152 161 1 2 1
224 226 227 230 135 111 208 216 24 25
3 3 6 1 125 546 42 8 195 157
256 272 290 293 294 135 268 111 208 274 24 25
16 4 5 2 1 244 10 369 65 4 305 67
323 324 325 135 296 268 300 111 24 25
3 1 2 344 58 3 75 406 80 123
395 327 296 135 300 111 24 404 405 406 408 25
2 111 106 404 135 633 25 2 1 1 3 113
472 135 296 423 300 462 111 465 468 405 470 471 436 25 411
1 330 99 48 192 10 720 14 6 30 3 1 11 275 34
512 513 135 296 300 111 405 25 506 411 508 510 511
2 3 453 61 65 872 13 63 3 35 5 18 2
547 135 296 522 111 560 564 570 571 572 573 510
16 906 127 7 575 3 13 3 3 2 5 16
582 135 296 522 590 111 592 569
34 730 369 74 32 671 5 8
641 644 645 582 135 296 649 522 651 621 111 592 605 638 650
11 4 2 38 413 514 8 230 1 17 863 9 43 6 1
701 708 582 135 296 714 522 652 111 656 692 699 700 605
4 4 23 312 372 3 189 64 831 17 2 3 35 37
701 740 742 582 135 296 522 715 749 750 111 751 605
4 10 29 169 738 475 58 18 5 3 300 1 15
772 774 742 135 296 522 111 762 767
18 1 61 790 386 1 172 50 3
833 834 838 742 135 296 810 811 814 111 839 819 820 825 762 815 828 830 831
2 3 1 115 1044 232 14 27 13 201 1 13 4 2 14 23 2 9 2
742 135 296 111 819 855 856 857 858 860
40 1270 320 294 43 30 21 2 6 1
896 897 898 899 135 296 111 892 893 894 895
12 1 1 2 1491 174 335 7 16 4 2
901 135 296 942 943 944 945 111 894
94 1640 256 1 2 1 2 104 94
962 901 135 296 969 971 111 976 945 968 990 982 983 986 975 894 991
78 68 1784 175 9 5 41 10 9 33 3 2 3 2 24 68 2
901 975 135 296 1033 111 976 1014 1047 1048 1019 894
327 198 1836 51 2 113 12 85 10 2 72 327
1019 901 135 296 1098 1099 1100 1101 1102 111 1014 1081 975 894
24 167 1784 35 8 16 8 3 3 181 170 6 191 167
1121 1019 1156 901 135 1135 111 1137 1155 1014 1143 1144 1145 975 894 1151
47 52 3 100 1822 4 178 11 2 178 4 1 13 56 100 3
1121 1186 1179 1188 1174 135 1185 1019 111 1167 1014 1175 1176 1178 975 1180 894 901
68 1 26 1 53 1817 4 119 183 2 183 4 20 3 236 20 93 93
1121 1179 1188 901 135 1225 1226 1227 1019 1198 111 1219 1228 1014 1174 1209 1178 975 1220 894
2 60 59 64 1747 7 3 3 105 48 253 18 1 253 135 42 31 257 14 64
1248 1282 1283 1188 1174 135 1292 111 1260 1198 975 1179 1014 1019 894 901
7 2 10 2 103 1889 1 111 24 72 356 313 111 29 68 68
1248 1313 901 135 111 1260 1198 975 1299 1174 1303 1014 1179 894 1317
11 12 127 1910 90 13 90 45 54 69 13 90 45 127 1
1323 1348 901 975 135 1352 1355 1356 1198 111 1320 1333 1014 1335 1174 1179 894
34 1 64 80 1750 9 3 1 250 250 22 72 250 28 145 80 64
1379 901 1374 135 1383 1198 975 1396 1333 1174 111 1014 1179 894 1375
3 267 6 1970 16 30 35 9 500 500 30 30 35 267 36
1442 1444 901 975 135 1429 1449 1419 1453 1198 111 1333 1014 1454 1174 1455 1179 894 1375
5 3 242 75 1817 79 1 49 1 183 183 571 183 1 571 2 75 242 29
1472 1467 901 135 1419 1485 1198 975 1487 1457 1375 1333 1174 1495 111 1014 1486 1179 1489 894 1471
10 29 78 1987 54 2 13 115 1 42 19 320 320 3 13 13 1 115 6 78 7
1174 975 135 1528 1198 111 1521 1523 1333 1014 901 1529 1179 894 1375
139 294 1793 3 207 207 11 2 139 207 9 2 294 9 14
1536 1014 135 1576 1575 1546 111 1198 975 1333 1174 1179 1578 1566
36 86 1914 16 31 46 86 86 346 50 50 346 12 42
1014 135 1641 111 1198 975 1333 1174 1639 1615 1179 1628
29 1971 10 29 29 964 55 55 1 11 964 1
1667 1691 1014 135 111 1198 975 1682 1651 1333 1174 1690 1179
53 2 5 1995 5 5 1169 17 14 78 78 3 1169
1698 1667 1732 135 1746 975 1744 1745 1682 1747 1333 1174 1179
23 187 10 2000 1 1081 7 2 35 4 137 137 1081
1761 1698 1667 1732 135 1768 1769 975 1780 1333 1174 1783 1179
8 182 352 25 2000 5 20 1358 11 116 116 1 1358
1807 1698 1667 1732 1814 135 1819 1803 975 1811 1333 1174 1816 1817 1818 1179 1820 1821 1822
23 225 506 12 34 2000 1 10 1391 8 103 103 10 30 3 1391 4 5 1
1807 1698 1667 1814 135 1868 1879 1871 1869 975 1872 1848 1874 1878 1333 1174 1881 1880 1817 1876 1179
73 578 990 144 2000 36 1 6 1 975 9 8 1 5 35 35 4 3 116 9 975
1921 1667 1925 135 1929 1933 1934 1807 1936 1817 1179 1698 1868 975 1878 1879 1882 1935 1899 1900 1913 1915 1917
3 639 41 2000 10 2 2 84 2 375 1361 752 13 1361 13 1 31 1 99 6 4 7 17
1807 1953 1698 1667 1925 135 1899 1964 1965 1966 975 1817 1179 1948
242 33 1248 281 122 2000 112 2 3 1 1719 659 1719 207
1807 1698 2011 1925 1999 135 2025 2026 1899 975 1667 2023 1817 1179 1948 2019 2022
116 1351 41 349 63 2000 3 1 110 1663 337 1 1035 1663 38 6 3
1807 1698 2011 1925 1999 135 2090 1899 2092 2082 975 1667 2070 1817 1179 1948
82 1807 92 422 75 2000 10 316 1 36 1908 92 37 1285 1908 19
1807 1698 2011 2093 1925 135 2095 1899 2092 2082 975 2096 1667 2070 1817 1179
176 1734 54 2 273 2000 1 206 4 24 1910 4 90 33 944 1910
1807 1698 1667 1925 135 2152 1899 2082 2011 975 2096 2158 2135 1817 1179
33 1774 193 194 2000 1 46 33 2 1807 6 1 21 756 1807
1698 1667 1925 135 2218 1899 2082 975 2224 2226 2227 2135 1817 1179 2199 2205
1815 185 82 2000 8 21 56 1815 2 2 1 74 583 1815 11 30
2273 1698 1667 1925 2278 135 2281 2282 2082 2255 975 2290 2258 2291 2286 2135 1817 1179 2205 2270
6 1700 300 4 13 2000 15 5 26 39 1700 4 49 2 1 11 602 1700 122 13
2336 2337 1698 2339 135 2273 2316 2082 2255 975 2319 1667 1817 1179 2205 2334
7 1 1702 2 2000 24 43 13 41 1702 13 298 831 1702 20 19
2363 2273 1698 2371 2372 135 2380 2343 2316 2082 975 2319 2385 1667 2388 2390 1817 1179 2205
85 90 1757 60 12 2000 18 56 42 67 1757 67 3 243 1 1 811 1757 97
2363 2273 1698 1667 2439 135 2343 2380 2445 2446 975 2371 1817 1179 2205
110 82 1776 224 2 2000 50 28 5 2 1776 36 1144 1776 115
2363 2273 1698 1667 2468 2469 2470 135 2343 975 2465 2467 1817 2458 1179 2459 2205
139 29 1393 607 4 2 1 2000 180 1393 4 9 991 81 1393 15 173
2363 1698 1667 2502 135 2504 2343 2476 975 2467 1817 2525 1179 2524 2205 2526
171 1420 580 87 2000 22 177 7 1420 122 917 2 1420 2 68 1
2363 1698 2467 2564 2585 135 2504 2343 2476 2573 975 2577 1667 2580 2543 1817 1179 2539
86 1698 187 32 2 2000 15 137 15 19 1698 10 302 8 3 1234 1698 17
1698 2467 135 2504 2343 975 2577 2610 1667 2580 2613 2614 2615 1817 1179
1179 342 2000 68 693 1179 20 33 821 16 3 4 1 673 1179
2657 1698 2467 2660 2343 2504 135 2674 975 2676 2643 1667 2580 2677 2614 1817 1179
9 1346 584 10 614 37 2000 2 1346 2 20 654 26 2 1 613 1346
2752 2749 1698 1667 2747 2343 2730 135 2695 975 2467 2743 1817 2746 1179 2735 2711
2 1 1489 511 6 449 2 2000 67 1489 716 20 468 2 1489 12 1
1698 2467 2343 135 2766 975 2800 2802 1667 2805 2806 1817 1179 2749 2783
1441 883 559 2000 88 1441 1 3 559 1 1 188 1441 31 13
2847 2851 1698 2467 2852 2853 135 2825 2343 2850 2766 975 1667 2830 2840 1817 1179 2783
3 1 1081 789 4 1 2000 108 919 1 56 1081 919 2 5 160 1081 52
1667 135 2825 1817 1179 1698 2467 2343 2856 2867 2871 2888 2890 2892 975 2904 2906 2907 2908 2910 2912 2916 2917 2918 2920 2921 2922
636 2000 79 403 1364 1364 938 636 62 23 33 33 14 27 1364 1 21 3 2 2 3 7 2 1 2 3 2
2946 1667 135 2825 2957 2960 1817 1179 1698 2467 2982 2343 2856 2986 2987 2988 2867 2888 2890 975 2984 2938
33 628 2000 34 10 1 463 1372 1372 888 4 628 72 1 2 1 136 95 44 1372 16 21
2867 3008 1698 1667 3013 2982 135 2856 2825 2890 2343 2988 2946 975 2467 3015 3009 1817 1179 3006
78 10 1562 438 1 1 2000 60 33 201 438 33 36 1562 824 4 3 738 1562 12
1698 2467 3062 135 2856 2890 2343 975 3024 3057 1667 3061 3030 1817 1179
1637 1289 1 2000 324 224 363 1637 28 4 363 1 3 348 1637
1698 2467 135 2856 2890 2343 3086 975 3080 1667 3064 1817 1179 3082 3071
1759 1661 2000 445 115 241 2 1759 18 241 48 98 1759 3 3
1698 2467 3099 135 2856 2890 2343 975 3120 3080 1667 3124 3129 3064 1817 1179 3109
1840 1782 13 2000 429 47 160 1840 26 2 160 25 2 167 58 1840 4
1667 135 1817 1179 1698 2467 3109 2343 2856 3139 3144 2890 975 3151 3167 3168 3171 3173 3174 3175 3176 3064
15 2000 22 1985 1985 1963 59 15 244 18 46 15 1985 2 6 1 8 2 2 1 1 88
3201 135 3216 1179 3233 1698 2467 3109 2856 3241 3244 3245 3246 3247 3144 3234 975 3237 3175 3176 3240 3064
23 2000 3 2000 9 2000 2000 30 113 1 4 5 2 1 47 18 2000 7 71 47 3 47
3201 1698 2467 135 3144 3274 3281 3234 975 2856 3282 3284 3285 3286 3064 1179
49 2000 2000 2000 38 17 2 20 2000 20 13 9 1 2 38 2000
1698 2467 135 3310 975 3318 3319 3320 1179
2000 2000 2000 48 2000 2 1 1 2000
3367 1698 2467 3332 3365 135 3368 3370 3371 975 3343 3348 3364 1179
1 2000 2000 138 31 2000 2 2 2 2000 4 24 2 2000
3393 1698 2467 3332 135 3401 3402 3399 3406 975 3407 3417 1179
21 2000 2000 57 2000 11 42 19 4 2000 3 1 2000
3393 1698 2467 135 3399 975 3447 3448 3435 1179 3449
136 2000 2000 2000 56 2000 35 5 12 2000 1
3393 1698 2467 3479 3462 135 3484 3467 975 3475 3476 3447 3481 3482 1179 3452 3485 3486
117 2000 2000 4 1 2000 1 42 2000 50 5 62 1 3 2000 19 2 1
3393 1698 2467 3493 3494 135 3529 3530 3527 975 3504 3475 3476 3509 3447 1179 3452 3531
33 2000 2000 20 5 2000 1 1 7 2000 52 382 26 3 8 2000 29 2
3393 1698 2467 3556 3493 135 3580 3562 975 3568 3538 3475 3476 3574 3577 3572 1179 3452 3581 3582 3579
14 2000 2000 4 14 2000 2 27 2000 1 69 274 28 4 4 5 2000 34 4 3 7
3600 1698 2467 3621 135 3625 3626 3627 3596 975 3603 3475 3572 3606 3476 1179 3581
5 2000 2000 14 2000 3 1 1 6 2000 29 246 142 113 23 2000 67
3680 1698 2467 3684 3686 135 3659 3475 3682 975 3667 3572 3637 3606 3674 1179 3581
8 2000 2000 1 1 2000 39 15 4 2000 14 350 24 24 2 2000 35
1698 2467 135 3722 3723 3724 3714 3726 975 3572 3606 3674 1179 3711
2000 2000 2000 3 2 1 28 2 2000 363 53 34 2000 10
1698 2467 3771 135 975 3762 3572 3765 3766 3767 3769 3770 1179 3727 3759 3743
2000 2000 1 2000 2000 1 127 3 4 4 1 2 2000 65 3 2
1698 2467 3782 135 975 3779 3572 3797 3798 3799 3800 3796 1179 3727
2000 2000 5 2000 2000 4 75 3 5 5 1 2 2000 7
1698 2467 135 3851 3852 975 3847 3779 3572 3799 3843 1179
2000 2000 2000 4 6 2000 2 59 25 46 20 2000
1698 2467 135 3883 3879 3896 3885 975 3889 3899 3779 3894 3799 3843 1179 3901
2000 2000 2000 10 60 1 1 2000 10 2 100 29 13 13 2000 1
3936 3937 1698 2467 3940 135 3879 3918 975 3920 3943 3894 3843 3908 1179
6 6 2000 2000 5 2000 122 53 2000 15 1 65 5 27 2000
1698 2467 3993 135 3879 3918 975 3952 3843 3991 3894 3959 3992 3961 1179 3965
2000 2000 1 2000 139 101 2000 8 46 9 4 54 2 54 2000 42
4032 1698 2467 4047 135 3879 3918 975 4048 4050 3843 3959 3961 1179 4031
1 2000 2000 1 2000 240 87 2000 3 1 77 22 22 2000 25
1698 2467 4079 135 4073 3879 4076 975 4048 3959 3961 1179 4091 4094 4095
2000 2000 10 2000 8 533 109 2000 92 18 18 2000 34 14 5
4129 1698 2467 3879 4143 135 4140 4141 4142 975 4139 4116 3959 3961 1179 4094
10 2000 2000 646 1 2000 5 1 1 2000 4 16 72 72 2000 57
1698 2467 4198 135 4168 3879 4199 4162 975 4176 4177 4195 4094 4152 1179 4190
2000 2000 1 2000 11 725 2 12 2000 11 13 9 28 2 2000 13
4224 1698 2467 135 4168 3879 4205 975 4216 1179 4220 4222
2 2000 2000 2000 5 795 5 2000 22 2000 1 2
1698 2467 4262 3879 4251 135 975 4227 4235 4263 4216 1179 4253 4254
2000 2000 1 759 7 2000 2000 32 32 3 43 2000 10 9
1698 2467 4275 3879 135 4271 975 4227 4235 4276 1179
2000 2000 3 605 2000 34 2000 184 3 4 2000
1698 2467 4324 3879 135 4271 975 4227 4344 4345 4346 1179 4318 4287
2000 2000 10 639 2000 58 2000 100 2 3 1 2000 22 83
1698 2467 4356 135 4392 3879 4271 975 4400 4401 4227 4373 4408 4409 1179 4318 4287
2000 2000 17 2000 6 603 69 2000 19 6 107 11 7 1 2000 9 57
4448 1698 2467 975 135 3879 4462 4271 4465 4466 4227 4468 4408 1179 4287
3 2000 2000 2000 2000 316 15 185 5 4 127 9 24 2000 127
1698 2467 4516 975 135 4522 3879 4514 4271 4227 4468 4470 1179 4515 4287
2000 2000 3 2000 2000 2 271 23 204 174 9 16 2000 3 78
1698 2467 3879 135 4271 975 4560 4227 4568 4569 4570 1179 4287
2000 2000 516 2000 11 2000 56 376 1 2 1 2000 83
1698 2467 135 4585 4618 3879 4620 4622 975 4227 1179 4287
2000 2000 2000 13 1 415 7 3 2000 352 2000 149
4640 4672 1698 4227 4676 135 4652 3879 4620 4674 4654 975 2467 4671 1179 4638 4287
76 2 2000 277 1 2000 20 313 117 1 50 2000 2000 8 2000 4 17
4640 1698 4227 135 4680 3879 4620 975 2467 1179 4668 4683 4670
103 2000 82 2000 2 96 74 2000 2000 2000 10 1 4
4640 1698 2467 4708 135 4716 3879 4620 4717 4718 975 4227 4693 4694 4698 1179
46 2000 2000 3 2000 7 14 25 2 2 2000 14 22 57 12 2000
