25 26 12 15
46 1 26 66
33 41 43 47 51 52 25
1 12 1 1 2 3 23
100 68 102 104 74 76 82 84 54 55 57 92 94
2 20 1 2 19 10 7 37 58 34 17 15 4
96 68 74 111 112 117
66 32 61 15 2 1
96 74 68 165 157
14 43 204 1 21
192 196 168 74 204 205 200 68 157
2 9 9 148 1 1 3 54 10
259 68 261 74 247 236 253 249 260 157
1 17 3 254 2 41 3 7 3 120
297 74 299 301 305 157
31 268 4 2 1 92
369 297 74 359 364 367 368 305 343 157 361
1 1 207 1 5 2 2 142 117 326 11
389 401 361 74 305 402 404 382 343 157 394 383
6 2 8 159 202 2 5 8 250 394 43 7
438 305 426 427 157 432 401 447 446 406 343 445 443 444 74 394 405
1 143 69 32 507 9 83 1 3 4 33 3 11 5 194 83 17
480 482 305 489 426 157 401 499 502 505 504 473 507 508 74 394
3 16 273 36 58 413 58 2 1 5 1 61 2 1 306 295
482 503 401 489 74 491 496 305 499 505 504 473 506 507 508 157 394 426
22 5 12 44 261 74 12 471 9 7 2 364 2 1 1 857 261 12
555 547 517 561 552 489 74 491 496 305 562 554 473 157 394
4 36 145 12 1 51 64 144 26 595 1 4 395 990 64
611 517 489 618 491 620 589 305 473 157
1 378 39 10 404 18 18 471 306 777
675 517 305 620 491 647 589 623 656 625 660 665 664 473 668 157 670
3 388 451 3 721 55 20 3 4 26 11 4 3 198 1 649 1
683 517 647 713 714 491 718 719 720 305 473 698 157
67 304 7 8 1 792 10 3 2 267 246 44 513
683 517 305 779 780 778 491 748 781 765 775 753 771 473 157 773
34 203 70 2 2 1 857 23 1 4 18 53 3 336 406 4
491 804 517 305 683 748 753 803 792 473 157
547 1 21 242 242 26 46 5 46 737 979
491 517 753 683 812 157 816 305 818 803 792 473 828 829
460 29 61 75 1 746 3 75 3 66 47 671 1 1
871 834 491 753 683 876 877 878 305 839 803 792 473 157 862
12 76 323 229 106 2 1 1 106 40 95 38 962 1068 6
834 803 683 753 491 893 305 839 473 890 157 894 881
38 32 161 185 70 11 161 1 1165 10 1326 5 38
960 961 962 305 683 910 957 912 753 949 950 473 157
1 2 1 255 255 104 7 4 63 6 3 851 1106
961 971 753 683 910 989 305 982 473 987 157 990 991
8 26 54 521 302 2 521 93 535 19 1056 1 1
1025 1009 1028 997 753 1036 1034 683 1004 1037 910 1035 305 1011 971 982 473 157
19 42 15 31 117 1 1 330 148 2 435 1 330 118 55 251 693 1023
1025 971 997 1009 683 1004 305 910 753 1011 1044 982 473 1083 1084 157 1086
57 17 155 147 335 274 335 389 199 51 22 123 667 3 5 1002 2
1025 1134 997 305 753 683 1004 1133 910 1135 1009 1138 1142 1044 1141 982 473 1083 157 1011
8 13 59 595 59 595 465 19 254 19 234 9 4 3 3 167 610 158 1205 3
1195 1159 1160 910 1168 1173 1175 1177 1180 157 1185 1189 1192 683 1196 1198 1199 305 1083 982 473 1004 1133 1134 1135 1009 1145
7 12 30 264 10 31 11 7 6 1051 42 6 11 493 2 1 2 493 258 191 558 550 20 1 11 282 1
1185 1238 305 1233 683 1004 910 1009 1249 982 1177 473 1241 1083 157 1223
89 21 547 23 547 607 232 318 1 49 20 607 4 318 1154 73
1185 1282 1009 1286 1233 1292 1290 683 1004 910 305 982 1291 473 1083 1276 157 1223
63 14 36 2 18 2 4 544 810 386 544 76 1 810 36 8 1354 33
1335 1009 1223 1185 683 1004 910 305 982 1337 1336 473 1338 1083 157 1339
7 9 121 11 570 616 411 570 24 7 4 616 3 9 1186 1
1387 1381 1393 683 1004 910 305 473 157 1374
5 7 3 663 566 335 663 566 1229 8
1409 1419 1415 683 1004 1421 910 305 1428 1429 473 157
60 1 1 700 681 7 311 700 1 18 681 1381
1409 1442 683 1004 1421 910 1488 305 1491 1492 473 1498 1499 1500 157
207 42 759 787 36 229 60 759 4 21 787 5 1 1 1546
1409 1507 1542 1553 1548 683 1004 910 1555 305 1554 1505 473 157
475 3 2 6 15 908 552 65 1 908 5 9 552 1460
1600 1409 1604 1601 1576 683 1004 910 1597 305 1554 1585 1593 473 1595 1596 157
17 286 1 1 26 1067 580 67 5 1067 21 7 7 580 38 8 1647
1409 1605 1649 1644 683 1004 910 1648 305 473 1595 157
56 36 1 42 1009 930 5 9 1009 930 123 1939
1667 1675 1644 1688 683 1004 1679 305 1683 1685 1689 1656 473 1690 1595 157
50 21 168 1 811 1189 20 811 11 6 2 35 1189 1 279 2000
1730 1667 1675 1735 1736 1644 1738 683 1004 305 1714 1731 1737 1656 473 1595 157
2 99 77 7 1 241 1 878 1122 878 93 9 7 38 1122 431 2000
1667 1675 1771 1768 1004 683 1644 1777 1775 1776 305 1752 473 1754 1595 157
421 68 8 2 1193 807 73 1 1 5 807 41 1193 14 648 2000
1794 1667 1809 1644 683 1004 305 1810 1780 1813 1814 1752 473 1595 157 1790 1791
11 187 9 8 354 1646 354 4 51 1 1 36 1646 346 2000 92 10
1858 1667 1860 1831 1819 683 1004 1864 305 1863 1827 1780 1844 1816 473 1595 157 1790
9 112 5 6 9 478 1522 1 478 1 41 45 4 37 1522 478 2000 41
1888 1890 1667 1873 683 1004 1858 1901 1872 305 1891 1780 1877 1831 473 1595 157 1899
41 41 58 107 347 1653 12 1 94 347 7 148 17 123 1653 347 2000 12
1920 1921 1890 1923 1925 1873 683 1004 1872 305 1780 1910 1831 473 1595 157
6 2 80 2 1 43 456 1544 100 456 43 79 106 1544 456 2000
1937 1873 1930 683 1004 1917 1872 305 1938 1939 1780 1910 1831 473 1595 157 1918
7 20 1 609 1391 31 31 609 2 1 20 129 107 1391 609 2000 9
1968 1967 1831 1930 683 1004 1962 1917 1872 305 1910 473 1595 157 1918 1951
2 3 264 109 546 1454 19 105 122 546 51 1454 546 2000 94 22
1974 1831 683 1004 1966 1917 1872 305 1910 473 1978 1595 157 1951
5 166 516 1484 33 157 164 516 153 1484 3 516 2000 122
2017 2001 2033 2031 1831 2025 683 1004 2018 1917 1872 305 2034 1910 2027 473 1595 157 1982 1951
9 39 3 2 170 39 822 1178 81 127 141 822 1 30 3 1178 822 2000 58 108
2018 2001 2052 1831 2079 683 1004 2050 1917 1872 305 2078 1910 2071 2040 473 2074 1595 157 1982 1951
10 32 46 104 3 608 1392 36 29 356 608 1 5 8 184 1392 10 608 2000 202 81
2112 2123 2116 1831 2124 683 1004 2125 1872 305 1951 2071 2040 473 2119 1595 157 1982 2111
26 8 15 107 2 605 1395 1 273 605 2 58 244 1395 9 605 2000 104 16
2112 2128 2168 1831 2071 2156 2167 683 1004 2169 1872 305 2166 2137 2040 473 1595 157 1982 2111
90 26 1 371 20 27 11 267 1733 2 206 267 3 14 155 1733 267 2000 113 110
2176 1004 2071 157 1831 683 305 1595 1982 2111 2112 1872 473 2128 2156 2167 2040 2169 2171 2172 2173 2175
1 1786 2 2000 303 214 214 214 1 100 85 92 1786 161 43 17 212 4 6 1 2 2
2112 1872 2235 2230 1831 2156 2218 683 1004 2190 2186 2128 305 2209 2227 2192 2225 2040 473 1595 157
50 125 4 4 355 88 51 747 1253 9 10 659 747 2 29 3 10 747 1253 747 2000
2112 1872 2282 2247 2156 2218 683 1004 2128 305 1831 2040 473 2249 1595 157 2270 2279
96 34 19 65 354 118 876 1124 522 876 225 876 1124 43 876 2000 1 23
2112 2337 2328 1831 2249 683 1004 2286 2336 2128 305 2324 2334 2247 2040 473 1595 157 2156 2303
117 1 4 139 41 821 1179 71 2 587 821 2 1 29 821 1179 821 2000 234 33
2400 2424 2405 1831 2156 683 1004 2413 2286 2415 2128 305 2420 2421 2249 2040 473 1595 157 2425 2303
44 1 13 205 98 940 1060 25 131 5 842 940 4 6 36 940 1060 940 2000 1 59
2432 2156 2449 2452 2453 2454 2455 2456 2457 2459 157 1831 683 305 1595 2128 473 1004 2286 2040 2426 2303
31 68 3 9 2 2 5 1 1 1 2000 87 1370 1370 1370 1302 630 630 200 1370 147 271
2156 157 1831 683 2476 2479 305 2488 1595 2502 2503 2504 2511 2128 2514 2515 473 1004 2286 2040 2426 2303
18 2000 89 1315 24 17 1315 16 1315 12 20 2 8 1297 5 2 685 685 208 1315 129 510
2503 2523 2535 2513 683 1004 2541 2286 2128 305 2542 1831 2040 473 2426 1595 157 2303
1 1 13 39 1509 491 16 282 1509 1509 5 134 1509 491 119 1509 2000 854
683 2589 2593 2596 2597 1831 2601 2602 2603 157 305 1595 2128 473 2554 2599 1004 2286 2040 2426 2556 2303
1546 4 8 8 1 184 4 3 5 2000 1546 1546 1546 454 173 5 454 270 1546 1 46 922
2635 1831 2633 683 1004 2286 2128 305 2643 2644 2645 2620 2040 473 2554 1595 2556 157 2622 2303
5 211 17 1551 449 238 1551 1551 1 5 4 6 1551 449 211 1551 113 2000 37 1244
2655 1831 683 1004 2286 2128 305 2674 2677 2678 2673 2040 473 2554 1595 2556 157 2622 2303
93 74 1653 347 273 1653 1653 11 1 7 3 1653 347 74 1653 29 2000 29 1574
2708 157 2727 683 305 2738 2745 1595 2750 2751 2758 2760 2128 473 1831 1004 2286 2622 2040 2554 2556 2303
7 2000 18 1638 1638 6 2 1638 15 4 2 1 1638 362 72 362 290 45 1638 72 13 1632
1831 683 1004 2286 2799 2128 305 2708 2805 2806 2040 473 2554 1595 157 2303
110 1477 523 413 1 1477 1477 32 1 2 1477 523 110 1477 2000 1442
2818 2843 2853 1831 2856 683 1004 2286 2128 305 2870 2862 2806 2839 2040 473 2554 1595 2841 157 2303
93 21 7 8 13 1736 264 256 1736 1736 2 1 39 7 1736 264 8 1736 15 2000 1705
2818 2856 2860 683 1004 2286 2128 305 2870 2839 2040 473 1595 157 2871 2303
145 142 12 1481 519 519 1481 1481 4 114 1481 519 1481 2000 1 1423
2945 2946 2950 2951 2952 473 2839 157 2856 683 305 1595 2893 2895 2128 2904 2905 2907 1004 2286 2932 2040 2303
5 13 2 1 1 935 313 2000 353 1065 1065 1065 101 4 1065 16 102 22 935 935 7 1065 1065
2977 2946 2971 2856 2905 2986 683 1004 2893 2286 2989 2128 305 2990 2839 2040 473 2988 1595 157 2303
24 39 9 161 224 19 1478 522 113 522 1 1478 1478 1 700 1478 522 24 1478 2000 1478
2946 473 2839 157 2856 2986 683 305 1595 3013 3017 3020 2893 3023 2128 3026 3031 2905 3037 3038 3039 1004 2286 2040 2303
84 657 480 2000 262 55 1343 1343 1343 28 3 7 149 20 1343 11 18 37 3 1 3 657 657 1343 1343
3072 2946 3013 3071 2856 2986 683 1004 2893 2286 2128 305 3061 3062 2839 2040 473 1595 157 2303
2 326 54 3 239 123 1594 406 68 406 1594 1594 3 3 197 1594 406 1594 2000 1594
2946 3051 3013 2856 3052 2986 683 1004 2893 2286 2128 305 3032 2839 2040 473 1595 157 2303
208 15 44 93 1 270 1667 333 388 333 1667 1667 2 658 1667 333 1667 2000 1667
2946 3076 3078 3079 3088 3090 3092 2839 157 2856 2986 683 305 1595 3013 2893 2128 473 1004 2286 3062 2040 2303
317 24 7 6 14 15 2 578 2000 5 54 1594 1594 1594 67 524 1594 406 406 406 34 1594 1594
3088 2946 3147 3076 3142 2986 683 1004 2893 2286 2128 305 3129 2839 2040 473 1595 3132 157 3138 2303
9 165 4 138 10 130 1309 691 223 691 1309 1309 36 353 1309 691 1309 64 2000 3 1309
2946 3076 3180 2986 683 1004 2893 2286 3181 2128 305 3182 2839 2040 473 1595 3132 157 2303
126 172 48 245 1081 919 41 919 4 1081 1081 1 286 1081 919 1081 350 2000 1081
2946 3076 2839 157 3232 3241 2986 683 3244 3246 3247 3248 305 1595 3132 2128 473 1004 2286 2040 3242 2303
402 195 39 2000 28 3 39 1137 2 3 1 3 1137 1137 144 1137 863 863 863 1137 3 1137
2946 3076 2839 157 2986 683 305 1595 3132 3269 3289 3275 2128 3282 3287 3288 473 3290 3292 1004 2286 2040 2303
461 92 56 2000 56 1372 1372 1372 115 16 6 11 1372 6 1 2 628 2 2 628 628 1372 1372
2946 3323 3076 3332 3324 683 1004 3339 2286 2128 305 3292 3317 3340 2040 473 1595 3132 157 2303
416 35 117 14 10 1351 649 6 649 1351 1351 15 1 1 1351 649 1351 185 2000 1351
2946 3332 3339 3353 3354 157 683 305 3379 3381 3384 3385 3386 1595 3132 3391 3392 3393 2128 473 3292 3076 3387 3388 1004 2286 2040 3323 3324 2303
401 72 31 53 34 2000 1482 1482 16 1 1 5 1 1482 118 1 1 1 1482 518 21 46 2 1 518 518 1482 4 4 1482
2946 3332 1004 3353 157 683 305 1595 3403 2128 3412 3414 473 3076 3292 3421 3422 3430 3433 3435 3436 2286 2040 2303
484 174 513 10 2000 1487 1487 1487 13 1487 14 1 513 49 178 9 18 16 1 2 3 513 1487 1487
2946 3459 3332 3461 3430 3460 683 1004 3458 2286 3453 2128 305 3412 3447 2040 473 1595 3292 157 2303
111 2 24 1 2 2 1359 641 1 641 30 1359 1359 34 45 1359 641 1359 41 2000 1359
2946 3467 3332 3468 3466 683 1004 3458 2286 3471 2128 305 3412 3470 2040 473 1595 3292 157 3469 2303
241 1 44 1 8 1412 588 4 588 2 1412 1412 160 5 1412 588 1412 121 2000 1 1412
2946 3499 3332 3495 3516 683 1004 2286 2128 305 3412 3515 3513 2040 473 3514 1595 3292 157 3518 2303
194 17 10 9 1 1389 611 611 1389 1389 115 1 7 1389 611 1 1389 116 2000 1 1389
3416 2946 3419 3420 683 1004 2286 3421 2128 305 3412 3417 2040 473 3418 1595 3292 157 2303
1 256 2 1 1564 436 436 1 1564 1564 134 1 1564 436 7 1564 222 2000 1564
3425 2946 3441 683 1004 3437 2286 2128 305 3442 3412 2040 473 1595 3292 157 2303
5 46 1 1365 635 10 635 1365 1365 1 32 1365 635 1365 46 2000 1365
3425 2946 683 1004 2286 2128 305 3412 3477 3479 2040 473 1595 3292 157 2303
46 55 1395 605 605 1395 1395 8 16 4 1395 605 1395 55 2000 1395
3520 3425 2946 3524 3537 3484 683 1004 3533 2286 2128 305 3477 3486 2040 473 1595 3292 157 3516 2303
30 65 35 2 1 24 1541 459 8 459 1541 1541 20 9 1541 459 1541 35 2000 9 1541
3584 2946 3587 3588 3589 157 3486 683 305 1595 3516 3520 2128 3538 473 3292 3425 3554 3559 1004 2286 2040 3582 2303
6 6 1 2 2 2000 76 1451 1451 1451 76 50 1451 171 549 6 60 37 4 549 549 1451 10 1451
2946 3606 157 683 305 3640 1595 3644 3645 3646 3648 3649 3650 2128 3538 473 3292 3425 1004 2286 2040 2303
10 28 2000 1884 1884 15 1884 8 1 2 3 3 4 1884 106 116 10 140 116 116 1884 1884
3425 3702 3686 3640 3704 3690 683 3693 3709 2128 305 3538 3700 3670 2040 3705 3706 1595 157 2303
289 3 83 411 12 13 2000 16 2 2000 2000 48 1 23 2000 3 5 2000 2000 2000
3425 3739 3686 3640 3704 3754 683 3693 3726 3773 2128 305 3730 3767 2040 1595 157 3774 2303
472 126 7 402 33 30 2000 12 18 3 2000 2000 4 15 2000 2000 2000 13 2000
3726 3739 157 683 305 3640 1595 3774 3783 3790 2128 3792 3425 3811 3813 3814 3815 3820 3822 3824 3826 2040 2303
199 76 2000 2000 2000 231 2000 11 35 7 2000 27 908 6 14 5 7 1 1 1 2 2000 2000
3840 3425 3842 3739 305 3851 3817 683 3852 3853 3726 3815 2128 2040 3837 3854 3640 1595 3836 157 2303
23 1172 13 85 2000 22 31 2000 12 2 526 128 2000 2000 36 2 208 2000 12 2000 2000
3842 3726 3865 3739 157 3872 3867 3876 683 3886 305 3890 3891 3892 3640 1595 2128 3425 3815 3817 2040 3837 2303
159 352 52 122 2000 1 1 15 2000 12 2000 25 3 2 399 2000 2000 830 38 122 2000 39 2000
3842 3726 3865 3739 157 683 305 3890 3640 1595 3912 3914 3916 3917 2128 3921 3923 3925 3926 3425 3815 3817 2040 2303
107 575 75 169 2000 2000 2000 36 226 2000 9 2 81 19 2000 14 7 3 3 1301 85 169 2000 2000
3842 3726 3865 3739 157 683 305 3890 3640 1595 3937 2128 3425 3815 3817 3943 3953 3959 2040 3962 3963 2303
34 251 130 138 2000 2000 2000 100 138 2000 23 2000 1361 134 138 80 70 1 2000 15 1 2000
3842 3973 3975 3978 3981 3726 3987 3988 3865 3739 157 683 305 3890 3640 1595 2128 3425 3943 3817 3815 3953 2040 2303
121 1 7 1 14 358 2 1 187 238 2000 2000 2000 92 238 2000 2000 1126 152 238 94 70 2000 2000
3425 3842 3739 3640 3947 3817 683 3726 3815 2128 305 3890 3943 3945 2040 3865 1595 157 3944 2303
1230 68 35 35 2 35 2000 311 14 2000 2000 366 293 5 2000 60 2000 2000 1 2000
3971 3726 3865 3997 3998 3999 4000 4001 683 157 305 3890 1595 2128 3982 3425 3943 3945 3815 3959 2040 2303
13 219 39 7 3 3 2 1 2000 2000 2000 292 2000 2000 15 1147 601 78 55 7 2000 2000
3726 3865 157 683 305 3890 4019 4025 1595 4038 4040 4045 4046 2128 4051 4053 4057 4058 4059 4060 3425 3943 3945 2040 2303
252 32 2000 2000 2000 298 25 35 2000 9 21 7 13 2000 13 6 5 2 2 1 1141 449 20 2000 2000
