32 1 41 43 45 46 47 23
8 18 29 5 10 4 4 7
1 70 71 73 75 54 23
30 9 2 3 1 16 22
1 130 131 70 129 111 93 116 123 125
58 1 2 79 3 20 11 11 4 3
1 130 70 111 149 151 152 155 157
37 65 90 35 42 5 3 12 1
192 193 187 196 70 168 169 195 186 155 188
4 5 6 4 247 1 6 1 20 37 15
70 236 237 239 242 243 186 187 220
236 52 2 5 1 4 13 64 23
288 289 262 70 267 243 186 187 285 254
3 7 44 309 82 27 110 105 20 8
299 262 70 267 308 309 187 254
59 16 150 83 3 8 311 99
320 267 70 262 329 299 335 338 339 315 331 187 254
2 51 239 128 2 68 15 1 3 50 16 178 100
267 262 70 360 361 362 299 365 363 335 366 187 358 315 254
16 236 390 119 8 1 232 3 2 11 1 11 6 85 195
387 70 262 360 299 396 398 367 392 372 373 374 378 187 395 254
3 366 170 211 44 1 1 29 5 2 2 25 51 63 3 134
443 420 262 70 360 433 378 435 436 374 440 442 187 410 254
1 32 529 579 176 2 4 8 4 45 11 3 179 5 267
480 484 262 70 360 459 466 374 187 445 254 485
3 2 735 791 77 17 13 120 34 191 622 1
548 262 70 360 553 554 555 524 534 187 445 254 549
1 642 642 44 2 1 5 116 5 138 45 679 4
548 262 70 551 360 553 554 550 524 542 537 187 254 549
14 964 964 2 44 1 1 2 66 13 16 32 625 5
576 262 70 583 360 584 582 552 564 537 187 254 575
3 1359 1359 2 2 2 2 2 37 24 34 438 10
576 603 262 70 591 594 564 599 600 537 187 605 254 607
13 25 1539 1539 102 63 69 5 49 35 79 7 266 7
611 262 70 615 616 618 647 653 605 594 564 662 664 187 650 254
37 1745 1745 73 18 28 56 7 3 268 48 3 2 22 6 233
715 611 711 262 70 615 713 618 647 717 718 594 700 254 671
3 74 4 1233 1233 24 2 75 41 5 1 345 33 767 111
611 262 70 716 618 748 751 752 594 254 726 700 734 671
14 1083 1083 92 44 26 2 1 377 917 18 112 71 156
262 784 788 790 794 671 801 804 807 808 809 810 811 70 716 594 734 611 755 758 764 254
1311 6 33 4 3 114 15 8 6 2 6 5 1 1311 57 471 100 61 57 33 7 689
865 834 611 868 262 70 840 841 716 866 849 594 755 788 254 758 863 860 734 671
2 34 79 2 1290 1290 75 26 72 2 3 581 72 31 710 54 2 1 206 126
834 262 70 840 841 877 879 872 594 788 734 758 254 671
32 1366 1366 72 51 2 4 3 277 1 206 169 634 169
734 898 891 262 70 840 841 930 904 594 931 916 926 758 919 922 927 254 671
65 105 30 1587 1587 24 273 6 3 339 1 9 4 115 8 5 7 413 115
898 262 70 841 974 975 977 594 947 981 758 934 982 959 891 254 671
60 1575 1575 192 19 8 1 488 60 1 85 156 1 13 156 425 85
898 262 671 934 947 70 841 974 594 980 982 984 985 987 989 992 1008 1010 1012 758 1018 891 254
79 1474 225 89 79 1474 284 11 408 17 107 21 34 34 21 7 2 2 3 225 2 89 526
1042 891 1046 262 70 1032 841 1035 1037 1039 1028 594 980 758 934 1044 985 1018 987 254 671
2 92 2 1671 1671 23 130 5 5 1 1 430 13 358 92 3 93 78 278 329 358
262 1032 671 934 1063 1071 1080 1089 70 1095 1096 1097 1098 1099 1100 594 985 987 758 1018 891 254
1649 22 293 97 14 4 21 1 1649 22 15 1 3 1 1 293 160 261 293 68 97 351
1156 262 1160 1161 1162 1163 1164 671 1158 934 1071 1142 70 1095 1096 594 985 987 1106 758 1145 891 254
9 1801 1 2 2 1 2 177 1 24 40 4 1801 70 24 177 213 553 111 177 6 24 199
262 1215 70 1222 1095 1096 1212 1195 1165 1071 594 1203 758 985 987 1180 254 671
1801 4 1801 4 175 10 2 56 29 47 97 32 97 405 824 21 199 97
262 1165 671 1195 70 1095 1226 594 1237 985 1242 987 1245 1255 1257 1258 1260 1261 1262 1263 758 254
1830 39 218 68 1830 119 39 218 45 691 21 673 5 6 19 2 1 10 1 4 218 170
262 70 1095 1257 1226 1195 1165 1297 594 1299 758 1303 1304 985 987 254 671
1955 1955 32 9 9 70 9 17 240 4 240 3 3 1027 621 45 240
1318 1316 262 70 1095 1324 1330 1329 594 1332 1333 758 1303 985 987 671
12 5 2000 2000 73 4 1 6 188 2 7 188 17 1272 413 188
1408 1409 1410 1318 262 70 1095 1384 594 1407 1406 758 985 1402 987 1375 1370 1342 671
1 1 2 74 2000 2000 166 20 186 5 7 186 956 5 435 5 4 87 186
1408 262 987 70 1318 1095 1449 1451 1452 1453 1454 594 1428 758 985 671 1342 1407
145 2000 380 2000 170 105 21 2 1 1 1 170 41 170 898 170 100 50
1318 262 70 1462 1478 1449 1494 1095 1490 1486 594 1407 1493 1471 758 985 987 1469 1342 671
199 2000 2000 22 55 29 3 63 8 6 188 109 1 3 188 1163 201 144 53 188
262 1539 70 1318 1462 1512 1515 594 1523 1524 1535 758 1529 985 1530 987 671 1533 1342 1407
2000 2 2000 214 30 72 30 140 5 10 3 140 5 1166 14 393 140 9 39 213
1568 262 70 1318 1576 1512 1577 1515 1580 1581 1582 1584 758 594 1407 1462 985 1562 987 1342 671
3 2000 2000 76 6 68 4 146 11 1 1 2 57 57 145 178 1140 15 478 129 57
1318 262 70 1617 1512 1515 1612 1620 758 594 1622 1621 1462 1623 985 1594 987 671 1342 1407
88 2000 2000 6 37 100 33 2 23 23 1 4 280 1 1269 16 245 23 126 181
1669 262 1676 1680 1682 1683 1685 1687 671 1670 1318 1462 1342 70 1612 594 985 987 1512 758 1659 1407
25 2000 3 11 1 1 2 4 32 80 8 207 283 2000 93 32 867 451 63 32 24 30
262 70 1462 1512 1709 1670 1718 1669 594 1407 758 1719 985 1722 987 1342 671
2000 2000 58 40 20 75 3 40 64 23 64 3 919 1 271 184 64
1763 262 70 1512 1738 1771 1670 1743 1669 1766 1462 1753 985 987 1757 1342 1407
48 2000 2000 2 19 27 102 8 2 3 137 3 662 108 2 106 35
262 1763 70 1670 1832 1738 1827 1462 1785 985 987 1342 1829
2000 88 2000 322 2 256 6 65 112 555 88 88 4
262 70 1670 1738 1900 1858 1841 1907 1908 1894 1462 1785 985 1883 1884 1886 1887
2000 2000 213 213 4 37 217 2 1 10 236 57 526 2 16 9 4
1952 262 70 1670 1738 1943 1942 1841 1939 1462 1945 1944 985 1884 1930 1957
7 2000 2000 182 182 1 9 185 31 613 4 25 441 62 19 2
262 2019 2020 70 1670 2023 2024 1961 1738 1995 2021 1841 2003 1462 1944 985 2015 2012 2013 2022
2000 5 1 2000 94 1 1 13 94 1 1 164 25 693 31 258 2 16 8 1
2049 262 70 2065 1738 1670 1841 2066 1462 2039 985 2054 2043 2012 2026
22 2000 2000 9 78 78 162 2 1115 8 240 9 6 4 7
262 70 1670 2065 1738 2091 2093 2096 1841 2098 2099 1462 985 2097
2000 2000 130 23 130 10 13 4 61 1 4 1163 191 3
2112 262 70 2065 1670 1738 2094 2095 2096 1841 1462 985 2097 2111
2 2000 2000 139 76 76 92 1 14 139 1466 215 39 5
262 70 2065 1738 1670 1841 2164 2165 1462 2169 985 2171 2172 2173
2000 2000 95 36 36 95 12 1 1581 2 131 3 1 3
2209 2210 262 70 2065 1841 2194 2164 1462 985
3 3 2000 2000 66 66 30 7 1701 66
2210 262 70 2254 2257 2261 1462 2263
45 2000 2000 13 17 26 1955 6
2274 2307 262 70 2285 2254 2290 2261 1462 2296 2268
28 2 2000 2000 8 47 43 52 2000 5 20
2336 2274 2308 262 70 2345 2346 2347 2254 2290 2261 1462 2332
1 19 42 2000 2000 1 3 1 34 14 48 2000 41
2370 262 70 1462 2377 2386 2381 2254 2384 2353 2290 2387 2261 2358 2359 2332 2366
5 2000 2000 2000 26 1 3 162 8 26 47 2 98 91 73 91 2
262 70 1462 2377 2379 2254 2383 2384 2382 2261 2358 2359 2332
2000 2000 2000 38 16 80 5 5 11 120 103 131 103
2433 2437 2438 2439 2441 2442 2444 2445 2332 262 1462 2359 2358 70 2377 2379 2254 2384 2388 2261 2414 2416 2422
6 5 2 1 2 6 1 2 179 2000 2000 119 179 2000 83 137 22 66 45 92 21 2 29
2433 2358 2512 262 70 2497 2506 2379 2510 2511 2384 2513 2515 2484 2261 1462 2359 2456 2332
70 55 1 2000 2000 3 1 180 4 2 31 2 2 3 88 2000 83 20 55
2560 2433 2562 2358 262 70 2567 2568 2566 2379 2384 2261 1462 2551 2456 2554 2559 2332 2565
5 191 1 334 2000 2000 1 1 4 298 243 94 2000 25 91 10 4 334 2
2433 262 2627 2358 70 2625 2600 2601 2379 2626 2606 2605 2384 2261 1462 2456 2332 2559
128 2000 1 143 2000 1 56 86 161 4 8 5 127 612 2000 16 143 58
2433 262 2332 2600 2601 2606 2358 1462 70 2633 2379 2384 2261 2648 2654 2659 2665 2666 2680 2682 2684 2559
83 2000 150 83 77 3 150 2000 2000 109 83 150 572 13 8 14 26 6 1 11 1 147
2433 2724 262 70 1462 2600 2601 2379 2735 2384 2705 2706 2261 2358 2633 2736 2332 2717 2654 2559
177 32 2000 2000 2000 376 162 177 2 565 5 9 350 565 45 1 565 8 81 45
2433 262 2332 2600 2737 2358 1462 70 2633 2379 2764 2384 2771 2261 2774 2781 2654 2786 2788 2792 2796 2797 2798 2799 2800 2559
24 2000 467 184 52 467 2000 2000 188 24 6 467 51 337 21 9 392 10 15 4 5 1 4 1 2 188
2854 2851 2852 262 70 1462 2600 2633 2855 2796 2841 2384 2737 2771 2261 2358 2839 2809 2332 2654 2559
3 4 1 2000 2000 2000 192 33 2 139 1 470 27 86 515 470 10 64 470 498 33
2910 70 262 1462 2600 2796 2384 2771 2900 2261 2358 2809 2907 2332 2909 2654
2 2000 2000 2000 117 66 328 98 6 614 328 147 15 328 3 505
2358 2948 262 70 2951 2600 2796 2942 2947 2384 2952 2771 2261 1462 2809 2915 2332 2950 2654
120 20 2000 2000 1 28 183 5 10 120 3 79 471 2000 208 5 120 1 796
2974 2978 2358 262 70 2600 2956 2796 2998 2384 3001 2771 2261 1462 2999 3000 2809 2332 2973 2654 2997
37 45 148 2000 2000 54 53 138 3 148 2 94 560 2000 2 4 201 148 10 525 8
2974 2978 2358 3012 262 70 2983 2600 2956 3019 2796 3021 2384 3016 2771 2261 1462 2809 2332 2654 3020
90 41 229 10 2000 2000 9 91 90 2 117 5 229 3 138 434 2000 339 229 655 3
262 3081 3083 3084 3085 3086 3087 2332 2974 2978 2358 1462 70 2956 2384 2771 2261 3032 3035 2654 3043 3045 3046 2796 3058 2809 3067 3068
2000 1 13 4 2 1 1 252 134 17 252 2000 2000 134 252 252 253 40 3 571 10 52 17 4 9 433 37 11
262 2956 2332 2974 3117 3166 2358 1462 70 3144 3146 3149 2384 3155 3156 2261 3158 3164 3165 2654 3167 3168 3169 3170 3045 3046 3058 2771 2809
2000 194 402 194 14 2 402 2000 2000 1 16 29 402 17 22 211 4 1 3 441 4 4 1 1 56 54 117 402 247
3203 262 3208 2956 3213 3214 2332 2974 3206 2358 1462 70 3212 2384 2771 2261 2654 3045 3046 3184 3058 3191 2809
2 2000 5 78 7 1 199 78 2 199 2000 2000 2 199 199 207 668 103 41 53 47 66 590
262 2956 3227 2332 2974 3231 3270 3241 3246 3249 2358 3262 3265 1462 70 3272 3273 3274 2384 2771 2261 2654 3045 3184 2809
2000 23 94 239 23 31 5 7 1 44 239 2 8 2000 2000 8 5 1 239 239 152 889 129 87 866
3184 2358 262 70 3304 3241 3306 2384 3249 2771 1462 3273 2809 3227 2332 2654
5 265 2000 2000 24 146 5 265 54 265 2000 3 1198 239 265 1198
3344 3330 2358 262 70 3313 3336 3241 3339 3334 2384 3249 2771 3349 1462 3351 2809 3322 3227 2332 2654
4 16 332 2000 2000 45 14 196 22 1 332 161 332 3 2000 4 1146 11 297 332 1146
3392 3387 3394 2358 262 70 3393 3368 3241 2384 3249 2771 1462 2809 3227 2332 3389 2654 3391
1 8 1 442 2000 2000 1 17 95 442 214 442 2000 1049 60 442 12 1049 6
3458 3459 3460 3461 3462 3464 3465 3227 2332 3397 262 3368 3249 1462 2358 70 2384 2771 3420 3421 2654 3436 2809
3 5 2 2 3 1 1 51 143 52 2000 111 348 2000 143 2000 143 143 53 68 1202 1 1202
3504 3490 2358 262 70 3368 3420 3517 2384 3249 2771 1462 3513 2809 3516 2332 3421 2654 3397
14 17 60 2000 2000 30 14 1 60 625 60 2000 7 802 7 60 208 802 57
262 3397 70 3368 3420 3548 3504 3249 3540 1462 3544 2809 3547 3516 2654
2000 52 2000 84 82 2 37 447 82 2000 10 1315 7 253 1315
3585 3586 3587 3588 70 262 3553 3368 3562 3572 3590 3249 3540 3582 1462 3576 2809 3516 3581 2654 3589
6 6 5 1 2000 2000 11 28 33 76 4 599 184 4 2000 26 1401 482 2 1401 4
3616 3620 262 70 3626 3632 3249 3634 3635 3540 1462 2809 3516 3562 2654
34 78 2000 2000 4 4 671 4 2 78 2000 1329 252 12 1329
3616 3620 70 262 3697 3688 3516 3686 3694 3695 3249 3540 1462 3639 2809 3644 3677 2654
65 87 2000 2000 1 13 458 32 1 1 742 110 2000 5 1258 70 20 1258
3746 3747 262 70 3751 3644 3754 3750 3249 3540 3701 1462 3753 2809 3738 3516 2654
6 2 2000 2000 6 9 1 11 1036 83 78 2000 1 964 1 466 964
3780 262 70 3758 3750 3798 3249 3794 3795 3540 3701 1462 2809 3759 3516 2654 3765
12 2000 2000 13 8 1 979 2 5 79 43 2000 1021 117 344 1021 16
262 70 3786 3750 3759 3249 3827 3540 3765 1462 3832 2809 3516 2654 3829
2000 2000 26 28 110 889 23 72 125 2000 10 1111 128 1111 11
262 70 3868 3882 3750 3888 3249 3878 3540 3765 1462 3892 2809 3866 3516 2654 3845
2000 2000 2 12 15 3 1092 4 72 201 2000 2 908 15 149 908 74
3905 262 70 3912 3914 3249 3909 3923 3765 1462 3927 2809 3925 2654 3845
37 2000 2000 17 82 976 15 5 634 2000 1 1024 3 1024 47
70 262 3975 3912 3914 3980 3981 3982 3984 3249 3845 3765 1462 2809 2654 3909
2000 2000 7 42 45 2 1 3 2 868 42 864 2000 1132 1132 38
4021 4016 262 70 4017 3912 4009 3914 4015 3984 3249 4024 3765 1462 3992 2809 3999 4005 2654 3845
1 3 2000 2000 10 77 20 82 18 48 1145 1 557 2000 14 855 8 16 855 77
4016 262 70 4039 3912 3914 4077 3984 3249 4051 3765 1462 2809 4091 4092 2654 3845
22 2000 2000 3 116 47 15 359 957 94 618 2000 1043 1 3 1043 116
4128 4131 4132 70 262 3912 4138 4077 3984 3249 4051 3765 1462 4136 2809 2654 3845
7 6 22 2000 2000 20 4 80 384 1036 33 417 2000 2 964 964 20
4164 70 262 4167 4139 4077 3984 3249 4051 4148 3765 1462 4153 2809 4155 4166 2654
27 2000 2000 8 45 63 450 876 69 25 519 2000 22 1124 2 2 1124
4192 4164 70 262 4077 4153 3984 3249 4178 3765 1462 4185 4184 2809 2654 4191
1 4 2000 2000 11 10 380 1007 39 380 2000 30 151 993 993 50
4240 4226 4211 70 262 4233 4215 4236 4239 3984 3249 4185 3765 1462 2809 4184 4153 4214 2654 4191
3 2 18 2000 2000 10 42 10 3 400 1079 254 400 2000 921 38 103 43 921 45
4226 262 4236 3984 4241 4260 3249 4276 3765 1462 4153 4285 4286 4287 70 4184 4185 2654 4191 4214 4215 2809
51 2000 25 449 20 16 968 1 449 2000 187 11 1 1 2000 43 201 1032 150 39 150 1032
4226 262 4236 3984 3249 3765 1462 4153 4285 4292 70 4185 4315 2654 4191 4325 4329 4331 4334 4338 4339 4340 4214 4215 2809
12 2000 85 769 920 769 2000 275 75 11 2000 63 22 1080 62 5 1 5 1 8 3 5 129 62 1080
4355 4292 262 70 4360 2809 4236 4365 4285 3984 3249 4382 4185 4340 3765 1462 4153 4363 4345 4214 2654
16 43 2000 2000 1 995 262 22 29 690 1005 4 15 54 690 2000 232 13 182 96 995
4449 4438 262 70 4453 4425 4455 4236 3984 3249 4452 4340 3765 1462 4153 2809 4345 4214 2654 4405
10 13 2000 2000 1 35 2 347 691 937 16 32 691 2000 406 1063 52 69 1063 21
262 4491 4236 3984 4501 4503 4506 4507 4508 3249 3765 1462 4153 4405 70 4425 4345 2654 4455 4340 4214 2809
2000 14 275 706 4 2 3 2 2 826 706 2000 559 43 2000 157 26 1174 23 224 39 1174
4553 262 70 4455 4552 4425 4549 4555 4236 3984 3249 4340 3765 1462 4153 2809 4529 4556 2654 4405
1 2000 2000 91 8 187 7 2 148 532 594 233 532 2000 458 1406 9 1 1406 74
