48 49 22 55 58 28 61
14 47 5 31 7 27 6
64 69 74 77 78 55 61 63
13 7 1 2 3 46 55 7
69 71 74 76 55 61
41 3 1 1 18 11
69 77 117 118 121 122 124 126
107 97 1 3 6 1 2 4
180 69 134 77 176 177 148 184 185 186 187 156 189
1 104 14 141 1 13 1 5 3 5 2 2 1
227 229 134 236 77 237 210 207 221
33 26 189 3 228 1 50 24 24
261 134 77 241 274 279 280 282
23 524 148 132 2 1 3 1
321 322 323 324 325 134 296 77 303 241 306 326 310 285
11 13 2 2 1 641 15 61 101 188 8 1 10 52
322 134 369 296 331 303 241 370 371 374 378 379 380
166 446 12 47 19 1 85 2 6 4 3 1 1
384 322 443 134 424 331 428 418 441 379
78 212 1 451 21 7 55 13 5 6
418 134 424 428 482 464 467 441 476 322
41 262 7 16 7 13 7 23 8 2
482 518 134 522 525 526 527 464
22 6 91 10 12 2 1 38
134 553 525 464 562 569 571 541
13 2 70 59 13 19 7 12
624 611 619 620 525 621 464 625 626 627 623
5 20 3 1 11 8 24 1 1 5 6
677 683 684 685 686 623 667
6 3 3 2 1 73 16
711 713 715 684 730 731 734
14 23 27 85 5 3 2
772 711 713 715 751 762 734
10 170 58 21 4 7 40
774 711 779 783 797 734 799
82 66 23 9 64 134 2
806 774 711 842 844 848 734
23 74 68 6 3 1 72
867 774 711 842 877 881 883 885 889 888 857 890
7 83 63 29 2 7 20 4 3 2 80 3
896 902 903 885 888 857 895
36 1 2 37 8 103 4
966 975 977 947 981 918 984 857 954
3 4 2 17 4 24 2 136 10
960 993 996 965 975 918 984 857 954 987 990 997
7 1 5 152 3 26 3 291 2 23 5 1
1072 1028 965 1063 1064 1081 1007 1008 1074 1077 918 1017 857 1053
1 12 48 12 5 1 9 40 18 3 65 3 481 44
1090 1099 1074 1109 918 1112 857 1117
114 11 24 11 41 40 518 6
1090 1138 1130 1170 1135 1074 1172 918 1112 857 1167
117 20 32 9 245 73 1 32 204 548 3
1090 1221 1130 1228 1135 1200 1074 1112 857 1214
148 25 120 6 139 87 295 276 592 11
1090 1251 1221 1255 1130 1266 1135 1200 1265 1074 1269 1270 1271 1112 857 1274 1240 1246
244 1 59 52 16 6 79 45 9 230 10 10 4 315 713 3 4 62
1090 1306 1221 1255 1130 1303 1297 1298 1135 1265 1074 1301 1302 1273 1112 857 1274 1240 1277
233 2 105 38 28 1 5 11 58 30 168 14 7 75 221 938 43 37 117
1297 1369 1308 1074 1331 1335 1090 1221 1352 1356 1357 1363 1366 1112 857 1372 1374 1375 1255 1130 1135 1265 1273 1274 1277
16 3 22 369 33 24 105 101 24 8 5 1 26 293 639 1 2 1 1 28 131 22 63 46 40
1090 1411 1221 1425 1388 1357 1426 1135 1265 1074 1331 1366 1273 1112 857 1423 1277 1427 1381
261 43 103 1 63 62 1 136 65 310 61 16 288 84 888 5 29 1 18
1441 1090 1443 1444 1221 1447 1388 1420 1357 1423 1265 1074 1331 1428 1429 1273 1112 857 1135 1277 1445
5 497 5 1 250 2 8 62 6 28 274 27 31 40 49 385 95 1188 72 37 2
1090 1221 1513 1420 1074 1517 1423 1265 1490 1331 1429 1273 1112 857 1501 1135 1277
557 297 18 19 53 5 160 129 114 2 124 483 53 1392 4 34 114
1536 1550 1423 1429 1565 1575 1576 1577 1581 1582 1584 1585 1074 1090 1221 1490 1112 857 1513 1265 1527 1528 1273 1277 1534
13 9 99 44 26 14 9 1 4 6 4 1 166 315 211 144 52 1336 35 44 72 21 397 200 21
1616 1090 1221 1575 1527 1074 1581 1584 1490 1586 1618 1273 1112 857 1619 1277 1613
5 250 193 23 29 60 51 24 193 19 1 668 14 1638 1 173 9
1090 1074 1636 1221 1575 1581 1277 1654 1649 1490 1650 1659 1273 857 1647 1628 1661 1662 1663
182 83 59 151 62 82 68 2 19 151 2 2 1104 1771 7 5 22 5 3
1693 1665 1090 1074 1636 1221 1670 1575 1674 1581 1661 1490 1667 1273 857 1690 1692 1277
1 165 147 65 83 147 2 11 30 83 11 147 10 1239 1701 1 4 210
1665 1090 1667 1636 1221 1721 1674 1707 1074 1581 1712 1490 1273 1720 857 1722 1723 1277 1726
303 299 18 6 299 8 176 25 25 6 23 299 1097 18 1586 4 2 389 2
1665 1090 1784 1221 1674 1751 1074 1712 1777 1490 1779 1273 1720 857 1786 1787 1788 1277
341 401 2 401 133 7 16 149 6 401 10 898 61 1544 2 4 1 440
1665 1090 1827 1796 1221 1830 1831 1832 1804 1674 1817 1833 1712 1809 1490 1273 857 1819 1277 1829
464 451 5 109 451 1 2 2 89 99 125 2 200 35 451 640 1343 28 657 7
1665 1796 1674 1804 1809 857 1817 1839 1712 1849 1851 1090 1860 1221 1490 1878 1880 1881 1882 1885 1273 1277
698 80 113 22 25 1234 108 11 19 53 87 345 32 345 345 12 12 6 4 4 396 766
1665 1922 1796 1926 1921 1674 1935 1940 1945 1944 1817 1946 1947 1839 1851 1090 1221 1490 1878 857 1897 1273 1915 1277 1918
872 7 56 5 3 93 5 3 1 1 147 1 2 27 84 317 317 317 52 887 30 253 8 1113 20
1665 1090 1796 1221 1990 1273 1674 1995 1897 1994 1490 1878 1817 857 1851 1277 1918 1989
774 246 82 246 1 216 17 3 24 1 246 40 213 726 216 1274 24 6
1665 2006 1817 1989 1851 1090 1221 1997 1998 1490 2003 2004 2005 1878 857 2012 2013 2014 1897 1273 1277 1918
748 2 394 5 108 1 1 25 2 1 2 2 4 5 591 3 1 1 6 108 1409 6
1665 2050 2023 1897 2059 1817 1997 2060 2063 2066 2067 2057 2062 2006 857 2055 1273 1851 2044 1277 1918
550 27 65 55 35 324 1 6 1 1 5 2 2 23 790 7 307 307 6 1210 55
1665 2083 2081 2023 2092 2059 1817 2095 2098 2006 857 1273 1851 1277
883 30 20 72 7 128 824 5 5 3 719 294 294 1281
1665 2083 2134 2113 2023 1273 2059 2126 1277 2102 1817 2104 857 1851 2109 2111
804 192 3 33 86 367 244 7 1227 156 804 16 773 367 118 11
1665 2083 2023 2153 2154 2059 1273 2109 2102 1817 2104 857 2119 1851 1277
998 203 173 4 4 233 233 22 127 998 116 668 20 233 1332
1665 2183 2059 2189 2197 1817 2203 2204 2208 2209 2210 2083 2102 1851 2109 2211 857 2160 2163 2167 1273 1277
1018 2 442 27 8 1018 3 2 9 2 2 442 277 515 198 4 725 173 1 15 515 1275
1665 2059 1817 2083 2228 2102 2233 1851 2237 2241 2247 2248 2249 2252 2253 2254 857 2109 2160 2167 1273 1277
1345 909 1345 909 28 158 28 302 13 5 2 4 1 3 3 1 556 144 346 7 302 1444
1665 2059 1817 2083 2228 2102 2233 1851 2109 2259 857 2272 2276 2277 2281 2160 2291 2296 1273 2300 1277 2302
1055 638 1055 638 19 270 19 356 86 58 930 4 10 36 13 279 7 7 356 4 1070 1
1665 2059 2328 1817 2335 2338 2083 2340 2345 2347 2349 2228 2102 2233 1851 2109 2259 857 2277 2160 1273 1277
1009 401 46 1009 2 2 401 4 3 1 2 152 122 152 524 402 120 991 71 87 524 1009
1665 2083 2372 2376 1273 2059 1817 2109 2384 2259 2228 2102 857 2328 2233 1851 1277
990 426 8 3 539 426 990 513 5 114 151 26 1010 167 151 539 990
1665 2083 2426 2406 1273 2427 2059 857 2109 2423 2259 2228 2233 2328 1817 2419 1851 1277 2425
1188 301 1 172 581 2 301 812 581 32 77 296 296 211 1188 46 581 1188 2
1665 2059 2328 1817 2083 2472 2473 2477 2479 2481 2228 2485 2233 1851 2109 2259 857 2406 2484 2423 1273 1277
1199 474 154 1199 474 2 1 11 10 2 247 1 247 523 523 240 801 330 4 35 523 1199
1665 2059 2328 1817 2083 2228 2233 1851 2109 2495 2259 857 2524 2528 2530 2532 2533 2406 2536 2484 1273 1277
1165 191 108 1165 191 509 509 671 671 17 119 835 1 24 1 2 1 563 1 67 671 1165
2560 1665 2562 2569 2059 2574 2584 2579 2581 2582 2583 2328 1817 2083 2228 2233 1851 2109 2259 857 2528 2530 2406 2547 1273 1277
22 790 4 25 139 18 2 10 2 7 2 525 790 139 411 411 1112 1112 70 1210 3 15 587 3 1112 790
2233 1665 2083 2406 2632 1273 2059 2638 2109 2640 2641 2259 2228 857 2328 1817 1851 2588 1277
238 1047 219 199 10 792 219 6 792 8 1 203 238 953 593 1047 792 131 1047
2652 1665 2690 2083 2693 2406 2632 1273 2059 1817 2109 2259 2228 857 2328 2233 2688 1851 2588 1277
11 614 3 18 1 327 62 821 18 614 821 18 207 1386 494 207 2 821 24 614
2688 1665 2696 2709 2328 1817 2715 2588 2722 2724 2726 2727 2730 2732 2735 2736 2737 2228 2233 1851 2109 857 2652 2406 1273 1277
60 492 1 51 475 492 9 71 19 7 14 7 2 2 1 3 1 297 297 654 654 1508 27 179 654 492
2233 1665 2781 2747 2772 2789 2406 2785 1817 2722 1277 2228 2782 1273 2328 857 2688 1851 2109 2767
435 680 14 99 2 7 3 19 680 7 680 435 10 612 609 1320 125 612 612 42
2688 1665 2835 2837 2838 1817 2328 2841 2842 2228 2233 2747 2109 857 2782 2785 1851 2406 2792 2807 1273 1277
208 687 47 9 8 687 849 3 4 320 320 10 860 1313 65 63 860 11 59 10 860 687
2688 1665 2835 2328 1817 2842 2853 2228 2233 1851 2109 2880 2887 2891 2893 2894 2895 2896 2898 857 2782 2785 1273 1277
7 138 14 1184 138 14 7 22 22 1184 1184 11 2 2 3 2 1 3 1 1862 7 68 1184 138
1665 2907 2916 2917 2918 2785 2890 1817 1277 2902 1273 2328 857 1851 2109 2913
147 18 2 2 1 122 42 147 147 63 1336 1336 1853 1336 1336 7
2961 1665 2913 2951 1817 2958 1277 2960 2929 2902 1273 2328 857 1851 2109
4 309 25 14 309 20 309 10 8 61 1247 1247 1691 1247 1247
2976 1665 2971 2985 1817 2989 1277 2960 2968 2996 2965 2902 1273 2328 857 1851 2109 2997
2 201 13 7 201 6 201 40 2 1 28 81 1279 1279 1799 1279 1279 1
1665 3042 3043 3045 3047 2985 1817 1277 2995 2965 1273 2328 857 1851 2109 3038
406 1 6 3 2 4 406 406 77 43 996 996 1594 996 996 17
3091 1665 3049 3077 1273 3082 3084 3085 2109 3088 3089 3090 2995 3092 3093 1817 2328 857 1851 1277 3038
3 846 2 15 677 2 2 3 677 5 2 5 63 1 3 846 677 1154 677 846 42
1665 3139 3143 3144 1273 3084 3133 2109 2995 3134 3145 1817 2328 857 1851 1277 3038
1125 2 9 2 361 18 1 361 542 14 1 1125 361 875 361 1125 14
3200 1665 3201 3183 1273 3191 2109 3182 1277 3184 3187 3198 3190 857 2328 1817 1851 2995 3134
2 1174 1 2 261 32 261 28 1174 18 13 1 1 826 261 1174 261 753 98
1665 3243 3219 3241 3233 1273 3242 3191 3182 2109 2995 3220 3134 1817 2328 857 1851 3196 1277 3230
1036 1 5 12 9 310 2 16 9 310 718 1 34 1036 310 964 310 18 1036 60
3264 1665 3265 857 2109 2995 3254 1817 2328 1273 1851 3196 1277 3134 3263
3 1498 1 502 323 1215 12 1498 323 323 323 15 1498 59 6
1665 1851 3321 2109 3278 1277 3314 2995 3318 857 2328 1817 1273 3293 3134
1782 132 3 132 2 1782 2 1490 3 218 132 1782 132 2 37
1665 3333 3335 3336 3339 1817 3341 1277 2995 857 2328 1273 1851 2109 3134
1481 39 29 8 1 1481 9 1481 1391 519 223 223 223 223 195
1665 3387 3367 3335 1817 3373 2109 2995 3381 857 2328 1273 1851 1277 3134
1352 2 52 4 1352 12 349 1352 2 648 349 349 349 1352 349
1665 3394 1851 3387 3367 3395 3403 3415 2109 2995 3412 3413 3411 1817 2328 857 1273 1277 3134
1581 12 301 20 55 7 4 3 301 1581 1 5 1 1581 301 419 301 1581 301
1665 3394 3451 3432 3395 857 2109 2995 1817 2328 1273 3450 1851 1277 3134 3449
1861 30 9 37 37 139 139 1861 1861 139 139 5 139 1861 139 8
1665 3457 3496 3471 3511 857 2109 3504 3512 2995 3508 3503 1273 2328 1817 3482 1851 1277 3134
1864 79 13 18 3 136 136 18 1 1864 3 6 136 136 1864 22 136 1864 136
1665 3547 3556 3457 3560 3531 1817 3534 1277 3553 3504 3555 2995 3471 3559 857 2328 1273 1851 2109 3134
1737 23 3 111 3 29 1737 10 1737 1 7 9 1737 71 2 263 263 263 263 263 263
3584 1665 3457 3593 3606 2328 1817 3615 3620 3625 3626 3627 2995 1851 2109 3134 857 3547 3556 3576 1273 1277
4 1763 397 7 14 237 1763 42 6 3 1 1 1763 237 237 237 237 48 177 6 237 1763
3457 3556 3673 1665 3656 3660 857 2109 3672 3666 2995 3669 3606 1273 2328 1817 3663 1851 1277 3134 3615
309 74 1 1849 78 17 151 151 1 4 1849 3 57 151 151 1849 43 151 1849 151 18
3712 3457 1665 3723 3724 3726 3727 3606 2328 1817 2995 1851 2109 3134 3660 1273 857 3677 3556 3689 3705 1277
13 614 1671 4 1 1 1 93 329 1671 1671 329 329 329 115 329 329 67 208 13 22 1671
1665 3714 3457 3606 2328 1817 3739 3743 3747 3751 3753 3756 3761 3762 2995 3764 3765 1851 2109 3134 3660 857 3677 3556 3689 1273 1277
1475 10 326 80 525 1475 52 20 9 14 11 8 14 20 1475 26 2 525 525 525 244 525 70 324 244 525 1475
1665 3457 3606 2328 1817 3739 3743 2995 3764 1851 2109 3134 3660 3795 3800 857 3677 3556 3689 3821 3817 1273 1277
1655 821 46 345 1655 6 6 1655 73 345 345 345 67 6 1 345 81 113 67 3 9 345 1655
3457 3862 1665 3848 3861 3606 3865 2328 1817 3867 3869 3870 3873 3847 2995 3764 1851 2109 3134 3660 857 3677 3556 3689 1273 1277 3839
616 3 1469 2 7 18 3 531 1469 9 2 5 1 29 1469 18 531 531 531 292 531 251 310 292 531 1469 4
3457 3906 3905 3556 1665 3689 3660 857 2109 3920 2995 3876 3606 1273 2328 1817 3677 1851 3924 1277 3134
438 14 12 509 1375 456 456 625 625 2 1375 22 53 625 625 1375 159 625 1 1375 625
3969 3457 3979 3983 3984 3985 2328 1817 3876 3677 2995 1851 2109 3134 3906 3660 1665 857 3933 3556 3689 1273 1277
17 492 12 20 2 1 503 1497 94 250 1497 503 503 503 55 284 1497 503 123 284 284 503 1497
3969 4011 3457 3979 3992 2328 1817 3998 4001 3876 4007 4008 4009 4010 4004 4012 3933 2995 1851 2109 3134 3906 3660 1665 857 3677 3556 3689 1273 1277
42 2 634 18 18 257 1743 6 22 9 8 2 3 2 14 2 18 1743 257 257 257 214 108 1743 257 123 108 108 257 1743
3457 1665 2328 1817 4004 2995 1851 2109 3134 3906 4040 4047 4049 857 3677 4064 4065 4067 4068 4069 1273 1277
985 1976 24 1976 2 1976 24 24 24 349 1 5 3 24 87 8 14 5 17 1 24 1976
1665 3906 4067 3457 4110 3677 2995 4089 1817 1277 4094
2000 69 117 804 1 278 2000 15 2000 2000 11
3457 3906 4067 1665 3677 2995 4116 4117 4089 1817 4123 1277 4126
1132 269 25 2000 115 2000 57 8 19 2000 1 2000 12
4160 3457 3906 4067 4183 1665 4168 4171 3677 4176 2995 4116 4089 4184 1817 4154 1277
16 882 187 44 1 2000 7 4 70 3 2000 8 39 2 2000 2 2000
3457 3906 4067 4229 1665 4234 4236 4238 3677 4209 4210 2995 4089 1817 4207 1277
687 391 177 8 2000 3 6 6 30 14 46 2000 76 2000 28 2000
3457 3906 4067 1665 4281 4279 4269 3677 4210 2995 4278 4089 4280 1817 4282 1277
921 695 146 2000 1 1 14 9 220 2000 3 62 3 2000 1 2000
3457 3906 4067 4324 4326 4291 1665 4339 4338 4331 4301 4335 4210 2995 4340 4333 1817 4280 4089 1277
1040 505 166 18 3 72 2000 1 1 1 53 4 135 2000 1 1 2000 9 79 2000
4384 3457 3906 4291 1665 4301 4335 4210 2995 4089 1817 4383 1277 4382 4067
1 1159 827 110 2000 47 12 510 2000 19 2000 2 2000 3 220
3457 3906 4067 4291 1665 4355 4361 4371 4301 4366 4381 4210 2995 4372 1817 4345 1277
1007 528 171 71 2000 12 14 4 130 14 1 228 2000 12 2000 38 2000
3457 3906 4067 4291 1665 4394 4391 4301 4400 4401 4210 2995 4404 4406 4409 4408 1817 1277
999 524 192 32 2000 5 8 329 15 5 92 2000 31 20 1 4 2000 2000
4448 3457 3906 4067 1665 4426 4301 4445 4210 2995 1817 4410 1277 4447
1 657 249 387 2000 42 228 2 21 2000 2000 11 2000 5
