34 37 41 45 57 60 30 5
5 18 9 19 2 6 14 84
96 68 5 70 45 81 82 85 88 100 90 95
3 10 50 40 178 15 7 9 8 1 1 3
128 5 70 45 110 119 152 153 154 156 157 126 159
22 55 42 241 59 3 10 3 5 9 5 46 8
165 70 45 110 207 119 152 217 156 221 126 223
9 396 271 3 7 17 297 1 12 8 20 1
224 70 45 110 207 275 277 152 156
82 243 269 12 59 12 4 243 21
70 295 45 334 207 336 152 317 318
166 8 373 1 143 2 166 3 20
355 70 326 331 45 207 337 335 350 343 152 347 341 317 318 357
2 184 26 10 482 351 54 24 5 15 184 10 1 77 27 1
385 411 388 399 70 331 396 45 207 337 372 373 152 404 347 412 317 318
2 5 1 4 60 37 2 585 455 21 97 1 60 11 41 2 1 88
451 453 70 455 456 425 331 45 207 399 152 435 372 440 441 347 318
8 7 3 3 2 3 32 814 733 98 3 3 280 32 1 139 37
495 45 207 399 372 501 502 503 506 347 318
12 1004 877 75 461 9 10 3 5 470 13
399 524 45 207 528 372 501 506 347 525
10 1 1509 1241 2 811 86 61 242 1
594 583 586 45 207 592 593 562 595 372 501 534 535 596 506 347 573 597
7 5 1 1621 1407 12 6 57 2 1137 303 10 16 1 75 97 3 1
45 207 562 372 501 601 506 347 604
1915 1807 101 1581 695 38 36 4 13
615 616 620 45 207 625 562 627 372 501 628 601 623 629
50 23 20 2000 1983 4 66 10 1757 774 2 280 1 2
704 695 675 615 679 45 686 207 689 562 692 372 501 697 696 601 698 700 701 671
1 10 35 92 8 2000 12 2000 1 250 6 1783 776 4 6 218 10 1 1 4
737 675 708 741 615 744 747 748 45 686 207 721 562 372 501 601 731 725
22 1 63 10 197 5 2 1 2000 15 2000 18 381 1924 883 91 6 29
768 615 776 45 782 207 562 372 501 793 601 794 795 796 754
29 206 14 2000 2 2000 555 1983 700 29 18 3 1 1 90
768 833 836 820 838 615 808 809 839 45 207 562 372 501 822 793 754 815 830
89 2 14 9 1 238 11 25 3 2000 2000 591 2000 415 5 13 8 2 17
768 897 896 886 870 615 45 207 562 372 501 822 898 820 890 863 845 830 885
4 14 1 6 18 121 2000 2000 514 2000 283 12 1 7 15 40 137 31 53
906 918 922 928 934 45 945 562 949 950 951 953 954 830 885 822 845 207 863 615 372 501 890 946
89 81 6 20 5 2000 32 433 2 10 3 9 2 76 24 7 51 2000 5 36 2000 228 67 1
906 45 207 945 562 979 372 501 953 890 830 885
274 2000 2000 38 350 4 2000 287 12 65 6 21
830 1031 1000 906 983 1036 45 207 562 979 372 501 1046 1015 1047 1017 1045 1022 885
27 19 45 441 170 42 2000 2000 293 15 2000 468 5 35 1 54 2 72 15
906 1036 45 207 562 372 501 983 1048 1017 1050 1086 1087
405 231 2000 2000 214 2000 509 191 29 46 13 8 1
1088 1140 1133 1096 906 1036 45 207 1137 562 372 501 1142 983 1048 1017 1116 1141
69 4 12 43 652 45 2000 2000 2 220 2000 517 2 10 193 69 54 2
1088 1190 1096 1193 906 1195 45 207 1192 562 372 501 1048 1017 1194 1183
34 16 29 9 710 4 2000 2000 1 71 2000 373 93 34 3 54
1088 1219 1222 1190 1234 906 1227 45 207 1232 1233 562 372 501 1213 1048 1017 1199 1194 1183
110 3 3 6 1 834 6 2000 2000 2 1 69 2000 133 3 134 110 35 3 35
1088 1275 1252 1267 1265 1266 906 1255 45 207 1240 562 1017 372 501 1273 1048 1241 1274 1263 1244
2 1 8 2 7 1 497 2 2000 2000 2 89 2 2000 119 4 347 88 5 9 29
1282 1244 1332 1289 906 1314 1324 45 207 562 372 501 1337 1048 1305 1274 1339 1340 1338
59 20 25 13 456 7 6 2000 2000 120 2000 178 1 373 59 95 6 1 1
906 45 1390 207 562 1332 501 1389 1048 372 1274 1391 1244
373 2000 2 2000 378 6 265 8 151 2000 178 1 51
1408 1410 1436 906 45 1423 562 1427 372 501 1431 1048 1274 207 1244 1434 1438
25 56 2 230 2000 16 565 4 2000 433 10 24 308 2000 24 5 1
1410 1485 1477 1478 906 1483 1484 45 207 1457 562 1459 372 501 1274 1482
8 1 12 13 225 1 1 2000 2000 44 795 3 2000 259 139 4
1478 1543 1544 1500 906 1484 45 207 562 372 501 1497 1528 1529 1274 1531 1532
107 2 4 7 118 51 2000 2000 596 2000 756 2 1 3 490 28 36
906 1581 1553 1568 1577 45 562 1609 1596 1600 1601 1478 1484 1612 207 1617 1619 1620 372 501 1274 1532
19 14 3 3 12 2000 747 2 19 62 13 213 95 2 2000 3 2 2 2000 712 425 210
1665 1666 1667 1478 906 1484 45 207 562 372 501 1274 1647 1532 1661 1662 1663
3 2 1 224 2 20 2000 2000 801 2000 751 57 63 267 10 3 3
1696 1701 1478 1703 1704 1706 1675 45 1647 562 372 501 207 1532 1662
22 2 243 3 2 2 19 2000 288 626 2000 781 2000 69 40
1696 1709 1700 1701 1478 45 1710 207 562 372 501 1647 1532 1711
55 2 2 20 274 2000 1 2000 634 2000 695 416 6 1
1478 45 207 562 372 501 1751 1752 1753 1754 1647 1748 1749
204 2000 2000 925 2000 599 5 3 2 1 526 9 6
1795 1805 1478 1804 45 1806 1647 1808 562 372 501 1751 207
22 1 64 9 2000 2 587 1 744 2000 587 11 2000
1827 1837 1842 1834 45 207 562 372 501 1850 1647 1852
42 20 5 32 2000 2000 481 2000 781 10 781 2
1890 1827 1910 1897 1834 1868 45 207 1905 562 1907 372 501 1903 1912 1882 1647 1884 1900
44 62 1 38 37 35 2000 2000 14 674 1 2000 759 10 1 12 759 44 12
1890 1827 1967 1927 1897 1963 1868 45 207 1905 562 372 501 1946 1647 1884 1906
8 112 1 44 122 10 69 2000 2000 105 683 2000 780 81 780 8 39
1927 1946 1827 45 562 1979 1991 1868 1890 207 2008 2009 1884 2013 2018 2019 2021 1897 1647 1905 372 501
18 129 18 2000 738 38 26 86 113 2000 26 9 113 5 1 3 3 211 967 18 2000 967
1927 2057 2061 2068 2070 2072 2073 1946 1827 45 562 1979 1991 1868 207 1884 1890 1897 1647 1905 372 501 2043
61 29 12 2 12 3 2 184 61 2000 639 6 76 133 2000 59 59 51 749 61 2000 749 9
1927 2068 1946 2080 1827 2084 45 562 2100 1991 2121 1868 2126 207 2083 2133 2134 1884 1890 1897 1647 1905 2131 372 501
143 4 44 39 143 11 2000 619 35 65 4 29 6 2000 39 6 1 172 172 12 361 143 7 2000 361
1927 1946 2080 1827 45 562 1991 2126 207 2083 2133 1884 2144 1890 2148 2151 1897 1647 1905 2162 2163 372 501 2167 2168 2174
67 28 3 67 2000 667 73 89 2000 3 46 196 26 196 22 4 123 125 67 1 7 2000 125 2 5 1
1946 2203 2206 2218 2219 45 2223 2224 2225 2226 2227 1991 2126 207 2133 1884 2144 1890 1897 1647 562 372 501 2168
76 7 10 4 17 2000 1 4 2 2 1 43 85 2000 193 126 38 126 40 139 717 2000 139 18
1890 2235 2239 1991 1897 2219 45 2126 207 562 2243 372 501 2231 2168 1946 1647 1884 2133
70 12 10 56 47 14 2000 51 2000 601 5 2000 297 6 51 297 297 70 28
1890 2245 1897 2219 45 2126 207 2254 2264 562 372 501 2263 2168 2265 1946 1647 1884 2266 2133
21 55 55 67 2000 313 2000 9 1 402 2000 117 2 313 2 117 117 21 1 43
2325 2309 1897 2314 45 2126 207 2320 2321 562 372 501 2327 2168 2329 1946 1647 2133 2245
4 78 39 8 2000 627 2000 27 11 254 2000 337 14 627 2 337 337 50 39
2309 2314 2325 1946 45 562 2364 2245 2374 2376 2377 2379 2126 207 2384 2386 2387 2388 2133 2390 2383 1897 1647 372 501 2168
96 23 11 416 2000 97 4 6 25 2 33 11 486 2000 2 2 4 4 49 2 6 6 416 2000 416 486
2433 2245 2439 2445 2377 2442 45 2126 1647 2424 562 2451 372 501 1897 2168 2452 1946 207 2314 2431
7 1 1 8 132 21 2000 459 518 41 137 4 2000 518 1 459 2 518 2000 18 1
2465 2377 45 2126 207 2480 2424 562 372 501 2487 2168 2489 1946 1647 2490 2462 2453
5 162 2000 919 2000 18 3 149 2000 309 1 919 6 309 309 2 12 45
2529 2377 2538 2539 2540 45 2126 207 2480 2514 372 501 2537 2168 2521 1946 1647 2525
3 133 2 2 1 2000 1228 2000 95 64 2000 157 2 1228 51 157 157 8
2593 2596 2600 2377 2602 45 2126 207 2480 2584 2514 372 501 2168 2521 1946 1647 2556 2589
6 10 1 254 1 2000 1139 2000 254 3 56 2000 297 1139 119 297 297 88 2
2625 2627 2630 2631 2377 45 2126 207 2480 2514 2611 372 501 2168 1946 1647 2556 2621
5 11 15 1 291 2000 921 2000 291 194 6 2000 316 921 316 316 15 16
2683 2682 2631 2377 2668 45 2126 207 2480 2514 372 501 2168 2681 1946 1647 2652 2621
2 2 4 129 11 2000 980 2000 129 82 2000 514 980 3 514 514 82 54
2735 2729 2731 2668 45 2126 1647 2480 2737 2738 2514 372 501 2377 2168 1946 207 2652 2621 2725
22 35 4 86 2000 1094 399 62 1 3 9 2000 399 62 1094 399 2000 247 309 47
1946 2729 2731 45 2735 2480 2621 2755 2377 2126 207 2773 2652 2781 2789 2793 2794 2668 2797 1647 372 501 2168
176 60 16 2000 106 102 476 16 102 1589 2000 28 351 6 20 8 1 85 1 176 2000 176 1589
2843 2735 2823 2377 2826 2731 45 2126 207 2480 2833 372 501 2168 1946 1647 2652 2621 2846
34 12 16 224 3 47 2000 1566 2000 224 59 2000 128 1566 128 128 485 539 1
2849 2881 1946 2377 2823 45 2126 207 2480 372 501 2168 2874 1647 2652 2621
81 3 6 223 6 2000 1732 2000 223 2000 6 1732 10 6 971 270
2849 2927 2926 2918 2928 2377 2908 2892 45 2126 207 2480 2904 2898 372 501 2168 1946 1647 2652 2621
146 2 5 9 1 239 5 1 2000 1746 2000 239 73 13 2000 11 1746 11 11 771 250
2849 2377 2956 45 2126 207 2480 2904 2962 2963 372 2958 2940 2953 2168 2932 2652 2621
29 29 93 2000 1971 2000 29 297 3 4 2000 14 1 22 1971 30 1146 340
3008 3000 3002 3004 2999 2956 45 2126 207 2953 2904 2995 372 3001 2168 2932 2964 2652 2621
5 16 1 5 1 279 2000 2000 2000 2 451 5 2000 7 2000 31 35 767 182
3035 3036 2956 45 2126 207 2904 3028 3027 372 3033 2168 2932 3034 3023 2652 2621
3 2 165 2000 2000 2000 640 21 15 2000 1 2000 43 1 9 1050 229
3072 3084 3086 3087 3089 3090 3093 3099 3100 3101 3102 45 3060 2621 2956 2126 207 2904 3023 2652 372 3061 2168 2932 3070
16 7 15 4 1 9 1 3 2 1 1 2000 10 133 125 2000 2000 600 26 1156 2000 242 2000 3 7
3138 3133 3143 3086 2956 45 2126 207 3152 2904 372 3061 3158 2168 3124 2652 2621 3157
6 18 4 11 39 2000 2000 2000 16 409 2000 324 1 2000 6 1014 144 1
3217 3196 45 2126 207 3152 2904 372 3061 2168 2652 2621
3 7 2000 2000 2000 30 386 2000 89 2000 841 278
3267 3272 45 2126 207 3280 2904 372 3061 2168 3258 3259 2652 2621
9 4 2000 2000 2000 2 542 2000 7 2000 8 11 1079 203
3331 3341 3338 3340 45 2126 207 2904 3342 372 3061 2168 2652 2621 3326 3327
5 1 2 6 2000 2000 2000 336 1 2000 24 2000 1011 227 2 2
3362 3363 3389 3340 45 2126 3341 2904 372 3061 2168 207 2652 2621 3359
48 22 3 19 2000 2000 137 275 2000 11 2000 2000 1070 261 108
3362 3363 3340 45 2126 3341 2904 3374 372 3373 2168 207 2652 2621 3359
19 3 69 2000 2000 154 236 1 2000 1 2000 2000 1176 297 82
3362 3399 3341 3409 3340 45 2126 207 3408 2904 372 3405 2168 2652 2621
52 10 188 1 29 2000 2000 2000 11 243 2000 9 2000 1299 283
3457 3458 3441 3434 3340 45 2126 207 2904 372 3446 3453 2168 2652 2621
4 1 12 8 8 2000 2000 2000 128 2000 19 2 2000 1468 102
3493 3494 3495 3496 45 2126 207 2904 3475 372 3446 2168 2652 2621
3 2 2 2 2000 2000 2000 140 42 2000 17 2000 1260 295
3523 3524 3510 3531 45 2126 207 2904 372 3541 3446 2168 3545 3546 2652 2621 3544 3519
6 12 6 3 2000 2000 2000 26 2000 3 85 2000 1 8 1194 154 1 45
3510 3591 3593 3595 45 2126 207 3568 3602 3571 372 3446 3583 2168 3599 2652 3519
97 19 3 6 2000 2000 2000 20 1 1 2000 132 13 2000 9 1244 24
3650 3659 3510 3655 3644 3658 3595 45 2126 207 3664 3665 3666 372 3662 3446 3639 2168 3663 2652
3 18 54 25 8 17 32 2000 2000 2000 1 1 1 2000 5 42 1 2000 1 1374
3693 3685 3688 3689 3690 45 2126 207 3696 3697 3698 372 3694 3446 2168 3695 2652 3644
3 12 3 3 4 2000 2000 2000 3 3 2 2000 3 1 2000 2 1309 7
3725 3713 3724 45 2126 207 3736 3731 372 3735 2168 2652 3709 3693
22 26 15 2000 2000 2000 3 4 2000 2 2000 757 17 3
3777 3784 3785 3786 45 2126 207 372 2168 2652 3742
7 3 4 1 2000 2000 2000 2000 2000 1078 7
3814 3831 3820 45 2126 207 3825 3827 3828 3830 3801 2168 372 2652
42 5 1 2000 2000 2000 5 8 36 26 57 2000 2000 1086
3875 3877 3814 3880 45 2126 207 3888 3848 3890 3891 372 3892 2168 3860 2652
19 10 8 8 2000 2000 2000 3 6 2 1 2000 1 2000 26 1300
3942 3943 3945 3946 45 2126 207 372 2168 3860 2652 3914
13 28 1 6 2000 2000 2000 2000 2000 34 1552 22
3969 3978 3979 45 2126 207 372 2168 3860 2652 3914
43 7 2 2000 2000 2000 2000 2000 42 1285 42
3969 4012 45 2126 207 372 2168 2652 3997
70 2 2000 2000 2000 2000 2000 1352 15
3969 45 2126 207 372 4022 2168 2652
123 2000 2000 2000 2000 2 2000 1238
45 2126 207 4019 372 4021 4025 2168 4020 3995 2652 3989
2000 2000 2000 3 2000 12 1 2000 6 24 1340 25
4068 4078 4077 45 2126 207 4080 4082 4083 372 3989 2168 2652
2 2 2 2000 2000 2000 1 3 2 2000 92 2000 1308
4130 4091 4132 4133 4135 4124 45 2126 207 4115 372 3989 4087 2168 4123 2652
1 6 1 2 1 6 2000 2000 2000 39 2000 153 78 2000 23 1234
4115 3989 4123 45 4150 4154 4167 4169 4174 207 4178 4179 4180 2126 4185 4186 4187 2652 372 4087 2168 4181
10 93 41 2000 7 10 15 6 12 2000 6 4 16 2000 3 4 1 1542 2000 378 2000 4
4228 4230 4232 4236 4237 4238 4239 4115 45 4154 4167 2126 207 4174 2652 4191 4199 4206 372 4087 2168 4218 4181
1 17 2 4 2 2 1 16 2000 16 133 2000 2000 41 1474 5 8 11 2000 400 2000 8 5
4288 4289 4167 4296 4299 4300 45 2126 207 4301 372 4087 2168 4281 4303 2652 4255
10 6 198 32 2 7 2000 2000 2000 1 2000 160 2000 7 2 1499 4
4288 4167 4362 4363 45 2126 207 4307 372 4341 4087 2168 4367 2652 4351
17 175 9 6 2000 2000 2000 21 2000 15 139 2000 2 1539 1
4386 4387 4405 4167 4392 4362 4391 4396 45 2126 207 4400 372 4398 4406 4087 2168 4404 2652 4341
65 12 1 247 1 12 9 5 2000 2000 2000 3 2000 23 1 45 2000 3 1765 3
4448 4386 4387 4452 4167 4457 45 2126 207 4464 4472 372 4437 4470 2168 4473 4410 2652
1 38 110 38 16 5 2000 2000 2000 4 1 2000 36 2 2000 2 49 1723
4544 4545 4386 4387 4452 4540 4522 45 2126 207 4528 4536 4546 372 4437 4535 2168 4537 2652 4542
1 1 128 127 26 1 32 2000 2000 2000 86 2 1 2000 19 2 2000 4 1772 1
4386 4579 4452 4600 4584 45 2126 207 4592 4593 4595 372 4598 4599 2168 4578 4591 2652
103 11 19 2 1 2000 2000 2000 2 3 2 2000 2 1 2000 3 2 1772
4642 4644 4630 4628 45 2126 207 4632 372 4621 2168 4633 2652 4638
1 4 1 15 2000 2000 2000 8 2000 5 2000 11 1803 1
4672 4682 45 2126 207 4659 372 4695 2168 4633 4687 2652 4669
11 10 2000 2000 2000 14 2000 2 2000 61 4 1995 32
