36 69 70 41 54 56 30
64 7 4 64 1 10 22
36 101 102 103 104 41 105 89 93
30 3 2 3 5 30 2 2 4
0 3 4 5
7 4 1 1
52 54 46
4 1 2
73 91 94 78 95
15 5 1 1 1
0 4 12 5
4 1 2 4
1 6 9
4 6 1
33 39 48 49 51 53 54 56 58 59
3 3 16 5 1 4 6 1 2 3
64 68 69 70 72 47 61
2 4 6 3 2 8 1
120 117 118
3 30 8
16 19 21
5 2 1
50
12
24 20 22
3 1 1
67 72 77 78 80 81
23 2 2 3 1 1
120 140 138 124 118
11 2 19 8 8
32 27 20 29
1 7 9 3
49 43 44 47
3 10 1 1
81 68 69
1 8 3
17 27 28 22
11 1 2 4
64 65 58 61 54
1 1 9 4 10
80 81 83
4 10 25
136 137 134
1 1 13
178 163 140 183
16 9 18 1
192 201 204
17 8 3
243 245
4 9
249 260 261 262
1 9 4 5
288 293 294 297 299 287
7 2 3 17 2 8
355 356 358 359 345 351
2 4 1 2 18 2
27
1
8 13 6
1 3 6
64 34 59 39 41 19 52 53 58 27 60 62 63
1 4 1 44 4 3 10 3 4 10 4 1 1
83 86 90 92 93 94
4 1 4 3 2 5
136 137 141 143
5 8 1 2
56 58
3 1
120 117
1 8
176 182
1 3
46 49 54 55 57 58 59 60 61 63
3 2 2 2 3 3 1 3 1 1
130 131 105 109 110 124
7 1 3 9 10 10
163
9
186 187
1 1
40 41 36 38 39
2 1 5 6 2
72 67 75 77
8 13 1 2
97 110 109 78 111 113 116 117 118
4 4 4 33 2 3 4 3 2
112 136 130 138 137
15 3 5 1 2
156 115 140 135
7 19 13 18
153 154 155 156
1 3 4 3
49 51 52 45
4 1 1 27
96 82 94
1 3 3
139 150 151 154 155 158 159
3 4 2 3 2 5 1
199 209 213 218 219 220
7 9 19 4 2 1
9 10 4 7
3 2 11 8
57 18 55 54 49
1 14 1 2 2
108 109 114 116 117 118 119 92
6 2 3 4 2 10 2 6
136 135
1 12
200 189 197 198 199
1 5 2 2 4
249 252 255
6 5 3
283 284 285
21 1 2
321 325 326 327 330 311
5 1 8 8 3 3
352 353 346 354 351
3 1 9 1 5
376 395 380 391
3 1 6 3
424 408 425
5 2 2
0 35 37 38 39
8 1 7 2 3
66
2
103 111 112 113 114 115 94
8 1 1 7 1 3 1
17 21 22 23
26 4 3 1
57 51 60 61 55
4 7 2 3 7
1
1
8 25 42 44
3 22 7 4
1 2 3
3 1 3
67 68 46
1 9 5
114 115 116
5 1 1
8 9
3 1
7 14 15 17 18 20 21
4 2 1 7 3 2 1
68 7 81 51 84 85
1 10 13 4 1 2
97 135 144 152 117 151 120 154
9 8 7 1 11 4 2 3
205 207
1 3
232 238 241 247 218 251
16 2 1 7 3 4
248 256 253 255
6 2 5 2
8 9 11 13 14
4 6 5 2 2
44 62 47
18 1 5
84 77 85
1 2 4
19 20 14 22 23
2 1 3 1 1
16 22
8 1
48 52 53 46
5 3 1 7
104 98 85
1 13 3
135 138 145 147 151 152 153 154 155 156 157 158
19 5 8 1 38 2 7 1 2 1 3 1
202 204 205 186 188 138
2 1 3 7 3 22
224 232 233 221 231
4 2 1 8 4
251 252 254 255
4 1 1 3
321 291 326 329 331 271
11 16 6 3 7 9
338 354 359
7 1 1
7
2
53 22
4 3
1 12
1 1
16 25 26 13 24
8 4 1 1 3
56 32 55 57 17
3 1 1 1 4
