32 19 21 23 24 25 30
1 4 4 1 8 5 1
66 68 69 72 61 63
1 5 2 3 5 3
136 121 130 131 129
2 4 2 2 4
4 6 10 13 14 15
1 2 1 3 5 1
4 6
3 4
27 31
7 4
24 26 29 30
11 4 3 1
40 41 42
7 1 2
99 101 94
6 2 10
10 7
6 1
32 33 34
1 1 3
13 14 17 21 22 23 24
1 2 2 1 2 2 1
57 60 61 63
1 2 3 1
2 3
4 2
46 55
3 1
14 12 5 6 7
1 1 5 3 4
32 34 37 38 24 27 28 30
1 2 1 1 1 2 2 2
90 91 98
2 8 5
0
2
24 14
4 6
65 75 78 79 81 85 86 87 88 92
12 7 5 2 4 1 1 2 3 2
0 6 7
2 4 3
4 5
5 2
12 6
6 6
72 70 12 69 6
1 2 6 9 6
128 131 133 135
4 5 2 1
184 185 182 183
2 1 4 10
16
3
59 60 63
4 2 1
17 18 19 20
2 1 1 2
10 13 15 20 21 22
5 4 2 3 2 2
11 3 14
1 6 1
47 16 52 53 55 57
2 2 7 2 1 1
112 105 103 110 111
2 3 2 3 1
1
1
24 27 29 31
3 6 2 2
1
1
63 61 46 47
1 1 17 4
21 30 29
12 8 3
96 89
4 1
11 7
2 2
14
1
33 50 35 39
14 2 6 5
98 102 103
10 3 1
145 143
3 8
8 9 3 6
1 2 2 1
16 10 19 5 23
1 5 2 1 1
17 15
1 5
30
9
33 30
1 1
0 5
2 1
48 43 44 45
2 2 3 5
26 37 21
3 6 3
71 72 74 75 76 77
10 9 12 2 1 1
8 18 19 20
2 1 1 2
0 1 2 4
7 1 3 1
25 26 27
3 3 3
7 16 17 18 19 21
3 1 2 1 1 1
58 59 60 61 54
1 7 1 2 2
120 121 119
1 1 6
152 162 164 165 166
1 25 1 1 2
6
4
0 1 6 7 9 10
1 7 7 6 2 2
35 36 42 44 45 46
2 15 1 4 1 2
8 2 7
1 1 1
0 3 4
1 1 1
24 25
4 2
64 59 61
1 33 4
32 33 34 35 22 28 30
2 2 1 2 2 1 1
9 10 12
3 3 1
48 50 51
1 2 3
3 5
3 2
37 43 44 45 46 48 49 31
29 5 7 2 2 1 1 4
60 52 63
2 8 7
9 10 12
10 9 3
27 11 23
3 6 5
11
15
22 23
3 4
72
4
32 33 35 36 37
8 1 1 3 2
8 9 7
1 2 2
22 21 14
2 3 9
41 27 37 47
10 7 2 4
16 17 20 15
2 1 2 1
65 68 70 71 48 57
4 2 1 2 3 1
120 128 123 127
3 1 8 1
26 30 31
4 3 1
8 12 13 5 7
2 1 4 5 8
40 25 36 38 39
3 12 3 2 1
38 47
3 3
10 5 14 13
2 3 3 1
1 10 12 13 14 15 16
9 2 4 8 1 1 1
39 45 48 49 50 52 53
15 1 17 5 4 1 3
2 4 21 14
5 4 1 7
33 13 19 27 28 30
2 6 2 4 2 1
