4 43 47 54 55 56 57 58
15 36 5 6 1 9 1 2
98 67 100 43 108 114 47 80 120 91 115 117 54 111 121 90 79 124
3 25 4 43 1 2 83 10 2 1 8 13 7 21 1 14 4 1
124 138 172 111
7 35 5 106
192 200 138 223 111 219 220 222 191
54 12 57 3 114 6 1 18 30
192 259 296 138 300 237 111 281 283 298 191
15 23 4 28 1 15 326 18 4 2 86
321 259 310 328 348 138 333 334 335 296 338 307 340 342 313 281 346 111 316 330 191
101 4 4 12 1 100 18 5 4 4 10 14 5 5 5 30 2 253 30 3 7
321 138 111 338 374 313 281 378 381 382 383
168 54 323 35 4 5 22 5 2 3 1
321 390 391 138 395 402 111 401 338 394
325 17 2 10 10 1 258 1 74 5
321 450 453 390 457 459 429 462 111 432 338 467 468 470 441 461 445 421
676 2 18 94 44 3 6 2 300 2 18 5 1 2 1 2 12 24
321 514 421 519 520 457 517 493 111 338 499 513 505 477 510 511
389 2 33 8 1 35 2 3 196 13 15 1 15 99 3 5
562 321 546 560 519 338 558 559 528 530 499 564 566 567 505 538 111 477
10 289 15 1 44 160 5 11 46 81 133 1 2 2 82 31 333 20
321 546 603 613 623 620 562 622 111 338 499 597 601 530 477 607
215 108 2 12 2 10 100 4 357 265 129 32 108 187 67 5
562 321 546 682 338 686 111 688 530 499 601 623 687
121 297 120 24 94 1 759 1 135 120 120 96 1
530 623 546 562 700 321 708 338 725 601 731 738 743 744 748 111 499 756 758 759 760 761
80 305 72 401 42 109 28 106 78 72 53 21 19 63 8 446 72 5 4 1 1 2
769 738 731 708 743 744 810 338 530 321 623 808 562 111 828 830
286 6 48 80 75 286 13 11 99 165 330 1 616 224 2 2
864 769 731 708 837 743 744 810 871 530 321 623 562 867 869 856 111 861 865
11 196 5 70 5 92 196 18 1 200 140 148 344 3 2 6 138 8 2
769 911 321 744 909 743 530 623 111 562 871 919 920 921 890 883 922
203 2 329 203 10 244 119 4 107 207 21 1 1 2 73 36 1
321 971 966 743 744 871 909 111 530 562 983 890 769 979
677 9 26 89 14 45 23 112 109 14 2 464 14 2
321 1027 997 1030 999 743 530 1031 890 1019
408 12 73 8 19 41 226 1 332 14
321 997 1089 1098 1099 1069 1073 530 1077 890 1061 1087
553 17 6 23 1 47 56 44 4 395 56 20
321 1061 1127 1141 997 1098 1069 1134 1073 1106 1140 1077 1142 1128 890 530 1130 1125
786 151 30 2 4 43 85 18 151 11 2 124 1 2 619 27 10 2
321 1186 1188 1130 1069 1197 1140 1077 890 1167 1180 1194 1141
634 8 4 8 104 2 48 111 634 8 3 4 8
1216 321 1221 1227 1140 1077 1239 1240 1242 890
32 237 5 20 127 66 6 5 6 237
1216 321 1283 1291 1292 1293 1294 1266 1140 890
282 316 47 7 1 2 1 21 3 316
1216 321 1316 1350 1351 1352 1322 1356 1266 890 1354
293 343 15 2 2 1 15 1 1 343 2
1216 321 1411 1412 1350 1392 1393 1395 1365 1400 890 1372
392 454 4 1 67 30 9 5 51 8 454 65
1216 321 1350 1458 1461 1463 890 1372
531 233 102 3 3 2 233 154
1216 321 1477 1480 1486 1487 1490 1491 1493 1463 890 1467 1372
746 286 26 4 5 10 2 3 2 15 286 21 140
1216 321 1477 1518 890 1372
922 399 135 4 399 42
1216 321 1477 1550 1519 1554 1555 1558 1560 890 1562
1031 382 17 14 44 2 1 2 5 382 1
1216 1600 1602 1605 1606 321 1608 1607 1612 1519 1584 1586 1592 890
974 43 10 10 8 706 3 1 2 112 23 61 2 706
1216 321 1602 1669 1670 1672 1677 1586 1646 1519 1648 1682 1683 1622 1625 890 1679 1631
1062 686 10 8 14 22 5 83 5 140 82 5 4 155 12 686 5 73
1216 321 1602 1733 1736 1740 1742 1519 1648 1745 1746 1622 890 1743 1631
1208 600 7 16 6 2 4 38 230 2 1 187 600 3 21
1216 321 1795 1797 1798 1793 1800 1799 1519 1648 1777 1781 1622 890 1786
1420 414 2 2 1 3 3 2 46 405 9 7 107 414 27
1216 321 1825 1818 1519 1648 1824 1811 1781 1622 1815 890 1786 1822 1823
1621 172 1 4 35 409 2 10 167 30 1 172 45 6 3
1216 321 1858 1867 1871 1648 1811 1876 1781 1878 1786 890 1822 1855
1451 189 14 13 8 166 194 3 57 5 194 189 53 17
1925 1786 1931 1935 1936 1938 1811 1940 1944 1945 1946 1947 1822 1909 1216 321 890 1888 1648 1939 1781 1914
1 119 21 2 2 21 119 11 3 3 2 2 123 10 1501 224 224 95 72 60 16 3
1216 1888 1960 1994 1931 1966 1648 1938 1811 1781 1786 1979 1939 1981 1822 1973
1767 198 45 1 129 67 3 23 135 45 135 4 103 7 221 13
1216 1888 2018 2019 2020 1931 1811 2003 2009 1786 1939 2013 1822
1750 378 22 12 5 86 86 17 1 86 120 11 378
1216 1888 2018 2033 2052 2086 2022 2080 2088 2090 1931 2077 2065 1939 2073 1811 2003 1786 2042 1822 2085
1751 304 12 13 7 8 114 35 1 1 107 11 26 231 1 107 11 107 99 304 1
1216 1888 2022 2121 1931 2129 1811 2132 1786 1939 2042 1822
1718 145 29 3 346 1 346 1 346 135 9 145
1216 1888 2178 2184 1931 2156 2189 2200 2194 1939 2142 1811 2201 1786 1822
1552 57 12 43 387 20 12 2 9 179 46 387 1 387 57
1216 2208 2227 2219 2213 2215 2184 2217 1931 2156 2221 1939 2222 2216 1811 2228 2229 1786 2204 2206
1323 6 1 1 28 7 35 4 89 70 13 518 2 4 89 3 1 89 35 18
1216 2273 2242 2275 2280 2249 2156 2285 2288 1939 2292 2294 2266 2204 2237
1146 15 46 11 2 9 5 15 3 823 2 1 39 57 160
1216 2242 2342 2312 2345 2346 2344 1939 2296 2329 2237
1012 21 1 30 1 2 1 708 38 7 201
1216 2312 2355 2380 2381 2382 1939 2388 2389 2393 2296 2329 2394 2237 2367
1184 1 15 13 14 3 676 2 5 1 132 45 1 152 43
1216 2432 2434 2403 2406 2412 2442 2443 2380 2237 1939 2422 2441 2296 2329 2444 2399 2428 2429 2367
1352 14 24 106 45 67 2 1 60 15 457 9 2 357 300 1 7 2 20 53
1216 2432 2464 2403 2468 2438 2465 2412 2467 2429 1939 2422 2296 2329 2458 2237 2463
1147 102 6 266 2 32 1 59 3 2 477 43 242 331 20 13 1
1216 2432 2403 2438 2476 2467 2515 2513 1939 2516 2510 2518 2296 2329 2494
1503 215 682 8 93 93 10 21 649 3 7 3 118 682 24
1216 2432 2403 2531 2536 2540 2476 2467 2515 2573 2576 2577 1939 2574 2296 2329 2575 2557 2494
1570 170 471 2 13 2 67 67 93 3 1 3 994 2 105 471 2 5 3
1216 2432 2403 2540 2476 2467 2515 2531 2609 1939 2585 2296 2329 2618 2623 2621 2590 2591
1367 303 323 10 149 149 133 10 18 1034 84 10 323 4 6 4 24 76
2432 1216 2403 2629 2687 2666 2476 2467 2672 2609 2515 2681 2680 2329 2688 2651 1939 2653 2686 2591
358 1069 148 26 1 23 9 9 12 254 316 7 1 148 1 8 921 28 4 32
1216 2432 2403 2725 2666 2515 2749 2609 1939 2741 2742 2743 2329 2747 2748 2698 2591
1461 287 54 10 145 287 1 376 1407 11 4 5 54 2 2 5 57
2432 2823 2831 2832 1939 2836 2837 2838 2839 2840 2329 2842 2591 2725 2609 1216 2841 2515 2775 2403 2666 2796 2813
477 9 5 6 1394 2 3 5 2 3 103 1 30 43 210 1497 2 477 34 103 126 13 2
1216 2432 2882 2666 2515 2609 1939 2870 2871 2874 2875 2591
1141 859 2 417 859 226 1141 46 4 7 1 119
1216 2432 2886 2666 2515 2609 1939 2894 2901 2903 2904 2905 2906 2907 2908 2591
947 1053 27 629 1053 122 947 49 4 7 1 3 3 1 1 316
2432 1216 2941 2951 2972 2666 2956 2894 2959 2609 2930 2515 2967 2936 2969 2970 2971 1939 2968 2591
1046 954 2 23 2 438 1 5 76 32 40 1046 12 52 4 2 1 954 2 274
2432 1216 2983 3004 2666 2959 2515 2999 1939 3005 2591
1007 993 11 9 511 164 1007 3 993 3 463
2432 1216 3019 2983 3036 2666 3051 3054 2959 3056 3041 2515 3060 3061 3064 3039 1939 3059 2591
1137 863 14 21 83 238 10 16 152 3 2 1137 1 1 1 25 863 3 677
2432 1216 3077 3100 2666 3019 1939 2959 3088 3090 2515 3102 3103 3036 3101 3070 2591
1107 893 23 2 131 4 893 90 28 10 1107 4 1 94 4 29 705
1216 2432 3106 3147 3142 3137 3103 3145 2666 3143 3148 3149 2515 2959 3121 1939 3150 3131 3070 2591
681 1319 64 2 2 7 40 7 425 3 1 2 1319 174 61 681 1 6 23 401
2432 1216 3106 3227 3219 3217 2666 3180 2959 3216 3121 2515 3200 3223 3225 3194 2591 1939 3226 3198 3103
1470 530 51 1 6 4 568 30 175 5 16 1470 2 10 5 3 195 530 1 3 164
1216 2432 3249 3217 3244 2666 3239 3180 2515 2959 3216 3121 1939 3223 3103 2591
535 1465 9 12 5 648 12 5 1465 47 51 130 535 47 39 192
2432 1216 3291 2666 3216 3281 2515 3289 3290 3103 1939 3293 3294 2591
1480 520 1 184 198 1 1480 5 12 88 520 1 4 93
2432 1216 3299 2666 3314 2515 2591 1939 3325 3103
1447 553 100 142 3 1447 50 553 2 128
2432 1216 3299 3333 2666 3341 3328 2515 3381 3385 3386 3387 1939 3358 3103
1461 539 55 27 88 7 89 1461 6 2 1 1 539 46 169
2432 1216 3333 3400 2666 3443 3407 2515 3448 3449 1939 3358 3103
1724 276 42 9 173 10 79 1724 2 2 276 117 59
2432 1216 3333 3497 2666 3443 3500 3501 3407 3505 3506 2515 3477 3503 1939 3358 3103
1895 105 11 7 161 17 7 2 322 2 2 1895 24 4 105 154 92
2432 3520 3539 3521 3530 3552 3534 3407 3535 2515 3541 3551 3545 3547 3548 3358 3103
2000 27 9 9 7 1 47 435 3 2000 20 2 5 12 10 425 28
2432 3521 3591 3530 3565 3534 3407 3568 3601 2515 3606 3576 3358
2000 58 1 18 16 56 671 9 13 2000 1 9 513
2432 3521 3650 3633 3657 3660 3661 3662 3407 3664 3601 2515 3358
2000 33 1 14 1 1 10 4 320 3 67 2000 858
2432 3521 3699 3697 3688 3691 3407 3601 3698 2515 3358
2000 166 5 8 14 5 171 20 11 2000 1114
2432 3521 3714 3745 3746 3407 3728 3601 2515 3734 3736 3737 3738 3744 3358 3743
2000 146 9 1 1 48 7 6 2000 3 5 1 1 3 1013 3
2432 3714 3749 3751 3722 3726 2515 3740 3358
2000 44 3 2 40 41 2000 2 1331
2432 3777 3714 3779 3789 3753 3722 3788 3778 3726 3791 3795 2515 3796 3766 3785 3358
2000 9 220 39 3 52 10 10 10 220 14 2 2000 2 2 14 1307
2432 3840 3714 3847 3849 3851 3852 3842 3726 2515 3831 3833 3835 3358 3839
2000 3 80 1 2 2 1 5 80 2000 11 5 1 1552 10
2432 3714 3845 3879 3882 3726 2515 3870 3831 3833 3358
2000 70 2 3 4 70 2000 10 13 54 1460
2432 3714 3912 3913 3914 3906 3726 2515 3833 3899 3358
2000 32 1 1 1 69 32 2000 138 10 1363
2432 3906 3955 3948 3949 2515 3833 3931 3358
2000 146 4 7 82 2000 183 12 1019
2432 4001 3906 4003 4005 4002 3986 2515 3833 3358
2000 3 276 1 1 2 14 2000 47 1414
2432 4000 3906 2515 3993 3992 3833 3997 3358 3999
2000 2 104 2000 36 31 145 1 1565 2
2432 4032 3906 3993 2515 3358 4023 3833 4029 4030
2000 58 158 12 2000 1606 42 380 47 115
2432 3906 4067 2515 4023 3833 4090 4091 4029 3358
2000 208 97 2000 96 177 16 1 43 1823
2432 3906 4067 4134 4167 4106 4107 4109 4142 2515 4121 4153 4023 3833 3358
2000 35 43 17 1 36 19 79 25 2000 19 3 430 430 1570
2432 3906 4067 4227 4226 4109 4142 2515 4153 4023 4217 3833 4219 3358 4223
2000 148 32 3 4 31 24 2000 12 466 5 466 5 1534 17
2432 3906 4263 4266 4109 4269 2515 4023 3833 4283 4253 3358
2000 242 36 5 12 3 2000 155 155 3 94 1845
2432 3906 4323 4263 4297 4266 4299 4269 4322 2515 4023 3833 4253 3358 4319
2000 281 1 23 35 7 25 3 12 2000 290 290 169 1710 1
2432 3906 4263 4297 4362 4363 4333 2515 4023 3833 4346 4361 4253 3358 4351
2000 121 16 394 1 2 55 2000 140 140 19 6 11 1860 18
2432 3906 4297 4375 4333 2515 4023 4408 3833 4346 4412 4413 3358
2000 125 93 32 104 2000 55 11 55 1 5 1 1945
2432 4449 3906 4451 4450 4333 4448 2515 4436 4375 4408 4412 3358 4447
2000 1 82 1 4 397 2 2000 18 3 17 79 2000 3
2432 4481 3906 4483 4484 4485 4486 4487 4488 4333 4463 4465 4466 2515 4436 4473 4475 4476 3358
2000 13 142 1 7 4 2 1 2 238 28 38 16 2000 85 2 14 8 2000
2432 3906 4485 4521 4523 4499 4333 4463 4465 2515 4436 4542 4489 4527 4540 4541 3358
2000 122 92 2 4 20 53 32 37 2000 299 1 23 23 21 27 2000
2432 3906 4485 4582 4584 4540 4587 2515 4436 4572 4541 3358 4581
2000 31 205 10 2 17 5 2000 373 19 120 2000 23
2432 4485 4635 4636 4637 4638 4650 4651 4652 4653 4654 4656 4657 4658 4660 3358 4541 3906 2515 4436 4581 4588 4597
2000 121 1 2 3 27 1 4 4 4 15 4 3 3 1 2000 147 81 2000 320 17 138 14
2432 3906 4707 4485 4712 4681 4714 4588 4701 4689 2515 4436 4713 4696 4697 4541 3358
2000 32 4 159 3 8 1 43 6 12 2000 132 1 13 2 75 2000
2432 4485 4588 4722 2515 4436 4756 4541 3358
2000 10 13 19 2000 70 2 273 2000
2432 4808 4810 4813 4814 4816 4818 2515 4436 4819 4794 4541 3358
2000 56 14 9 14 3 3 2000 134 1 34 95 2000
2432 4838 4839 4808 4810 4814 2515 4436 4824 4794 4828 4541 3358
2000 3 1 137 85 57 2000 137 8 67 2 53 2000
2432 4866 4808 4810 2515 4436 4794 4893 3358
2000 7 206 204 2000 206 24 2 2000
