18 19
2 1
4
1
3
1
19 20 21 15
2 2 1 2
17 10 15
1 3 4
2 5 6
1 1 1
29 30 23
1 3 1
8 9 3 4 7
2 5 1 2 1
2
1
0
1
0 1 3
2 2 1
16
2
3
2
4
1
0 1
1 1
8
1
2
1
8 13
5 2
4 10 12 9 7
2 1 1 1 3
1
1
3 5 7
1 1 1
4 6
1 1
8 9 3
1 4 4
6 7
3 2
0
2
8 11 4 6
1 1 2 1
1 3
1 2
0 1 2
1 2 2
17 18 19
3 1 1
3
5
3 6 7
3 1 1
44 45
1 3
3 4 6
4 2 2
6
1
33 23 20 31
1 1 1 1
1
1
0 1 3
2 1 2
8 9 10
1 1 1
2 3
5 1
12
1
1 2 3
2 2 3
17 19
4 2
1 2 3 5
1 4 1 1
4
2
4 5
2 1
32 31
1 1
10 7
1 1
0 2
1 1
0 1
1 2
9 3
1 2
4
3
0 3
1 1
2
1
4
2
0 1 2
1 2 4
17 10 18 15
1 4 1 4
18 20
3 5
10 11 12
3 1 1
10 13 14
4 1 2
14
1
11
2
0
1
7
1
3 4 5
2 1 1
0 2
1 1
9 11
2 1
0 5 6
3 1 2
0 2
1 1
3 4 5 6
1 2 1 2
1
2
2
2
0
1
0 1 3 4
6 3 2 4
1
3
4
3
18 20
2 3
2 3 4 5
1 1 3 1
6
1
0 1 2
1 2 1
8 6
1 6
0 1 3
1 1 1
10 12 5
1 1 1
0
2
1 5
2 1
4 5
1 1
12
4
