1
4
9 7
2 4
0
1
0 2
1 3
3 4 5 6 7
1 1 2 1 1
1
2
4 5 6
2 1 1
0
2
0
3
0 1
1 1
1 2
1 2
25 26 27 28
2 1 2 1
2 3 4
2 1 1
0
2
7
2
1 2
1 1
3 4 5 6
2 3 3 1
7
2
1 2 3
1 2 1
11
3
2
1
11 13
4 2
0 1
2 1
24
2
1 2 3 4
2 1 3 2
3
4
9 13
1 1
0
3
0 2
1 1
0 1
1 1
0
2
3 4 5
1 1 1
9
4
0
2
0 1 2
1 1 2
5 6
3 1
16 18 14
3 2 2
0
1
0 2 3
2 3 1
1
1
16
1
2
2
0
2
0
2
3
1
0
3
0
2
1 2
4 1
2 3
1 2
1
2
2 5
1 1
9 10 11 13
1 1 3 3
8
3
0
1
6
1
9 10 6
2 1 2
1
1
0
2
0
1
0 3
2 1
10 12
4 1
9 10 7
1 3 2
0 2
1 1
9 11 12
3 4 2
6
2
3
1
0
1
3
1
11 12 6
1 4 2
2 3
1 2
1 6
3 1
11 13
1 1
