54 43 59 37 46
1 12 5 9 7
20 14 23
4 5 1
64 65 66 68 69 62
2 1 4 6 4 1
0 2 3 5
5 7 1 1
0 1
1 1
55 52 54 47
2 1 1 4
80 73 77 70 79
2 3 1 2 1
21
1
56 57 52
1 3 4
98 99 100
2 1 1
1 2 5
1 2 3
26 29
1 1
24 26 30
5 3 4
0
9
42 44 45 47
2 4 3 4
81 79
5 1
107 105 99
3 2 7
18 21 24 25 27 28
4 2 5 8 3 1
30 31
1 1
9 2 12 10 6
2 1 1 1 2
57 58 45 55
1 1 2 3
50 43 47
6 4 3
12 14 15
4 2 1
8 10 3 12 14
3 3 1 3 1
40 44 56 57 58 27
1 8 5 5 1 3
1
2
36 28 37 22
4 16 2 1
25 28 29 30
3 2 3 5
72 67
1 2
7 8 17 19 20 21
3 7 3 2 4 2
57 59 37 62 55
5 2 2 2 14
104 105 98 99 106
5 1 3 1 1
130 165 167 168 146 156
11 2 1 2 9 3
144 148 147 139
2 1 2 8
184 187 188 189 175
12 9 2 2 10
9 10 12 13
7 2 1 1
8 10 11 12 6
1 3 1 1 5
32 33
2 1
2 4 5 6 7
4 3 2 3 1
17 21 23 24 25 26 27
4 4 3 1 2 2 1
56 57 58 53 55
1 1 1 2 1
91
2
8 9 10 3 7
4 6 1 2 1
24 25 26 27 23
2 7 3 1 8
68 63
6 11
104 97 99 102
1 2 5 3
8 1 5 7
1 11 1 3
11 12 21 22 23 24
2 3 2 2 6 4
0
3
8 9 5 1
3 2 2 2
32 18 25 26 29 30 31
1 3 1 2 1 3 1
32 33 35 21 30 31
1 1 1 1 6 1
48 50 26
2 3 2
13 14
1 3
34 43 44
6 3 1
105
4
8 10 18 13
11 10 2 9
48 41 43
3 3 1
34 37
5 2
27 29 30
11 1 2
5 7
1 1
8
2
0
2
41 42 39
3 1 1
18 35 34 30
2 1 5 2
10 15 19 25 26 27
18 4 2 4 1 1
87
1
36 38 44 45 47 48
2 6 1 5 3 1
72 74 69
1 2 1
3
7
49 50 29 46 45
3 2 6 15 5
96 97 86 88 89 93
3 2 7 3 8 2
8 11 5
2 2 7
51 59 61
1 4 1
123 124 118 126
1 1 4 3
24 26 27 13 15
7 1 2 2 1
97 98 99
4 2 3
29 22 21
1 13 3
64 65 59
2 4 3
29 46
24 3
5 6
16 3
24 27 29 22
4 1 2 4
41 10 35 43 39
2 20 5 1 9
72 73 74
6 9 3
21 15
7 5
41 39
7 2
8 9 3 4
1 1 4 7
64 66 67 68
6 2 1 3
28 21 30 29
2 5 3 4
34 44 45 38
1 1 1 1
84 91 83 92
1 1 5 2
24 33 30
4 7 24
57 61 55
2 2 4
8 7
5 12
10
8
3
1
