68 70 71 8 42 50
6 4 2 39 14 2
99 101 104 73 106 113 85 86 105
6 6 22 53 1 2 5 35 11
129 136 73 138 146 147 116 86 152 153 154
45 14 88 10 13 6 9 109 15 7 5
129 73 171 178 175 146 182 188 189 190
139 44 23 2 17 8 28 6 2 3
193 194 195 129 206 207 209 212 213 189
65 7 12 241 2 5 2 2 1 39
193 258 231 129 268 194 246 254
171 9 8 265 7 4 1 4
193 209 211 212 129
246 9 1 2 54
193 260 262 266 268 269 270 271 248 254
186 24 8 7 5 3 2 3 31 5
193 297 299 302 274 307 310 248
314 13 13 15 158 3 1 20
193 299 338 335 336 337 274 339 312
119 76 1 21 3 3 56 2 56
193 299 335 336 408 274 404 312 409 412 413
58 160 48 18 2 58 11 58 1 1 3
193 451 454 299 460 466 335 433 274 435 468 312
99 10 6 198 9 3 270 62 99 30 22 99
193 299 493 335 274 503 312 505 507 511
139 385 10 382 139 30 139 13 2 2
193 535 521 299 335 274 532 534 503 312 538 527
203 1 52 338 559 203 4 3 61 203 11 54
576 193 555 577 552 567 299 562 335 274 564 565 503 312 559 538 527 572 574
6 195 12 1 53 8 225 11 501 195 20 19 31 195 4 140 31 2 5
193 552 299 527 593 274 598 503 312 538 335 604 602 605
396 3 43 38 7 396 8 38 396 200 279 3 4 1
193 651 612 645 648 604 299 654 335 274 631 312 634 636 538
592 1 39 3 7 26 39 2 539 592 5 592 44 17 110
193 706 707 612 713 714 299 685 335 274 691 692 631 312 538 604
528 12 21 81 2 4 15 11 528 528 10 20 1 528 26 107
193 739 773 775 776 778 335 274 691 312 538 763 604 735
454 16 27 10 5 1 569 454 42 454 20 12 112 49
800 193 825 335 274 691 822 791 312 819 538 763 604 735
13 856 1 595 856 22 9 9 856 8 39 29 44 18
800 193 866 867 836 865 604 843 335 848 274 819 312 763 860 735 863
1 950 5 3 3 1 7 22 424 59 950 25 950 157 3 19 5
896 193 897 883 335 848 881 274 819 884 887 312 889 763 894 895
2 736 1 8 120 163 11 736 22 84 16 736 18 126 3 3
193 931 945 905 946 910 335 848 944 274 819 916 949 914 312 889 763 884
639 21 8 87 17 7 78 411 7 639 145 18 1 4 639 74 133 10
992 193 994 995 905 335 848 945 274 819 884 983 312 889 969 991
3 265 17 3 126 259 688 14 265 13 57 49 265 70 3 19
1024 193 1028 1029 1030 1031 905 335 848 945 274 819 884 312 889
3 532 2 1 2 2 82 103 924 66 532 115 328 532 89
1108 193 1093 1072 1104 905 335 848 945 274 819 884 1109 1113 312 889 1114 1039 1086 1077
1 657 85 14 12 31 40 644 391 657 204 278 4 1 657 175 2 14 8 4
193 1093 1160 905 1162 1164 1165 848 945 274 819 884 312 889 1147
805 108 2 203 7 3 2 472 344 805 250 331 805 224 24
905 1162 1170 1181 1182 1198 945 819 1205 312 1210 193 1093 1222 1223 1226 1227 1228 1230 848 1232 274 884 889 1147
597 17 167 3 13 13 51 100 45 698 7 698 6 6 6 3 2 2 1 624 2 698 218 380 17
1280 1282 1283 905 1170 1182 1198 945 819 1205 312 193 848 1235 1239 274 1264 884 1269 1272 889 1276 1277
8 1 2 425 296 51 51 12 86 54 697 697 866 12 61 697 2 65 92 29 546 3 4
1337 193 1347 1348 1345 905 1239 1170 848 1272 274 819 884 1269 889 312 1305 1341
2 447 6 1 1 644 3 50 909 6 447 57 109 314 281 447 68 7
1360 1355 1381 193 905 1386 1367 1170 1389 848 274 819 884 1269 1353 312 889 1374
80 12 4 485 644 1 32 44 1 871 485 5 227 419 12 485 253 9
193 905 1355 1170 848 1393 274 884 1269 1367 312 889 1403 1405 1407
566 661 27 28 773 19 566 221 282 115 566 345 11 9 1
193 1451 1463 1456 905 1355 1426 848 274 1459 884 1269 1367 312 889 1466 1405 1461
293 11 1 5 1076 143 15 631 293 8 172 258 101 293 121 1 85 2
193 1478 1479 905 1355 1484 274 1487 848 312 1426 884 1269 1494 1367 1496 1492 1490 1493
5 44 9 1422 129 10 5 8 573 5 39 5 242 1 4 2 2 1 5
1538 1540 1511 1543 905 1355 848 1269 1545 1527 1532 1534
28 15 48 2 1013 204 987 63 5 6 30 8
1601 905 1355 848 1532 1597 1599
1 726 606 1274 74 2 1
1668 1670 1671 905 1355 848 1651 1641
19 2 1 895 600 1105 40 98
905 1355 848 1651 1684 1686 1689
772 414 1228 81 12 4 2
1732 1734 905 1355 848 1651 1705 1721 1723 1727
5 2 816 694 1184 154 24 14 29 2
1768 905 1355 1773 848 1777 1651 1780 1750 1705 1784 1769 1786 1787 1788 1789
1 580 626 1 1420 1 3 3 33 127 2 12 1 7 8 1
1827 1800 905 1355 1837 848 1841 1842 1811 1705 1823
14 38 287 332 1 1713 2 2 8 285 27
1827 1864 905 1355 848 1873 1879 1875 1877 1705 1880 1823
95 10 376 488 1624 1 8 12 3 293 1 4
1922 1827 905 1355 848 1879 1705 1913
13 113 392 474 1608 45 204 5
1923 1956 1705 1930 1355 848 1879 1827 905 1976 1978 1939 1982
90 12 185 6 639 1847 16 127 153 3 17 10 1
2002 2016 1827 1705 1930 1355 2009 1923 848 2001 1879 1987 2006 905 1980 2010 1979 1993 2015
5 2 180 210 39 883 17 24 1924 14 76 11 6 76 74 23 1 11 7
1993 1827 1705 1355 2034 2076 848 2001 1879 1987 2057 2069 2070 905 2071 2068 2074 1980 2047
17 305 475 824 16 3 1946 25 54 17 7 2 3 54 4 1 1 20 66
1827 2117 2129 1705 1355 2130 848 2001 1879 2132 2133 2102 905 2105 2139 2108 2047
226 1 1 431 471 8 1927 69 73 4 5 11 73 5 1 4 85
2192 1827 2198 1705 1355 848 2001 1879 2195 2187 2102 905 2196 2199 2142
6 233 3 682 313 1969 143 31 1 2 142 31 2 1 9
1827 2244 2001 2248 1705 1355 848 905 2229 2102 1879 2204 2237 2142 2207
319 1 351 10 935 128 1772 228 25 88 228 58 4 100 15
905 2204 1827 1705 2229 2102 2251 1355 2252 2254 848 2001 1879 2273 2274 2276 2287 2288 2289 2290 2291 2292
269 20 381 933 52 277 15 107 32 11 1731 259 269 18 12 3 3 2 2 1 1 1
2241 2242 1827 2246 1705 1879 848 2001 2243 2229 2102 905 1355 2236
9 7 164 1 853 410 1590 225 12 108 139 410 50 5
2273 2274 1355 2276 2001 1705 2263 848 905 1879 2266 2269
8 2 22 4 110 730 56 1334 666 666 7 3
2310 2312 1705 2263 2316 2317 848 2001 2291 2292 905 1879 2313
2 7 1293 62 3 5 1564 109 20 11 436 436 1
2359 2342 905 1879 1705 848 2001 2291 2292 2263 2356 2362 2363 2365 2366
2 18 763 763 806 1237 66 191 11 133 5 1 2 2 1
2342 2408 905 2359 2381 2414 1705 848 2001 2291 1879 2263 2409
18 16 803 118 11 15 817 1197 39 280 803 46 11
2432 2475 2437 2342 2408 1705 2359 2414 848 905 2488 2291 2485 2486 1879 2456 2460 2428 2453
20 8 45 211 211 1343 103 10 1646 354 1 73 12 6 354 37 7 37 11
2432 2544 2475 2437 2342 2531 2408 1705 1879 2542 2543 848 2546 2291 2453 905 2485
28 1 93 49 271 6 271 1830 135 5 2 1865 1 17 17 135 52
2432 2561 2475 2582 2342 2408 1705 1879 2573 2574 2575 848 2577 2544 2571 905 2586 2587
92 31 74 6 520 520 1723 277 5 10 38 1723 23 15 45 277 11 1
2432 2625 2626 2475 2628 2598 2342 2577 2408 905 1879 2629 2607 848 2609 2627 2571 1705 2575 2623
9 5 5 72 1 166 872 72 872 253 253 1 166 1747 45 1 19 1747 243 12
2432 2688 2475 2598 2342 2665 2408 1705 2698 1879 2695 2694 2575 848 2609 2696 905 2679 2607 2693
77 7 16 75 748 14 748 1967 2 33 4 10 232 1967 158 1 33 2 75 5
2432 2342 2598 2408 1705 2734 2607 848 2609 2711 2575 2735 2718 2719
10 673 225 673 2000 13 225 2000 314 40 221 1 6 18
2785 2787 2598 2342 2408 1705 2779 2575 848 2609 2782 2783 2607 2748 2718 2719
7 2 227 673 673 2000 14 228 2000 308 15 5 227 31 103 88
2342 2598 2408 1705 2827 2607 848 2609 2575 2718
1385 265 1385 2000 6 265 2000 151 925 169
2878 2342 2598 2408 1705 2858 2575 848 2609 2866 2869 2838 2607 2718 2879
3 1046 140 1046 2000 12 688 2000 37 31 56 6 140 140 3
2598 2342 2408 1705 2891 2893 2575 848 2866 2869 2902 2903 2607 2718
93 873 873 2000 80 37 608 2000 134 122 5 2 93 93
2575 2970 2972 2718 2978 2342 2983 1705 2986 2994 2990 2607 2992 2993 2866 2995 2869 2891 2893 848 2982 2598 2408 2942
162 4 7 315 12 750 8 2000 2 1 8 315 4 2 70 6 329 43 59 2000 2 315 750 15
3012 2342 2598 3014 2408 1705 2891 2990 2607 848 2993 2866 2995 3016 2869 2575 3007 3004 2718 3013
4 763 521 7 763 2000 115 165 521 2000 6 115 68 1 351 14 91 1 521 37
3024 3049 2598 2342 2408 1705 2891 3053 2990 2607 848 2866 2995 2869 3031 3065 3046 3067 3068 2718
13 3 316 675 675 2000 39 11 123 316 2000 39 43 664 24 2 4 3 3 316
3123 2598 2342 2408 1705 3134 3116 3117 2990 2607 848 2995 2869 3065 3098 3131 3130 2718 3077
2 419 666 666 2000 1 2 34 84 419 2000 191 830 58 32 5 10 419 1
3155 3141 2342 2408 1705 2598 3117 2990 2607 848 2995 3162 2869 3158 3065 3161 3098 3163 3130 2718 3167
2 55 458 458 2000 386 90 16 386 2000 195 2 1378 9 1 5 226 1 74 386 1
3202 3203 3206 3209 3210 3211 3212 3213 3098 2718 2342 1705 2990 2607 2995 2869 3130 3141 848 3170 2598 2408 3186 3187 3192 3194
20 3 10 3 4 1 2 1 359 41 481 2000 22 41 210 1272 78 142 2000 45 41 481 46 62 33 3
3210 3098 2718 3235 3237 2598 1705 3244 2607 2995 2869 3255 3257 3130 3259 3262 3264 3265 3266 3268 3141 848 3258 3170 2342 2408 3187 3192
9 367 114 48 13 114 2000 7 114 282 1016 37 1 105 6 3 2 1 1 1 34 2000 2 325 495 495 105 24
3098 2718 3235 2598 1705 2607 2995 2869 3255 3130 3266 3275 848 3290 3291 3170 3299 2342 2408 3305 3306 3307 3308 3187 3192
233 92 59 92 2000 92 591 1235 11 59 52 148 2000 10 27 331 6 293 293 2 2 6 4 59 2
3328 3170 3187 3302 2342 2408 1705 3275 3331 3330 848 3130 2995 2869 3255 3098 3319 3235 3326 3327
4 410 28 34 59 59 2000 239 1 2 2000 28 631 1305 17 239 9 28 4 13
3328 3098 3354 3359 3360 3361 3235 2342 1705 3374 2995 2869 3383 3130 3387 3388 3390 3392 3393 3394 3395 3275 848 3170 3302 2408 3187 3319 3326
4 129 23 35 27 113 9 70 2000 23 684 1416 18 9 1 6 8 4 7 3 2 129 2000 333 33 70 9 9 4
3098 3360 3361 3235 2342 1705 3374 3443 2869 3130 3397 3275 3405 848 3416 2995 3422 3170 2408 3438 3187 3319 3451
175 139 35 46 58 2000 2 12 1644 46 41 175 12 2000 34 619 45 246 58 4 46 46 1
3458 3461 3468 3469 3471 3472 3474 3475 3098 3360 3361 3235 1705 2995 2869 3130 3275 3405 848 3416 3170 3187 3443 3319 3449 3451 3452
46 10 4 32 6 5 6 6 105 413 130 5 2000 833 1596 5 105 20 2000 104 366 5 20 5 11 53 2
3360 3361 3170 3187 3235 3526 3527 1705 3275 3458 848 2995 3522 2869 3319 3416 3098 3451 3130
672 65 304 68 68 3 8 2000 169 170 2000 646 8 1696 68 169 169 170 68
3458 3098 3360 3361 3235 1705 2995 2869 3130 3531 3527 3275 3532 3554 848 3416 3549 3550 3552 3170 3555 3187 3319 3451
61 226 754 3 130 2000 349 1753 130 2 17 226 95 2 2000 226 18 12 5 247 2 130 130 61
3585 3458 3594 3598 3599 3600 3098 3360 3235 1705 2995 2869 3130 3275 3532 3554 848 3416 3170 3556 3562 3565 3187 3319 3451
13 31 2 2 1 1 69 492 467 2000 538 1779 467 69 125 91 2000 69 221 20 65 59 467 467 31
3458 3098 3360 3235 1705 3630 2995 2869 3640 3130 3646 3637 3648 3652 3654 3275 3532 3554 848 3416 3170 3556 3562 3635 3187 3319 3451
18 5 499 438 2000 37 813 1796 5 438 8 10 11 1 3 5 148 35 2000 5 204 5 41 10 438 438 18
3360 3681 3170 3187 3235 1705 3562 3532 3630 3709 848 3697 2995 2869 3319 3130 3708 3706
430 25 329 560 560 2000 64 275 158 2 2000 3 681 1671 560 560 8 4
3360 3760 3170 3187 3235 3754 1705 3562 3532 3757 3630 3759 848 3706 2995 2869 3319 3130 3741 3758
726 2 527 239 239 12 2000 235 527 1 304 5 2000 13 508 1473 239 239 31 7
3360 3809 3170 3187 3235 1705 3562 3532 3810 3630 3791 848 3794 2995 2869 3319 3130 3805
494 6 872 82 82 2000 126 872 1 172 2 2000 25 552 1128 82 82 6
3360 3170 1705 3562 3532 3630 848 2995 2869 3641 3642
835 739 2000 190 739 228 2000 426 1261 2 1
3360 3712 3170 3715 3716 1705 3562 3532 3630 848 3700 2995 3668 2869 3673
609 1 648 1 1 2000 159 648 281 2000 1 743 120 1352 91
3735 3736 3738 3360 3749 1705 3754 3755 3630 3759 3761 3763 3764 2869 3767 3765 3532 848 3668 3673 2995 3170 3562 3753
24 15 55 687 15 2000 7 6 32 7 1 1 2 1399 1 3 601 2000 258 97 712 601 278 26
3360 3170 3780 1705 3562 3755 3532 3630 848 3769 2995 3668 2869 3795 3735 3736 3673 3738 3803 3804
820 680 44 2000 676 46 680 26 2000 3 500 300 1320 10 110 27 118 129 13 1
3866 3735 3863 3736 3738 3867 3868 3869 3360 1705 2995 2869 3780 3532 848 3668 3673 3803 3170 3813 3815 3816 3562
7 246 4 74 154 1 2 3 528 2000 615 1143 19 857 2000 314 110 77 857 169 58 53 471
3735 3736 3360 1705 2995 2869 3906 3911 3532 848 3923 3668 3927 3673 3803 3933 3934 3936 3937 3170 3813 3816 3562
498 33 329 2000 434 763 30 9 1237 2000 3 498 1 56 331 1 2 1 2 1237 139 129 329
3360 3170 3972 3813 3976 1705 3562 3979 3532 3980 848 3953 3986 2995 3668 2869 3958 3735 3983 3803
510 1036 2 271 31 2000 510 9 1036 1 2000 11 2 454 288 964 11 288 2 132
3979 3735 3992 3996 3360 1705 4015 4016 2995 2869 4023 4025 4021 3532 848 3668 3803 3170 3813 3562 3953 4019
29 296 4 8 764 2000 28 7 568 1332 1 2 3 668 2000 296 94 668 157 764 46 8
3979 3735 3360 1705 4015 2995 2869 4026 4042 3532 4046 848 3668 4053 4054 4056 4057 3803 3170 3813 3562 3953 4052
2 192 849 2000 144 550 1399 57 3 601 35 2000 192 19 1 2 2 165 601 113 849 6 4
3360 3170 3813 1705 3562 4085 3532 4046 4015 848 2995 3668 2869 4054 3735 4086 4026 3803 4053
777 526 107 2000 777 1 526 22 186 2000 697 155 1474 6 155 1 37 155 47
4103 3735 3360 4132 4134 4136 1705 4141 4142 4015 4144 2995 2869 4026 3532 4046 848 3668 4053 3803 3170 3813 3562
54 86 844 50 10 24 2000 9 12 258 10 769 1613 265 387 88 2000 86 7 86 387 88 844
4103 3735 3360 4132 1705 4015 2995 2869 4026 4166 3532 4046 848 3668 4186 3803 4189 3170 4195 3813 3562 4205 4208 4202
96 55 808 39 2000 502 748 1556 404 50 444 39 2000 55 8 55 16 444 4 39 808 12 10 20
3360 3170 4166 4103 1705 3562 3532 4237 4015 848 4241 4242 2995 3668 2869 4246 3735 4233 4026 3803 4245
668 659 60 94 2000 668 659 3 586 2000 7 8 673 257 1341 2 257 1 343 257 2
3360 4256 3170 4268 4166 4103 1705 3562 3532 4271 4270 4015 848 4242 2995 3668 2869 3735 4265 4026 3803
799 2 522 9 100 100 2000 799 522 1 2 730 2000 114 679 51 1478 51 12 409 51
4103 4026 3360 1705 4015 2995 2869 4282 4166 3532 4303 848 4314 4315 4317 4319 3170 3562 4336 4339 4341 4343
184 359 616 2000 564 447 1063 30 184 937 9 2000 56 23 1 29 937 616 7 2 10 1
