32 31 30 39
9 4 1 10
80 78 79
2 7 3
18 19 37 38 29
1 11 2 15 11
24 25 4 6 23
10 2 9 21 12
57 59 62 55
2 5 2 4
96 94
1 4
161 162 163 144 151 156 125
1 1 2 10 6 4 33
192 193 196 197 209 200 202 203 204 208 177 178 183
18 2 11 4 6 3 1 3 2 2 44 15 14
257 242 259
3 1 8
322 324 325 294 295 327 306 326 317 319
8 8 6 11 25 2 5 2 13 2
372
17
394 397 399
9 1 1
451 453 424 458 436 439 409 443
6 9 4 3 8 25 2 12
451 526 494
12 5 6
561 563 574 575
19 13 4 2
625 586 626 597 599
18 7 3 22 9
664 665 667 652 645
3 2 1 31 8
682 675 684 683 686
24 57 2 4 1
736 737 719 727 729 699
4 5 53 1 12 10
769 781 766 777
5 1 16 1
801 802 805 806 808 809 810 811
2 4 1 1 1 9 11 2
839 848 849 850 851 831
18 7 1 2 1 12
912 913 907 899 839
1 1 10 19 32
962 947 956 955 959
1 20 2 7 3
964 976 947 980 982 983 984 986 987
5 1 23 9 1 1 3 1 1
1034 1038 1039 1043 980 1023
5 3 4 1 21 14
1071 1073 1074 1075 1053 1023
10 1 1 2 32 15
1088 1091 1098 1101 1102 1110 1112 1113
18 31 85 14 5 3 8 9
1145 1122 1140 1146 1134
7 124 8 2 11
1184 1185 1179 1180 1181 1182
3 1 4 26 3 12
1216 1217 1219 1220 1209 1212 1214
11 21 2 2 54 8 3
1248 1250 1237 1243 1244 1245 1246
2 3 42 5 1 2 3
1312 1313 1292 1237 1305 1306 1309 1310 1311
1 1 9 4 9 1 5 1 4
1366 1353 1364 1365 1334 1367 1368
3 8 1 4 2 2 2
1430 1415 1416 1417 1423 1428 1429 1398
1 5 23 14 4 3 2 35
1441 1475 1481 1484 1485 1468 1470
71 5 1 5 1 8 6
1512 1513 1519 1520 1496 1497
9 5 4 1 8 1
1543 1513 1547 1548 1550 1551 1525 1545
15 22 2 5 4 4 5 1
1600 1602 1607 1609 1578 1615 1617
56 35 2 10 32 3 1
1664 1668 1578 1678 1679 1681 1682 1657
35 14 8 9 6 2 3 2
1737 1719 1668 1739 1735
1 31 31 3 23
1764 1771 1781 1782 1784 1785
5 24 2 1 2 3
1827 1833 1841 1844 1845 1847 1821
40 10 6 6 3 1 30
1827 1860 1894 1902 1911 1880
67 4 12 13 2 28
1952 1953 1922 1827 1928 1932 1955 1945 1947 1951
2 1 23 95 4 2 1 13 5 2
1964 1988 1998
6 18 1
1988 1990 2001 2006 2007 2008
27 14 12 4 1 1
2017 2018 2019 2001 2006 2010 2013 2014 2015
2 2 1 43 29 7 3 4 6
2043 2053 2058 2062 2070 2071 2073 2074 2075
16 2 2 6 2 7 5 7 1
2106 2100 2101 2062 2103
9 2 4 63 8
2146 2154 2155 2161 2169 2170
7 1 22 10 1 1
2177 2161 2164 2168 2172 2174
1 3 12 7 9 8
2208 2214 2220 2224 2227 2228 2164 2205
1 27 4 2 3 3 38 3
2257 2276 2245 2270
19 2 8 5
2281 2322 2323 2324 2293 2326 2327 2328
24 3 6 1 22 2 2 1
2368 2369 2371 2361 2365 2335
1 3 5 12 9 7
2376 2378 2365 2373 2375
4 2 1 32 20
2436 2435 2428 2446 2375
4 2 32 5 22
2474 2484 2485 2462 2479
7 1 1 30 14
2489 2482 2485
1 14 13
2536 2489 2538 2516 2548
41 38 5 25 1
2552 2553 2556 2542 2558
6 5 14 7 8
2603 2604 2606
2 4 1
2609 2611 2614 2615
14 5 1 4
2649 2659 2660 2661 2662
42 3 1 1 1
2692 2696 2668 2705 2706 2707
17 6 55 2 1 1
2721 2754 2755 2756 2753 2696 2731 2668 2743 2713 2746 2716 2749 2750 2751
8 2 1 2 4 27 25 8 25 9 5 4 10 8 1
2788 2789 2790 2791 2792 2759 2765 2775 2783
1 2 2 1 1 6 73 7 1
2843 2852 2839
1 4 6
2892 2889 2891 2884
1 3 2 60
2944 2946 2948 2949 2951 2952
19 30 2 2 1 1
2944 2996 2997 3001 3003 3004
14 5 3 1 1 1
3042 3043 3030 3048 3052 2998
1 10 9 7 5 9
0 11 4
5 2 3
24 25 10 4
12 5 9 35
34 35 38 40 41 10 20 23
5 12 1 3 2 11 62 15
100 113 40 107 109 111 104 115 20 117 23 116
7 2 8 5 2 2 16 1 40 1 128 1
23 140 149 150 119
55 15 7 3 47
165 215 205 206 208 212 214 23 216 217
19 1 20 14 1 4 3 20 1 1
256 234 249 250 251 252 253 255
1 51 13 12 1 8 3 1
41 34 43 45 39
5 16 2 2 14
50 70 55
10 7 17
9 3 12 15
2 7 5 1
46 16 17 51 55 58 59
12 6 19 3 2 1 2
96 55 82 83 87 90 91 93 94 95
3 12 11 7 4 2 6 1 1 1
96 120 124 134
10 4 2 4
201 178 197 165 199
1 19 3 3 3
251 234 249 219 252 253 254 223
2 1 1 46 1 1 1 46
292 290 219 284 223
1 2 88 9 88
323 357 358 361 362 219 350 223
6 6 1 4 2 209 24 209
385 386 387 223 219 383
2 2 2 9 9 1
289 251 269 219 283 285 223
1 2 10 81 2 3 81
335 340 345 346 219 223
8 6 3 1 217 217
219 388 390 223
103 1 5 103
428 441 442 219 412 223
7 7 4 189 1 189
483 487 488 503 499 493 495 467 500 501 502 471 219 223
29 2 4 1 2 4 5 68 1 1 3 43 388 388
522 524 525 529 530 531 532 533 471 219 223
5 10 29 6 17 7 4 2 2 312 312
559 557 219 525 223
2 13 182 5 182
