2
3
0 1
3 1
18
4
5 6
3 2
3 5
1 2
0
1
2
2
0 1
3 1
10 11 12
2 1 3
1
1
11 12
1 3
12 13 14
1 2 2
1
1
1 21 6
3 2 3
16 17
1 1
1
1
6 7
1 1
12 15
5 4
13
1
19 20 21
1 1 2
5
4
2 3
1 1
10 6
1 3
1 2 3
2 3 1
8 6
2 3
2
2
5
1
5 7
1 2
11 12
1 1
18
2
7
1
9 11
2 1
1 3 4
1 1 2
8
2
7
1
3
1
6
2
33 35 12 31
4 1 1 1
10
3
18 28 29 30
5 6 4 1
10 14 7
1 1 1
9 13 14
4 1 1
0 1
1 1
9
2
8 10 12
3 1 1
10 6
1 4
13
2
0
2
10 11 2 6
1 2 2 1
6
1
58
5
8 5 6
1 1 3
1
1
9 12 5 7
1 2 3 2
8 3 11 12
1 2 2 1
2 3 5 6
1 1 1 2
8 9 13 14 16
5 5 2 1 1
2 4
5 1
0 1 2
2 1 1
1
1
6 7
1 1
11
2
2 4 5 6
1 1 2 1
0 2 3
2 1 1
0
2
0
1
18 15
1 2
0
1
8 9 7
2 1 1
8 5
1 1
7 8 10 11 12 13 14
1 1 2 4 1 1 1
11
2
10 12
1 1
3 6
3 1
2 7
1 1
2 4
3 4
0 1 2 3
1 6 3 1
4 7
2 3
4
1
2
1
0 1
1 1
