36 38 39 41 47 49 50 51 53 54 30
5 10 10 8 2 1 3 1 2 1 9
38 71 92 45 77 81 50 86 87 89 91 60 94
77 9 1 61 20 3 20 1 2 4 3 21 3
38 71 45 50 152 60 94
56 15 56 72 4 35 97
192 163 165 173 174 177 50 190 152 60 189 94 181
2 56 3 32 2 6 107 3 165 33 17 28 7
152 163 173 50 60 196 204 208 212 217 94 225 228 229 232 233 234 237 239 240 241 242 243 244
76 85 187 75 25 13 119 23 3 7 47 9 7 7 3 2 1 3 3 2 1 1 1 1
289 228 60 298 306 204 173 302 237 303 50 307 308 279 152 217 283 281 94
5 40 9 10 3 127 154 5 35 17 93 4 2 20 211 89 21 21 11
228 357 358 359 204 173 237 337 311 152 217 281
72 2 6 5 345 240 1 23 41 29 198 21
385 228 389 390 394 395 204 173 368 371 311 152 217
3 16 1 2 3 1 521 173 30 9 90 97 140
417 419 228 420 204 173 368 405 406 152 217 411 412 413 415
3 1 215 1 301 87 37 23 7 46 229 5 1 6 4
448 228 457 459 204 173 431 368 465 466 405 152 217 442 463 413
46 521 6 5 367 115 34 38 2 1 43 45 89 20 8 3
228 457 204 173 497 498 499 468 405 152 217
455 163 760 25 24 1 3 226 18 49 7
515 228 517 457 204 173 468 533 534 532 539 540 541 542 511
71 465 47 68 593 21 254 14 54 18 8 2 3 2 43
515 228 517 457 204 593 468 539 542
60 707 91 91 301 5 652 12 92
515 228 517 614 616 457 204 468 542 613
88 845 128 4 2 128 328 787 2 11
673 515 228 517 457 204 654 468 628
2 209 367 307 307 421 5 351 20
515 228 517 457 204 717 718 690 468 724 730 731 732 733
68 200 638 638 361 14 26 58 200 2 6 13 1 3
515 228 517 457 778 779 204 717 468 759 756 777 766 735
73 214 603 603 3 1 216 73 214 8 12 6 1 10
802 228 517 457 204 815 818 468 822 824 820
32 182 956 956 40 9 4 182 2 1 6
864 865 867 228 517 839 457 204 468 855 831
1 4 3 278 820 15 820 24 278 30 4
228 869 902 903 457 204 909 910 912 468 855 517
414 49 8 5 648 19 1 7 2 414 13 648
960 961 963 228 869 903 968 457 973 974 468 855 953 965 964 517
14 9 15 599 147 78 3 479 7 4 599 87 27 4 18 479
963 228 517 1031 457 1039 1041 1042 468 855
38 403 636 18 636 6 1 1 403 62
1075 228 517 457 1073 1043 468 1081 855 1048 1076 1052
1 238 518 518 18 7 238 1 9 141 1 10
1091 228 517 457 1104 468 1110 1111 1048 1114 1115 1093
67 206 47 47 1 206 7 6 199 15 2 48
1120 1121 228 1125 1127 1129 468 1110 1048 1114 1116
8 1 204 3 1 2 204 24 204 32 24
1120 228 1169 468 1174 1048 1177 1180
33 265 4 265 1 265 3 3
1120 228 1232 1208 1234 1235 468 1237 1048 1236 1180
164 595 3 5 1 1 595 2 595 1 33
1120 228 1286 1287 1288 1289 1290 1291 1261 1264 1272 468 1048
409 487 3 1 4 1 1 2 5 121 2 487 487
1120 1328 228 1321 1323 1264 1330 468 1333 1334 1303 1048 1332 1311
354 9 763 7 25 167 1 763 1 2 23 763 3 11
1120 1345 228 1382 1377 1364 1351 1388 1389 1328 1264 468 1048 1332 1338
303 26 708 15 8 2 4 1 2 29 240 708 708 11 43
1120 1345 228 1377 1421 1422 1264 1425 1426 468 1048 1428 1338 1405
411 10 472 10 6 9 313 2 2 472 472 1 131 35
1120 1472 1474 1475 228 1479 1480 1483 1264 468 1048 1465 1338 1467
153 13 18 6 602 1 4 1 153 602 602 3 49 8
1120 1506 228 1511 1512 1481 1264 468 1048 1492 1338 1502
109 1 563 4 1 47 109 563 563 5 64 8
1120 1538 228 1545 1559 1519 1264 1560 1555 468 1557 1561 1481 1048 1556 1338 1562
23 30 370 29 4 63 23 2 4 370 19 1 66 370 27 31 1
1538 228 1606 1607 1481 1610 1611 1613 1614 1519 1586 1555 468 1590 1609 1048 1615 1597
61 599 26 3 31 14 4 4 4 286 1 20 599 3 13 599 3 14
1633 228 1606 1644 1646 1519 1650 1597 468 1653 1654 1048 1629
4 900 137 1 10 400 3 30 900 2 3 900 110
1697 228 1606 1673 1519 468 1048 1691 1629
4 510 126 23 128 510 510 7 20
228 1733 1606 1710 1519 1734 468 1717 1048 1722 1629
747 2 84 74 226 1 747 33 747 22 63
1792 1789 228 1786 1772 1741 1710 1519 1778 468 1717 1048 1722 1743 1629 1790 1791
1 5 822 1 11 36 76 255 1 822 167 822 36 1 108 2 1
1794 228 1853 1836 1848 1710 1519 1841 468 1717 1846 1048 1818 1629 1845
26 1167 4 25 1 42 410 9 1167 342 2 1167 1 222 16
1889 1887 228 1893 1894 1871 468 1717 1048 1892 1882 1519 1629 1855
6 28 1151 2 1 160 1151 585 1151 6 8 371 168 103
1953 1923 228 1959 1975 1519 1976 468 1717 1977 1048 1972 1871 1629 1855
46 12 1227 18 2 303 2 1227 562 1 1227 5 64 64 66
2011 228 1981 1995 1519 468 1717 1048 2009 2010 1871 1629 1855
1 1627 4 58 710 1627 348 1627 3 1 95 95 19
228 2059 2060 1871 2034 468 1717 1048 1519 2044 1629
1753 6 9 380 38 1753 237 1753 648 12 380
2112 2091 228 2059 1871 2034 2083 468 1717 2102 2105 1048 2100 2106 1519 1629 2110
1 5 1601 116 419 93 42 1601 399 3 4 1601 6 2 712 419 1
228 2156 1519 2034 468 1717 2169 2167 1048 2164 1871 1629 2165
1287 2 540 484 1287 713 2 2 1287 7 195 195 1
2209 2203 228 2189 2173 1871 2034 468 1717 2199 1048 2212 2202 1519 1629 2206
2 13 1361 44 128 176 596 1361 639 17 1361 1 1 504 176 2
2257 228 2247 2250 2226 2255 1871 2237 2034 2259 468 1717 2231 1048 2260 1519 2236 1629 2261
1 1375 14 9 57 7 142 18 529 2 1375 625 40 1375 1 121 7 142 1
2305 2274 2307 228 2310 2313 2250 2226 1519 2034 468 1717 2267 1048 1871 1629 2302
6 6 3 1346 7 9 51 121 94 518 1346 654 5 1346 33 33 2
2363 228 2341 2310 2226 2250 2365 2349 1519 2353 2034 468 1717 2359 1048 2362 1871 2364 1629 2360
1 1393 25 117 38 400 2 30 117 14 441 1393 607 1 1393 4 50 1 50 1
2369 2370 228 2310 2374 2375 2376 2250 2034 1519 2226 468 1717 2359 1048 2372 2362 2378
8 1 1488 53 3 14 4 746 389 53 88 1488 512 4 1488 16 7 3
2400 2369 228 2310 2409 2250 2412 2226 1519 2392 2034 2387 468 1717 2391 1048 2404
1 59 1380 177 6 708 3 59 177 23 620 7 1380 620 4 1380 1
2477 2369 228 2470 2310 2250 2445 2482 1519 2034 468 1717 1048 2484 2428 2442 2485
4 34 1076 3 104 588 11 2 104 924 1076 924 1076 6 1 11 1
228 2534 2310 2535 2250 2539 2540 2541 1519 2034 468 1717 1048
564 20 27 3 332 1 2 2 27 1436 564 1436 564
2594 2595 228 2250 2573 2034 468 1717 1048 2585 2590
1 1 649 254 57 1351 649 1351 649 4 10
2626 228 2630 2250 2603 2034 468 1717 2614 2615 1048 2628 2652 2653
82 464 8 111 47 1536 464 1536 11 8 464 30 8 4
2656 2657 2658 2659 228 2663 2250 2603 2626 2034 468 1717 2646 1048 2649 2654
15 5 9 6 384 3 63 44 60 1616 384 1616 42 384 52 38
2740 2691 228 2731 2727 2250 2603 2739 2703 2736 2034 2675 468 1717 1048 2708 2716 2654 2687
2 55 387 3 3 48 92 2 14 4 1613 34 387 1613 387 20 7 6 36
2603 228 2789 2793 2250 2731 2798 2799 2776 2034 468 1717 1048 2745 2687
69 542 21 4 28 117 2 1 32 1458 542 1458 542 85 73
2816 2603 228 2821 2793 2731 2808 2034 2819 468 1717 2820 2809 1048 2745 2811 2814 2687
1 133 498 1 7 193 2 1502 3 498 1502 1 13 498 231 2 2 68
2882 2603 228 2793 2731 2863 2034 468 1717 2873 1048 2745 2687 2847
20 134 548 23 291 37 1452 548 1452 8 548 216 20 71
2880 2879 2603 228 2881 2793 2731 2863 2872 2034 468 1717 2870 1048 2745 2874 2847 2876 2877 2687
1 3 35 457 4 5 45 37 28 1543 457 1543 8 457 118 1 65 8 2 154
2881 2927 228 2886 2913 2921 2922 2925 2926 2863 2928 2929 2034 468 1717 1048 2745 2687 2847
60 3 611 39 39 11 3 9 3 150 2 1 1389 611 1389 611 146 17 1
2881 228 2886 2988 2863 2034 468 1717 1048 2745 2972
1 941 122 2 149 1059 941 1059 941 156 1
228 2886 3016 3021 3026 2863 2034 468 1717 3033 1048 2745 3034 3035
1256 72 77 23 35 105 744 1256 744 4 1256 220 9 4
228 2886 3021 3053 3026 2863 3064 2034 468 1717 1048 2745 3069 3067 3068 3060 3066 3061
1365 67 5 17 16 186 2 635 1365 635 1365 339 3 2 2 18 1 1
3026 3073 228 2886 3084 3021 2863 3089 2034 468 1717 1048 2745 3099 3092
3 19 1488 22 8 18 179 3 512 1488 512 1488 637 3 2
228 2863 2872 2034 468 1717 2870 2871 1048 2745
1214 429 1 786 1214 786 11 3 1214 240
2915 228 2885 2919 2920 2893 2863 2034 468 1717 1048 2745
1 1225 4 6 2 23 497 775 1225 775 1225 204
2977 2978 2979 228 2981 2982 2920 2953 2954 2923 2863 2034 468 1717 2745 1048 2937 2970 2980 2974
2 2 2 785 3 1 7 39 49 210 1037 1215 785 1215 84 785 119 15 1 2
3008 2977 2987 228 2983 3016 2953 2954 2923 3020 3021 2863 3024 2034 468 1717 3015 2745 1048 2937 2970
23 27 3 864 29 5 4 1 133 6 1 946 1 1136 864 1136 20 211 864 163 5
3074 3075 228 3078 2983 2953 2923 2863 2034 468 1717 2745 1048 2937 3066 3061
2 5 1046 1 16 54 66 634 954 1046 954 218 1046 320 49 3
3123 228 3097 2953 2923 3122 2863 3120 2034 3091 468 1717 2937 1048 2745 3066
1 1313 35 71 53 10 588 1 687 58 1313 687 99 1313 191 60
3171 3187 228 3174 3177 3178 3179 3181 3182 2937 2863 3153 2034 3091 468 1717 2953 1048 2745 3066
2 3 1403 8 9 2 12 1 8 5 592 24 597 74 1403 597 216 1403 102 216
3232 3192 3236 228 3238 3239 2953 3210 3245 2863 3249 2034 468 1717 1048 2745 3066 3247
5 11 12 1534 8 23 182 118 4 466 2 466 1534 466 1534 203 313 1
3236 228 3238 3239 2953 3210 3275 3276 3278 2863 3280 2034 468 1717 1048 2745 3066 3279 3268 3253
96 1112 9 171 96 16 3 1 3 888 1 888 1112 888 1112 127 257 2 49 57
3335 228 3333 3302 3239 3304 2953 3210 3275 2863 2034 3315 468 1717 2745 1048 3236 3066 3337 3326
1 1199 1 5 110 37 132 10 33 801 801 10 1199 801 209 1199 132 345 2 3
3371 3236 228 3239 3304 2953 3370 3275 3374 2863 3377 2034 468 1717 3383 1048 2745 3066 3387 3389 3384
9 12 1379 61 49 12 34 126 64 621 29 621 1379 621 15 1379 313 710 2 5 4
3415 3275 228 3304 3371 3410 3374 2863 3408 2034 468 1717 3414 3383 1048 2745 3066 3407 3413
2 65 1637 24 21 7 160 363 2 363 1637 363 1 108 1637 434 893 14 4
3458 3371 228 3304 3444 3275 3374 2863 2034 468 1717 3383 1048 2745 3066 3423 3420 3453 3433
12 50 1617 77 10 116 11 383 383 1617 383 46 1617 750 706 3 15 3 75
3488 3275 228 3304 3433 3476 3371 3468 3501 2863 2034 468 3477 1048 2745 3066 3508 1717
10 186 1541 4 78 88 117 145 6 459 459 1541 80 1541 747 712 17 459
3275 228 3511 3558 3304 3468 3541 3371 468 3556 2863 2034 3555 3476 1717 3433 1048 2745 3066 3557 3477
38 1764 22 1 96 495 4 67 1764 4 236 236 16 488 236 64 1764 1016 588 3 23
3627 3371 228 3625 3623 3304 3433 3511 3468 2863 2034 468 1717 2745 1048 3476 3066 3613 3477
2 44 1863 3 13 107 102 145 557 137 137 1863 137 1102 1863 557 552 1 44
3648 3649 228 3653 3654 3623 3304 3468 3645 3371 468 2863 2034 3476 1717 3511 1048 2745 3066 3477 3433
18 2 1721 5 2 245 81 681 8 16 1721 279 279 681 279 222 1721 1116 440 16 84
3707 228 3623 3304 3468 3705 468 2863 2034 3699 3476 1717 3702 3511 1048 2745 3066 3695 3709 3710 3433
1 1880 366 290 894 5 1880 120 120 3 894 120 6 132 1880 1193 132 33 5 2 265
3713 3719 3468 3476 1048 3759 3743 3623 3753 3755 2863 3761 1717 2745 468 228 3304 3751 3695 2034 3709 3710
38 136 840 840 1676 6 55 434 3 2 324 3 324 1307 1676 1676 369 7 18 324 136 18
3773 228 3623 3304 3719 3468 2863 2034 3763 3476 1717 3766 2745 1048 468 3695 3772 3709 3710 3743
1 1790 258 432 8 545 210 210 1 545 210 1 1358 1790 1790 51 2 8 51 79
3776 228 3781 3782 3623 3304 3468 468 2863 2034 3476 1717 1048 2745 3791 3695 3710 3743
13 1929 11 13 48 299 877 1929 71 71 877 71 1929 1630 1 37 37 33
228 3781 3782 3623 3304 3468 3819 468 3822 3793 3802 3476 3828 3833 1048 2745 3834 3835 3837 3838
2000 198 11 22 406 1068 1 2000 3 16 14 1068 6 1 2000 1594 5 8 5 2
3840 3888 228 3877 3304 3468 3895 468 3856 3864 3890 3476 3893 3894 3897 1048 2745 3866 3835 3870 3781
76 11 2000 21 527 736 1 2000 12 21 27 736 9 2 1 2000 1473 27 180 36 23
3840 3936 3938 228 3877 3953 3304 3476 3468 3951 3912 3890 3955 468 1048 2745 3930 3835 3914 3934
185 2 28 2000 51 1 514 532 532 14 6 6 1 2000 2000 1486 1 383 85 16
3468 3476 3989 1048 3993 3997 3998 4000 4002 4005 4006 4008 4009 4010 2745 3914 468 3938 228 3304 3960 3835
400 400 51 2000 23 10 3 7 8 1 11 3 5 1 1444 21 2000 174 2000 556 19 476
3938 228 4005 4070 4071 3304 4044 3476 4075 3468 4010 4074 4050 468 3989 4022 4055 1048 2745 3835 3914
108 2000 8 3 12 500 43 433 1 433 40 3 23 2000 6 5 6 2000 1500 356 115
3938 228 4071 3304 3476 3468 4010 4088 468 4117 4118 1048 2745 3835 3914
39 2000 79 437 629 629 154 114 2000 21 1 2000 1563 298 200
4162 4155 228 4071 3304 3914 4139 3468 4010 4088 4168 3476 4117 1048 2745 3835 468
8 9 2000 4 428 78 19 876 40 105 11 876 38 2000 1572 284 2000
4224 4225 4226 4227 4229 4231 3468 3476 4117 1048 4010 4139 2745 3914 468 4182 3835 228 3304 4088 4217 4219 4221
2 6 2 2 2 1 1043 1043 88 2000 177 158 1688 153 2000 21 303 2000 312 133 17 16 2
4228 4259 228 3304 3476 4139 3468 4258 4010 4240 4248 4264 4243 468 4117 1048 2745 3835 3914
26 22 2000 309 1116 107 1116 3 20 4 8 7 25 2000 10 2000 1691 309 37
228 4293 4294 4300 3304 3468 3914 4139 468 4301 4302 4243 3476 1048 2745 3835 4298 4295
2000 5 5 3 213 1301 35 82 2000 1 3 16 1301 2000 1787 213 1 1
4331 228 4325 4294 3304 4329 3476 4139 3468 468 1048 2745 3835 3914
7 2000 74 72 213 11 1462 24 1462 2000 2000 1787 213 76
