16 9 12 13 17
1 1 5 2 1
49 52 53 54 55 56
3 1 7 1 1 1
4 6
3 2
0
1
8 9
2 2
6 15 22 23 25 27 28
2 2 6 11 1 3 2
7
3
4
1
7
15
1 11 12
15 1 2
0 1 3 5
1 7 1 1
34 46 47 50 51 52
10 1 1 3 3 2
2 3 5
6 2 1
1 5
1 2
18 19 14
5 4 1
1 3 4
1 10 1
1
2
22
7
1 2
2 2
3 4
1 2
1 5
2 1
16 8 12 14
2 2 4 3
64 65 68
4 6 1
32 33 35 36 37
1 17 1 3 1
8 11
2 3
17 18 19 20
5 2 1 1
14
7
58 59
1 1
15 4 13 14 7
1 1 2 1 3
10
2
1
5
0
2
35 36 37 24 26 28 29
1 1 1 7 6 1 4
4
2
8 5 6
1 1 1
26 21
1 2
16 15
2 1
3 4 5 6
2 1 1 2
36 46
2 2
72 75 77 78
5 4 1 1
0 1 6 7 8 10
1 2 2 4 2 1
32 28 30 22 31
1 6 2 1 6
0 4 5
8 6 1
1 2
1 1
41 43
6 1
8 2 5 6 7
2 1 1 1 2
1 3 4 6
2 1 1 2
4
10
18 33 26 34 29
1 1 2 2 1
13
1
32 33 37 39 24 26 30
5 4 6 2 3 4 3
40 44 36 47
1 4 6 1
1 2 3 7
4 2 2 1
0
7
25 28
1 1
89 90 84 85
3 2 6 6
2
3
29
1
8 4
2 2
34 35 36
4 1 2
19 20 21 14
2 4 1 1
19 22
2 1
11 13 14 15
2 2 1 1
0 1
2 1
5
1
65 66 60
5 3 1
4 5
10 1
3 6 7
3 2 1
22
1
30 31
2 5
1 2
1 2
17
2
49 51 45 47
3 5 3 3
66 67
8 2
4
11
24 26 28 23
2 1 1 3
9 2 10 6
1 4 2 1
8 11 12 13 14
2 2 3 1 2
19
3
48 58
7 3
4 5 6 7
2 3 3 1
16 17 18 13 15
4 2 2 4 1
66 71 84 87 88 89 90 91
2 2 3 2 3 5 3 1
0 3
2 2
17 18 2 13 7
1 1 1 2 23
0 6 7
1 2 1
5 6
2 1
48 49 50
8 3 1
35 36 37
6 2 2
25 18 19 21 22
2 2 2 9 2
0
2
0
5
3 4 5 6 7 9
6 1 1 2 1 1
