40 33 44 37 29
4 28 2 4 7
33 37 74 79 80 81 82 52 60
114 30 17 45 4 2 1 95 28
33 37 79 52 119 120 121 123
491 53 77 56 7 18 6 1
33 37 85 79
308 144 7 165
33 37 105 106 79 85 111
350 339 12 14 155 37 2
149 33 132 37 105 147 142 79 144 145 114 115 85 120 133
1 391 5 89 26 1 8 142 5 1 152 42 6 117 6
33 195 132 37 79 114 115 196 120 185 190 197
56 6 165 67 387 41 37 1 15 7 31 2
33 132 37 257 264 234 203 268 269 79 240 244 266 221 222
27 93 44 11 2 18 11 3 3 499 7 39 7 122 252
257 132 79 286 244 317 314 221 222
28 7 670 9 28 6 9 80 514
257 386 132 390 391 333 79 370 244 373 342 380 221 222 383
70 9 39 4 2 30 397 30 70 13 4 2 120 357 2
257 421 423 424 425 79 400 244 408 411 412 221 222
88 23 32 1 1 333 41 88 67 6 6 244 333
257 482 489 490 492 493 79 400 472 467 244 408 477 221 222
82 13 2 2 1 1 664 51 14 25 82 124 17 43 664
512 257 514 509 79 244 510 408 506 507 508 221 222 511
3 58 1 2 741 58 1 72 29 8 7 109 741 1
257 79 560 244 534 408 559 527 221 222
57 944 1 57 80 183 10 20 91 944
257 585 586 587 589 79 560 593 563 244 534 408 592 591 527 221 222
124 38 6 4 3 907 6 1 42 124 145 22 1 4 9 82 907
608 257 643 644 646 647 585 586 621 79 563 244 534 599 640 221 222
37 218 23 3 1 2 69 92 20 754 9 218 169 34 9 101 754
608 257 667 682 585 586 621 686 79 689 244 534 599 672 668 221 222
105 109 4 1 10 222 200 2 846 2 109 380 116 22 1 255 846
608 672 739 709 742 743 744 585 586 747 748 621 79 723 734 534 599 729 221 222
187 67 3 89 15 16 2 96 228 8 2 235 764 7 62 321 253 13 255 764
775 785 534 792 672 802 807 808 811 813 817 819 820 822 709 585 586 79 599 221 222 608 742 621
20 5 542 14 46 2 6 23 13 14 2 16 12 2 107 42 476 1049 212 116 1049 153 33 116
775 534 820 822 842 709 585 586 79 599 847 221 222 608 867 871 872 873 874 621 878 881 882
135 426 19 210 12 69 194 220 1551 26 3 88 1551 69 3 11 19 4 8 88 4 1 1
900 775 917 534 919 924 925 929 934 822 709 585 586 79 599 847 221 222 608 872 621 894
11 52 25 478 35 9 27 3 4 192 162 72 375 1489 45 107 136 1489 162 139 136 13
775 534 925 931 936 946 949 822 969 954 961 965 968 585 586 971 79 847 221 222 872 621
40 777 102 16 37 10 43 219 2 3 7 7 2 40 575 1 1780 190 39 1780 194 39
994 931 822 1031 936 925 586 621 847 1032 872 221 1022 534 1017 985 79 1034 1021 222 1029
28 28 195 10 76 175 809 39 181 7 175 39 30 1034 2 29 1841 1 38 1841 2
1089 994 931 822 1094 1095 936 1097 586 1090 79 1085 1074 1091 1022 534 847 1084 1021 222
1 28 28 325 8 3 170 1 895 18 1749 14 33 4 82 1178 204 39 111 1749
1090 1091 1156 822 1158 936 1129 586 1131 1100 1085 79 1107 1022 534 1113 847 1021 222 1157
74 44 4 340 2 293 5 1083 5 25 109 1900 84 130 1267 72 117 425 1900 1
1156 1166 1167 1169 1170 534 1180 1181 1182 1187 1189 936 822 1085 1090 1091 586 1100 79 1107 1113 847 222 1021 1022
34 22 33 24 64 1053 4 4 2 1 4 392 267 143 51 172 916 4 1712 121 27 42 1712 409 183
1156 1167 1169 1170 534 936 822 1085 1216 1090 1091 1225 586 79 1107 1236 1238 1242 222 1248 1249 1021 1022
75 205 1 119 1120 105 165 43 8 112 12 31 954 1390 306 8 2 6 1390 1 1 447 165
1290 1090 1156 822 1287 1289 586 1255 1294 1167 1266 1107 1022 534 1257 1284 1274 79 1021 222
2 88 159 176 11 1 994 33 1 87 2 246 176 1106 8 19 42 1282 386 1282
1156 1167 534 1284 1306 1317 1334 1354 1344 1090 822 1352 586 1355 79 1361 1107 1364 1359 222 1255 1363 1274 1021 1022
130 15 1013 15 72 10 17 8 2 131 103 9 1001 1 1116 1 145 1 4 1116 251 1 50 595 103
1090 1334 1156 822 1255 1320 586 1324 79 1328 1329 1107 1332 1022 534 1336 1306 1021 222 1333
187 3 111 165 399 33 1271 7 1436 17 3 111 3 165 1271 10 48 655 1436 11
1411 1156 1413 1414 534 1412 1306 822 1090 586 79 1107 1365 222 1255 1384 1387 1021 1397 1402 1405 1022
1 136 3 3 1040 2 78 303 26 1040 1343 136 12 1343 409 12 3 674 15 21 2 303
1156 822 1414 1255 586 1427 79 1425 1426 1107 222 534 1306 1423 1021 1022
59 402 35 296 809 3 1211 1 1 59 1211 809 35 3 559 402
1441 1442 1156 822 1414 1255 586 79 1107 1022 534 1432 1306 1435 1021 222 1445
30 31 56 639 1 249 820 1459 56 639 820 46 1 30 416 1459 1
1442 1467 1156 822 1255 1480 586 1486 79 1107 1022 534 1432 1435 1500 1021 222
1 26 83 700 422 6 866 34 1566 83 700 866 2 75 6 440 1566
1467 822 1255 1533 586 1516 1518 79 222 534 1527 1530 1435 1021 1022 1531
64 718 511 1 865 9 19 1583 1583 865 13 11 90 511 718 8
1467 1545 534 1255 1577 586 1579 1581 1582 79 1584 1571 222 822 1527 1583 1530 1435 1021 1022
40 4 425 250 22 425 7 1 3 1153 1 9 1153 728 58 1 9 316 250 728
1633 1634 1627 822 1638 1255 586 1527 1612 1614 79 1597 1620 222 534 1623 1435 1630 1021 1022 1637
2 1 11 582 1 143 545 11 40 6 1127 44 49 1127 545 14 422 2 143 582 2
1693 822 1255 586 79 1680 1681 1597 1022 534 1623 1435 1021 222 1695
2 106 429 1142 1248 42 8 161 106 1142 59 411 429 1248 3
534 1435 1693 1709 1710 1711 1715 822 1720 1721 1724 1597 1728 1729 1730 586 79 1623 222 1255 1021 1022
1285 412 31 91 4 6 3 148 12 8 3 24 3 1 2 1285 1433 230 1433 254 254 148
1773 822 1766 1255 1770 586 1771 1772 1709 79 1597 1022 534 1623 1721 1435 1021 222 1775
1 99 8 130 6 1155 2 5 39 1254 81 99 1155 49 44 611 130 1254 1
1806 534 1815 1435 1833 1834 1839 1845 822 1721 1597 1858 1861 1862 586 79 222 1255 1772 1786 1021 1022
115 670 30 819 13 17 1 5 255 166 21 11 1 1 670 925 925 21 15 24 21 255
1806 534 1815 1435 1835 1836 1840 1844 1846 1847 1849 1850 1852 1597 822 586 79 1721 222 1255 1021 1022
154 675 233 912 12 18 2 8 6 16 1 2 1 59 141 675 816 123 816 59 59 141
822 1255 1022 586 1899 1836 1806 79 1900 1597 1844 1854 534 1815 1721 1435 1021 222
73 93 73 613 2 31 122 686 6 93 28 241 613 350 73 1110 93 686
1597 1953 1915 1956 1909 1255 1949 586 1943 1836 1806 79 1939 222 534 1815 1435 1021 1854 1951
61 3 6 1 1 61 6 685 31 24 128 685 39 685 685 502 977 61 260 4
1985 1990 1991 586 1836 1806 79 1854 534 1815 1435 1981 222 1983
1 4 1 1309 40 212 1309 258 1309 1243 459 41 1309 6
1990 1982 1998 586 1995 1836 1806 79 2001 1854 534 1815 2008 2009 1435 1981 222 2005
61 13 5 1301 7 54 47 1301 5 203 1301 1301 19 1 652 33 1301 8
2080 2050 2075 1982 586 2055 1836 2018 79 2066 2078 1854 534 1815 2008 2073 1435 2076 1981 222 2037
1 24 11 116 1389 29 169 7 1389 4 3 105 1389 1389 12 7 611 16 81 1389 49
2144 2018 2139 586 2135 1836 2114 2141 79 2100 1854 534 1815 2008 1435 1981 222 2142
1 58 22 1242 5 173 4 12 1242 38 98 1242 1242 7 758 80 1242 2
2145 2147 2180 2181 2153 586 1836 79 1854 534 1815 1435 1981 222
30 21 3 1 30 1227 199 1227 89 1227 1227 773 21 1227
2147 2185 586 1836 79 1854 534 1815 2202 1435 1981 222
126 3 1118 103 1118 66 1118 1118 2 882 126 1118
2241 2147 2252 586 1836 79 2256 2257 2259 534 1815 1435 2236 1981 222 2239
36 353 4 1068 219 1068 18 1 1 1068 1068 932 17 353 1068 17
2241 2147 2340 2337 2339 586 2327 1836 2317 79 2301 2333 534 1815 2330 1435 2236 1981 222 2239
22 403 1 1 4 1083 24 133 5 1083 22 3 1083 1083 19 917 17 403 1083 17
1815 2317 534 2327 1435 2347 1836 2363 2236 1981 2239 586 2382 79 2387 2391 2392 2394 2396 222 2147 2301
1297 22 1297 9 703 15 93 34 82 304 82 1297 57 1297 12 7 24 5 1 1297 304 197
2444 2446 534 1815 1435 2461 2468 2469 2470 2347 2363 2236 1981 2239 586 2382 79 2392 222 2147 2423 2425 2301 2431
30 19 1464 1464 536 11 3 2 1 32 29 303 324 303 1464 170 1464 7 1464 324 44 25 324 18
2506 2496 2147 2471 586 2423 2509 2382 79 2497 2301 2507 534 1815 2363 1435 2236 1981 222 2239
2 2 408 4 1388 28 1 408 1388 4 125 2 1388 1388 61 612 228 408 1388 228
2558 2301 2147 2564 2565 2568 586 2382 79 2557 2526 534 1815 2363 1435 2236 1981 222 2239
10 124 548 1 1 3 1271 548 1271 26 79 1271 1271 165 729 114 548 1271 114
2574 534 1815 1435 2600 2604 2605 2606 2607 2608 2609 222 2363 2236 1981 2239 586 2382 79 2526 2147 2301 2557
7 1359 1359 641 1 1 1 1 1 2 1 1359 207 60 532 60 1359 532 1359 32 532 542 28
2557 2147 2634 586 2635 2636 2637 2382 79 2638 2301 2526 534 1815 2363 2574 1435 2236 1981 222 2239
38 891 2 1058 1 3 1 891 1058 3 345 23 1058 1058 300 1 942 8 891 1058 8
2671 2147 2681 1981 586 2679 2382 79 2557 2686 534 1815 2363 1435 2301 222 2685
15 890 2 890 1101 16 890 1101 85 10 1101 1101 207 899 564 1101 1
2671 2301 2147 586 2679 2739 2382 79 2736 2706 2557 2740 2718 534 1815 2363 1435 1981 222
51 392 758 1242 83 1 758 1242 7 51 308 1 5 1242 1242 425 758 758 1242
534 1815 1435 2793 2738 222 2745 2363 2749 2750 586 2382 79 2780 2782 2784 2147 2790 2792 1981 2301 2679 2557
1070 1070 930 1 22 1070 15 498 68 48 1070 930 1070 6 25 5 930 1 3 930 227 15 498
2827 2830 2831 534 1815 1435 2738 2745 2363 2749 2750 586 2382 79 222 2147 1981 2557 2802 2679 2301 2815
1 3 1 1591 1591 409 76 99 842 39 32 1591 409 1591 1591 409 409 132 10 152 343 27
2839 2835 534 1815 1435 2738 2867 2868 2870 2745 2363 2749 2879 2882 586 2382 79 222 2147 1981 2679 2557 2301
155 63 1566 1566 434 119 19 13 47 347 861 89 5 3 1566 434 1566 1566 434 434 244 47 332
2839 2835 534 1815 1435 2738 2870 2745 2363 2749 586 2382 79 2908 222 2147 1981 2301 2932 2933 2679 2557
370 106 1625 1625 375 109 280 598 838 170 1625 375 1625 44 1625 375 375 352 14 6 57 280
2948 1815 2835 534 2839 1435 2973 2974 2976 2978 2986 2987 2990 2738 2996 2997 2870 2745 2363 2749 586 2382 79 2908 222 2147 1981 2557 2301
4 1818 6 1818 451 182 38 14 49 3 1 13 1 33 1 2 182 671 1295 141 1818 182 1818 70 1818 182 182 182 102
3072 1815 534 2839 1435 2976 3059 2870 2745 2363 2749 586 3021 2382 79 3029 222 2147 1981 2301 3063 3064 3066 3068 2557 3070
2 1901 1901 214 99 197 11 99 317 1114 371 1901 1 99 1901 13 1901 99 99 235 1 1 1 2 99 3
1815 3086 534 2839 3096 1435 2976 3111 3113 3114 3115 3118 3120 3122 3123 3125 2870 2745 2363 2749 586 2382 79 222 2147 1981 2301 2557
1886 6 1886 204 19 114 232 3 23 5 2 10 2 1 1 3 114 233 871 433 1886 114 1886 1886 114 114 231 114
2749 1815 534 2839 1435 2976 3113 2870 2745 2363 1981 3138 586 2382 79 3155 3158 3151 3164 3165 222 2147 2301 2557
346 1827 1827 78 173 422 52 173 138 921 173 36 1827 173 1827 39 2 19 1 11 1827 173 189 173
2976 3155 2147 2870 1981 586 2839 3212 2382 79 3223 2557 534 1815 2745 2363 1435 2749 222
131 49 204 204 204 1796 97 5 204 1796 2 204 1796 1796 97 393 204 930 1796
2749 534 1815 1435 2976 3247 3252 2870 3255 2363 3259 1981 3268 3271 586 2382 79 3155 222 2147 3261 2557
971 1806 1806 194 264 49 26 194 35 430 39 194 14 12 1806 194 1806 224 1806 194 33 194
3328 3325 534 1815 1435 2976 3247 2870 3255 2363 1981 3271 586 2382 79 3155 3285 3291 222 3298 2147 3310 2749 3323 3324 2557 3327
2 7 1802 1802 198 484 85 198 16 654 198 18 1802 198 1802 447 45 88 1802 39 198 4 889 28 5 198 1
3337 534 1815 1435 2976 3247 3376 3377 3381 2870 3255 3384 3385 3386 2363 1981 586 2382 79 3155 3285 3291 222 3298 2147 2749 3323 2557
29 1877 1877 123 428 152 3 14 14 123 10 1 1 2 729 123 1877 123 1877 428 71 231 1877 30 123 817 34 123
3406 534 1815 1435 2976 3247 3407 2870 2363 1981 3392 586 3404 2382 79 3408 3409 3155 3285 3291 222 2147 2749 3323 2557
3 1749 1749 251 356 262 2 251 745 251 39 1749 4 251 1749 2 1 356 67 248 1749 251 610 61 251
534 1815 1435 2976 3247 2870 2363 2749 3392 586 2382 79 3155 3285 3416 3291 222 3423 2147 3433 1981 3411 3447 3323 2557
1594 1594 406 241 183 406 895 419 64 1594 406 1594 241 28 119 624 1594 4 406 1 406 167 1 74 406
3463 3470 3476 534 1815 3481 1435 3486 2976 3247 2870 2363 1981 3392 586 2382 79 3155 3285 3416 3291 222 2147 3432 3433 3434 2749 3411 3323 2557
31 1 4 1823 1823 2 177 1 302 430 177 917 177 27 1823 177 1823 302 1 48 593 1823 177 98 27 49 473 248 27 177
3463 534 1815 1435 2976 3489 3493 3499 3247 2870 3514 2363 3516 2749 3518 3519 3392 3521 586 2382 79 3411 3416 3291 222 3515 3432 1981 2147 3155 3323 2557
21 1966 1966 34 382 48 9 21 486 34 12 1068 12 412 4 1 99 1 1966 34 1966 382 19 686 1966 84 191 34 34 382 99 34
3463 534 1815 1435 2976 3489 3247 2870 2363 2749 3392 3522 586 2382 79 3411 3291 3515 222 3551 3552 2147 3558 3432 1981 3560 3155 3323 2557
10 1924 1924 76 661 406 641 76 916 367 85 14 1924 76 1924 661 255 185 1924 13 3 76 6 247 76 2 661 85 76
3587 3591 3596 534 1815 1435 2976 3489 3247 2870 2363 1981 3392 586 2382 79 3155 3291 3515 222 3551 2147 3432 2749 3560 3411 3323 2557
24 12 7 1857 1857 143 724 387 623 143 960 143 46 1857 143 1857 724 236 122 1857 40 143 228 274 82 724 46 143
3591 534 1815 3610 1435 3612 2976 3489 3247 3633 2870 3642 2363 2749 3648 3650 3653 3617 586 2382 79 3411 3291 3515 222 3551 2147 3432 1981 3560 3155 2557
115 1955 1955 20 45 14 855 495 488 30 45 4 1220 247 5 1 1 26 1955 45 1955 855 365 60 1955 24 45 247 45 74 855 45
3712 3713 3714 3591 534 1815 3610 2976 3489 3658 3697 3247 3633 2363 2749 586 79 3411 3291 222 3551 3515 3560 3689 3692 3432 3155 3706 3708 3709 3710
6 2 1 198 2000 2000 57 626 332 12 19 442 27 1030 528 2000 2000 626 404 2000 66 189 51 24 13 528 626 1 2 1 3
3718 3591 3735 3727 3733 534 1815 3610 3739 3743 2976 3489 3750 3247 2363 2749 586 79 3155 3291 222 3551 3515 3432 3560 3411
78 472 13 25 11 2000 2000 14 25 2 470 276 1 497 1062 441 2000 2000 470 592 2000 78 103 441 36 470
3591 3727 534 1815 3739 2976 3489 3247 222 3769 2363 3786 3784 586 79 3411 3798 3800 3291 3806 3807 3808 3432 2749 3155
580 70 2000 2000 70 716 435 490 2000 16 1324 8 97 2000 2000 716 2 4 608 1 1 2 186 186 716
3843 3844 3845 3591 3850 3727 534 1815 3739 2976 3489 3847 3247 2363 2749 3784 586 79 3411 3291 222 3432 3155 3835 3838 3839
8 3 4 491 1 145 2000 2000 145 681 457 6 616 1242 142 65 2000 2000 681 561 2000 142 681 27 1 4
3845 3591 3727 534 1815 3864 3739 2976 3489 3874 3878 3884 3247 2363 2749 586 79 3155 3291 222 3432 3411
157 470 296 2000 2000 18 296 647 583 3 11 2 768 1124 108 2000 2000 647 477 2000 108 647
2976 3489 3291 3739 3845 3591 3432 2749 586 3411 3247 79 3155 534 1815 2363 3727 3933 222 3903
437 366 875 204 138 875 56 56 2000 437 632 2000 437 2000 2000 1312 204 27 2000 68
3969 3845 3974 3591 3727 534 1815 3739 2976 3489 3247 2363 3903 586 79 3411 3291 3933 222 3935 3949 3952 3155 3957 3965
3 2 4 609 274 2000 2000 274 526 474 865 1135 36 2000 2000 526 609 29 2000 35 59 134 526 36 1
534 3591 3991 3982 3727 3984 3986 3987 3988 3990 1815 3992 3739 2976 3489 3247 2363 586 79 3155 3291 3933 222 3949 3411 3957
2000 807 1 11 253 5 4 2 3 1 2000 2 253 601 491 592 1408 2000 2000 601 807 25 2000 341 601 6
3591 3727 534 1815 3739 2976 3489 4004 3247 2363 4042 4051 586 4044 4045 79 4048 4049 4050 3155 4054 4055 3291 3933 222 3949 3411
675 158 2000 2000 158 561 561 12 764 1236 10 10 2000 5 5 2000 2 1 2 561 1 1 675 4 2000 494 561
2976 3489 3291 3739 3247 3591 4105 586 3411 3949 4108 79 4112 3155 4110 534 1815 2363 3727 222
981 981 529 748 490 529 25 2000 981 397 1 2000 1 981 2 2000 2000 1510 748 2000
3591 3727 534 1815 3739 4124 2976 3489 4132 4135 3247 4144 4148 4152 4153 2363 4161 4162 4163 4165 586 79 3155 3291 222 3949 3411
372 913 2000 2000 913 68 1180 1180 6 1 448 17 4 1 2 1552 2 7 3 1 2000 2000 1180 372 2000 201 1180
4227 4228 4229 3591 4232 3727 534 1815 3739 2976 3489 3247 4211 4190 2363 4163 586 79 3155 3291 4188 222 4204 3949 4210 3411 4220
1 8 4 122 3 663 2000 2000 663 1089 1089 789 31 2 1211 73 2000 2000 1089 122 2 2000 8 94 43 1089 18
3591 4232 3727 534 1815 3739 2976 3489 3247 4211 4280 4281 2363 4285 4287 4288 4289 586 79 3411 3291 222 4204 3949 3155
186 42 675 2000 2000 675 1012 1012 802 97 26 15 1198 1 8 1 2 2000 2000 1012 186 2000 95 186 1012
3591 3727 534 1815 3739 2976 3489 3247 4318 4281 2363 4287 586 79 3155 4309 3291 222 4320 4323 4325 4328 4329 4204 3949 4335 4336 3411
156 478 2000 2000 478 1044 1044 800 9 81 1200 7 2000 2000 1044 54 156 2000 5 12 9 5 2 155 156 8 1 1044
3591 3727 4368 4399 534 1815 4376 3739 2976 3489 4395 4396 4397 3247 4281 2363 4287 586 79 3155 3291 222 4204 3949 3411
106 412 85 2 2000 2000 8 412 986 986 2 2 3 908 111 1092 243 2000 2000 986 106 2000 156 106 986
3591 3727 4368 534 1815 3739 2976 3489 4443 3247 4403 2363 4412 4287 79 586 4431 3411 4438 4439 3291 4445 222 4447 4448 4452 4453 3949 3155
8 322 243 2000 2000 322 1186 1186 7 806 24 1194 13 249 2000 2000 13 1186 1 3 8 1 2000 3 3 1 1 8 1186
534 4492 3727 4368 4502 1815 4506 3739 4508 4509 4511 2976 3489 4507 3247 2363 4412 4287 4512 586 79 3155 222 4496 4454 3411 4472
2000 24 680 106 10 2000 3 680 4 1 3 1084 1084 4 916 1084 51 218 2 2000 2000 1084 2000 16 46 1084 11
4492 3727 4368 534 1815 3739 2976 3489 3411 3247 2363 4412 4543 4548 586 79 4563 4566 4570 222 4579 4581 4584 4585 3155 4287
123 1023 56 2000 2000 1023 1140 1140 1140 860 1140 159 18 63 2000 2000 22 14 13 2000 9 1 5 2 1140 259
4492 3727 4368 4625 4629 534 1815 3739 4637 2976 3489 4642 4645 4647 4649 4650 4651 4652 3247 2363 4287 4640 4548 586 79 3411 4566 222 3155
57 908 52 9 7 2000 2000 908 4 1111 1111 5 6 1 2 1 1 3 889 1111 552 5 14 2000 2000 1111 13 2000 1111
4492 3727 534 1815 3739 4637 2976 3489 4642 4653 3247 4665 2363 4287 4674 586 4684 79 4688 3155 4687 222 3411
103 723 2000 2000 723 17 935 935 8 46 1065 65 935 477 16 2000 1 2000 3 935 1 2000 935
