35 37 12 43 44 45 46
28 9 24 2 2 2 2
97 98 35 73 43 12 77 44 99 62 95
4 1 144 28 13 49 37 225 3 7 1
128 35 133 105 138 44 12 131 126
4 279 3 3 6 151 3 6 1
161 163 167 139 44 35
14 1 4 5 112 199
224 161 35 197 225 44 207 210 215 219 223
5 149 198 4 3 263 7 4 2 24 12
161 258 35 44 247 281 283 285 286 287
87 27 84 322 7 4 3 3 2 5
320 161 258 35 289 44 302 316
1 32 17 90 22 438 34 16
320 289 35 44 333 308 344 345 346 347 317 318
9 113 12 570 7 7 8 7 6 1 48 7
320 289 354 355 388 389 390 392 396 394 395 44 366 373 345 317 383
55 90 81 55 27 10 14 6 2 2 1 697 10 10 86 141 26
289 354 390 417 393 44 418 407 409 396 411 412 317 345 415
78 23 9 5 61 827 1 57 11 2 1 4 315 21 7
448 289 459 393 427 44 466 467 438 345 412 317
35 111 18 193 43 692 12 1 26 41 73 591
289 502 503 393 427 44 476 496 492 438 505 504 345 506 507 412 317
99 2 2 136 14 563 4 14 7 30 2 3 332 2 1 14 472
289 551 393 427 44 476 558 573 496 438 567 345 412 572 317 542 556
129 40 56 3 954 8 3 2 13 129 23 88 3 5 664 24 5
289 578 617 393 619 44 610 622 625 609 597 438 567 345 317
54 50 46 36 33 1023 7 3 1 2 50 54 109 27 758
289 578 645 617 619 44 669 656 597 438 567 345 317 637
18 10 55 46 26 1230 6 18 10 18 47 56 588 29
676 645 710 617 619 44 685 718 690 691 708 345 317
10 190 25 147 82 1220 21 1 1 8 9 206 409
645 712 617 619 44 765 752 691 755 756 726 759 760 345 317
283 42 238 139 992 2 6 17 11 4 33 7 2 314 654
801 770 804 645 808 617 619 44 783 805 726 793 345 317 799
11 36 2 243 3 144 153 1383 37 1 61 6 116 479 6
836 645 839 840 809 619 44 783 726 345 317 831
21 322 2 2 41 256 1501 174 18 160 339 17
864 897 836 645 870 905 908 619 44 845 783 912 915 917 902 809 345 831 317 895
11 5 34 393 27 7 2 220 1381 18 43 1 3 6 5 51 219 7 400 36
864 961 962 836 645 870 967 809 619 44 944 948 934 952 345 954 964 317 966 895
37 1 2 72 364 30 1 72 364 1611 24 30 3 15 25 5 16 364 4 35
962 971 836 645 968 809 619 44 1000 317 895
34 81 84 425 118 84 435 1575 2 425 28
1059 836 645 1062 968 809 619 44 1053 1065 1020 317 1054 895
11 4 244 6 27 4 386 1756 20 4 22 244 1 26
1059 1061 1094 1095 1096 619 44 1078 1079 1020 317 645
35 130 5 2 1 375 1756 20 13 7 244 244
1099 645 1128 1132 619 44 1134 1117 1136 1078 1111 1115 317 1061
31 141 22 28 137 1859 8 27 1 22 121 31 141 357
1157 645 1159 619 44 1169 1171 1142 1111 1137 317 1061
19 32 48 47 1968 5 4 45 481 8 32 275
1061 1224 619 44 1201 1205 1111 1221
377 4 17 2000 23 2 148 4
1291 1061 1286 1289 619 44 1263 1232 1201 1283 1111
5 434 4 2 20 2000 20 6 113 1 195
1344 1345 1061 1350 1351 1292 1355 44 1329 1263 1201 1331 1111 1339
7 15 259 4 5 39 1 2000 3 105 248 37 174 6
1408 1061 1292 44 1390 1263 1201 1362 1396 1397 1398 1111 1400 1402 1405 1406 1407
2 106 40 2000 4 77 166 4 2 10 20 62 3 2 1 4 1
1472 1474 1475 1061 1425 44 1463 1292 1263 1201 1111 1466 1467
6 2 3 43 36 2000 5 431 61 247 14 12 2
1061 1425 1292 44 1263 1201 1490 1491 1493 1494 1496 1497
176 142 274 2000 88 305 39 1 4 16 1 2
1539 1061 1425 44 1546 1292 1550 1263 1552 1201 1554 1555 1556 1525 1494 1545 1526 1533 1557 1509
9 483 120 2000 5 63 3 85 1 300 3 2 1 27 195 4 22 25 3 9
1061 1606 1201 1292 1590 44 1263 1425 1525 1494 1594 1595
616 1 346 6 39 2000 209 62 19 260 1 14
1659 1061 1425 1644 1649 1639 44 1654 1646 1263 1201 1653 1494 1641 1655 1658 1595 1628 1642 1629
2 806 165 27 7 36 2000 3 11 136 109 6 31 17 1 3 16 58 13 13
1061 1702 1639 1705 1642 44 1263 1425 1201 1690 1595
984 8 56 3 5 2000 120 5 237 3 44
1760 1771 1061 1766 1639 1768 1769 1767 44 1263 1201 1753 1754 1765
10 2 1408 12 76 2 3 2 2000 35 140 15 12 1
1061 1639 44 1802 1772 1807 1808 1201 1810 1753 1809 1797
1186 2 2000 2 14 1 5 224 1 30 2 25
1857 1858 1859 1828 1061 44 1837 1201 1844 1846 1852 1797
2 1 1 28 1177 2000 11 190 4 34 5 2
1828 1061 1873 44 1868 1201 1878 1879 1880
8 1130 7 2000 99 166 26 2 2
1921 1922 1923 1924 1061 44 1868 1903 1904 1201 1906 1878 1910 1897 1914 1916 1919
9 1 1 1 765 2000 22 82 8 19 11 57 33 22 9 2 2
1921 1061 1963 44 1903 1942 1878 1910 1974 1975 1973
99 768 24 2000 195 51 9 37 11 4 3
1921 1061 1993 44 1903 1910 1942 2007 2008 2011 2013 2014
48 1215 50 2000 179 109 136 1 8 16 2 1
2048 2017 2018 2052 1061 2049 44 1903 2036 1910 1942 2040 2043 2053
10 23 60 2 1631 2 2000 99 96 17 223 15 2 1
2048 2017 2082 2115 1061 2112 44 2114 1903 2036 1942
103 162 52 1 1534 5 2000 1 152 77 237
2048 2017 1061 2123 44 1903 2128 2129 2130 2131 2036 1942 2132
193 63 1533 33 2000 103 112 10 2 1 39 92 1
2048 1061 2155 44 1903 2163 2164 2165 2167 2168 2169 2171 2142
230 1251 20 2000 82 2 5 4 2 5 2 2 60
2048 2208 1061 44 2193 2142 2175
267 1 1246 2000 16 25 17
2048 2241 2245 2244 1061 2215 44 2242 2222 2194 2235 2237 2238 2175
179 1 3 4 1224 27 2000 1 6 140 2 2 1 26
2048 2272 2306 2311 2276 1061 2215 2248 2282 2315 44 2312 2194 2308 2314 2279 2175
302 80 7 6 17 1660 15 88 68 5 2000 1 193 3 4 3 36
2272 2048 2276 1061 2374 2343 2248 44 2282 2375 2348 2376 2194 2378 2175
215 151 6 1513 10 22 57 2000 97 2 123 3 153 2 123
2272 2048 2434 1061 2438 2433 2437 2441 2282 44 2418 2383 2194 2348 2426 2410 2442 2175
356 51 18 1148 27 9 7 8 249 2000 7 37 40 65 3 26 1 65
2272 2048 1061 2438 2433 2348 2282 2475 44 2383 2464 2452 2473 2474 2175
476 159 1321 194 54 104 112 2 2000 49 13 1 14 1 104
2272 2048 1061 2438 2348 2282 44 2509 2484 2517 2518 2519 2520 2521 2490 2175
295 159 1441 179 71 264 2000 3 21 18 1 1 1 1 5 71
2272 2048 1061 2438 2348 2282 44 2484 2560 2559 2175
542 144 1240 18 105 218 2000 18 8 8 105
2272 2048 2563 2564 1061 2593 44 2282 2348 2578 2579 2559 2585 2587 2588 2589 2175
751 12 79 61 948 1 2000 301 55 5 23 5 4 5 2 1 55
2272 2592 2563 1061 2348 2282 44 2621 2579 2639 2589 2175
395 103 142 1259 76 346 2000 30 9 19 38 76
2272 2592 2563 1061 2664 2668 2282 44 2669 2671 2672 2674 2659 2676 2644 2666
879 197 98 803 14 1 318 2000 6 6 5 5 13 6 12 2
2563 2692 2697 2704 2705 2732 2712 2714 2718 2592 2724 1061 2731 44 2733 2734 2736 2725 2272 2282 2669 2676
110 70 20 11 13 1 26 26 47 135 2 1048 1 2000 2 3 1 1 867 85 142 1
2563 2692 2705 2712 2714 2718 2592 1061 44 2757 2763 2766 2775 2776 2777 2780 2272 2787 2792 2793 2282 2669
57 99 6 2 2 13 111 751 2000 10 22 25 2 43 4 20 1243 8 5 1 6 33
2272 2592 2563 2692 1061 2822 2817 2827 2828 2826 2763 44 2669 2831 2823 2776 2780 2832
1148 98 26 5 852 28 16 2 1 5 86 2000 2 1 2 169 113 5
2272 2592 2763 1061 2817 2856 2858 2827 44 2862 2865 2563 2776 2846 2848
1403 126 207 597 22 50 10 135 2000 9 1 119 157 1 17
2272 2848 2882 2763 1061 2888 2892 2890 2827 44 2893 2895 2872 2866 2563 2900 2901 2902 2592 2776 2879
1337 13 27 197 663 8 21 4 129 2000 5 11 18 15 110 5 1 1 276 142 8
2272 2592 2563 1061 2921 2763 44 2895 2866 2900 2901 2937 2938
1240 106 358 760 6 385 2000 78 40 66 30 6 1
2272 2977 2563 1061 2976 2921 2763 44 2895 2960 2962 2900 2901 2934 2975 2974 2955
1136 3 537 864 1 11 745 2000 405 28 33 95 6 5 2 18 22
2563 2955 2960 2962 1061 44 2990 2991 2997 2998 3003 3009 3010 3011 3012 3014 3015 2763 2895 2900 2901 2272
379 64 20 77 569 2000 8 59 24 2 11 1 1 5 1 1 3 846 196 33 133 1431
2563 2955 2960 2962 1061 44 2991 3040 2763 2895 2900 2901 3033 3037 2272 3049 3052 3058 3064 3065 3066 3067
636 23 71 75 713 2000 87 27 720 274 62 246 24 3 1287 45 3 11 18 4 1 1
2272 3105 2563 3108 1061 3110 3111 3112 3049 2763 44 2895 2960 2962 3107 2900 2901 3092 3098 2991
1267 6 565 7 733 2 5 11 59 496 2000 440 8 19 9 66 631 20 1 48
2272 2563 3108 1061 3049 2763 44 2895 3119 2901 3126 3128 3131 2991 3132 3109
1333 622 24 667 121 731 2000 630 15 560 5 21 2 41 3 6
2272 3192 2563 3108 1061 3175 3049 2763 44 3150 2895 3184 3119 3186 3171 2901 3190 3177 3128 3193 2991
1364 1 636 469 636 32 162 869 2000 5 723 4 31 2 29 382 2 8 43 1 43
2563 3204 3227 3233 3234 3108 1061 3239 3241 3243 44 3245 3246 2991 3128 2763 3150 2895 2901 2272 3171 3175 3049 3197
819 109 3 10 3 387 819 3 1 14 2000 2 1 29 29 862 48 820 319 1181 107 120 358 59
2563 3204 3108 1061 44 2991 3256 3296 2763 2895 3280 3128 3171 2901 3295 2272 3298 3299 3301 3175 3049 3197
660 79 134 660 2000 95 41 1 828 733 18 95 248 512 14 1340 2 1 1 63 148 108
2272 2563 3108 1061 3347 3049 2763 44 2895 3344 3171 2901 3350 3128 3204 2991 3356 3197 3358 3359
1620 380 394 380 3 22 1167 2000 1066 43 272 453 5 101 22 101 3 93 2 4
2563 3344 3363 3108 1061 3366 44 3373 2991 3128 3385 3394 3395 3396 3400 3401 2763 3404 2895 2901 2272 3171 3197
171 5 9 183 171 20 2000 6 41 41 37 16 3 5 4 9 1073 1 1032 756 1829 444 181
2272 3394 3171 3108 1061 3430 3432 3434 2763 44 2895 3344 2563 2901 3128 3419 2991 3197
1883 32 433 190 117 5 1 1 1257 2000 1168 20 117 626 89 7 89 47
2272 3488 3394 3171 1061 3464 2763 44 2895 2563 3476 2901 3128 2991 3467
1982 6 18 744 18 2 1193 2000 971 18 12 789 222 222 2
2563 1061 44 3501 2991 3504 3128 3518 3394 3524 3529 2763 3532 3534 2895 3536 2901 3543 3545 3535 2272 3171
16 16 2000 30 124 20 124 8 25 5 6 875 10 11 751 2 1109 4 5 14 1984 892
2272 3171 1061 3594 2763 44 2895 3603 3601 2563 3604 2901 3574 3128 2991
1941 1119 59 9 788 2000 580 5 7 59 2 1153 1 208 208
2272 3171 1061 3622 2763 44 3629 2895 3635 3634 2563 3636 2901 3128 3631 2991 3614
1890 1100 110 6 753 2000 3 619 1 1 110 2 1137 134 1 134 119
2272 3659 2563 1061 3663 3655 3660 2763 44 3629 3662 2895 3651 3171 2901 3128 3661 2991 3614
1789 8 211 211 1 2 1 963 2000 51 3 717 34 784 826 246 3 246 158
2272 3682 2563 1061 3686 2763 44 3629 3694 2991 3665 3651 3171 2901 3128 2895 3614 3679
1806 19 194 194 9 1228 2000 9 2 232 15 68 578 578 232 996 147 73
2272 3746 2563 1061 3752 3756 3754 2763 44 3758 2895 3665 3651 3171 2901 3128 2991 3614
1790 22 210 210 11 1 10 1148 2000 1 997 239 75 642 642 151 151 42
2563 2991 1061 3754 44 3759 3128 3651 3786 2763 2895 3793 3811 2901 3801 3804 2272 3809 3810 3171 3812 3814 3665
166 74 166 39 2000 16 74 285 6 1032 958 14 1 802 17 4 1834 10 17 802 1 2 171
2272 3810 3651 1061 3754 2763 44 2895 2563 3665 3171 2901 3863 3128 2991 3859
1862 35 203 138 92 1237 2000 1132 138 458 625 625 5 105 105 4
2272 3810 3171 1061 3911 3916 3754 2763 44 3906 2991 3665 3651 2563 2901 3915 3913 3128 3866 2895 3893
1805 64 604 195 31 2 24 1201 2000 7 96 667 75 195 604 3 5 96 62 1105 29
2272 3979 2563 3940 1061 3978 2763 44 3893 2895 3665 3651 3171 2901 3128 2991 3967
1796 2 204 51 204 15 1430 2000 18 1329 616 93 366 366 101 101 6
2272 3979 4002 3171 4004 1061 4003 3978 2763 44 2895 2563 3665 3651 2901 3991 3128 3993 2991 3997 3998
1882 71 1 397 3 118 1 50 1485 2000 1228 118 368 266 397 2 257 2 257 3 2
2272 3979 4066 3651 1061 3978 2763 44 4045 2895 2563 3665 3171 2901 3128 2991 4064
1966 65 2 353 34 45 1410 2000 5 1276 34 411 556 556 134 134 7
2272 3979 3171 1061 4103 4104 4108 3978 2763 44 2895 2563 3665 4114 3651 2901 3128 4089 2991 4095
1954 122 651 46 19 42 49 231 1303 2000 1031 46 219 6 517 651 272 33 272 13
2272 3979 3651 1061 4103 4108 3978 2763 44 2895 2563 3665 3171 2901 4140 4137 3128 4139 2991 4138
1898 120 460 102 19 86 368 1318 2000 899 102 498 580 580 4 27 419 14 419 3
2563 3978 3979 4108 1061 4139 44 2991 4147 3128 4157 3651 2763 2895 3665 4180 2901 4183 4184 4186 4188 2272 3171
155 399 41 46 155 123 2000 399 30 399 11 632 1172 773 382 16 673 16 1 1 1 1845 673
2563 4233 3978 4108 4238 4245 4251 4256 4257 1061 4139 44 2991 3128 4157 4192 3651 2763 2895 3665 2901 2272 3171
290 7 348 36 21 4 8 1 1 290 43 2000 348 348 36 17 128 1582 1234 828 128 1710 128
2563 4268 3978 4108 4238 1061 4139 44 2991 3128 4157 4287 3651 2763 2895 3665 4308 2901 4312 4313 4315 2272 4322 3171 4327 4328 4331
336 38 404 168 6 336 1 2000 404 404 168 55 1 1663 1259 906 5 1 23 4 4 1664 4 1 1 1 2
4352 2563 4356 4268 3978 4108 4365 4366 1061 44 2991 3128 4362 4364 2763 2895 3665 4312 2272 4324 4328 4329 4332 4157
40 241 23 50 401 268 3 1 241 2000 401 401 2 3 1759 1358 803 29 1759 33 24 2 166 268
2272 4352 2563 4324 1061 4424 4332 3978 2763 44 4108 2895 3665 4268 4328 3128 2991 4412 4157
1814 92 186 33 186 10 326 539 1814 2000 262 1275 682 109 37 539 539 7 262
2272 4352 2563 1061 4454 44 3978 2763 4332 4461 4108 2895 4464 3665 4268 4445 4439 3128 2991 4467 4157
1961 207 39 39 21 2000 475 1961 336 7 96 1486 4 893 45 4 126 475 475 2 96
2272 4352 2563 4484 1061 4454 4518 4108 3978 2763 44 2895 3665 4268 4332 4439 3128 4516 2991 4157
1919 88 81 136 81 41 1 213 420 1919 2000 1499 928 242 233 271 420 2 420 213
2272 4544 2563 4484 1061 4561 4520 4332 3978 2763 44 4108 2895 3665 4268 4439 3128 4547 2991 4157 4352
1880 48 120 247 120 2 68 285 673 1880 2000 106 1207 308 71 461 673 24 673 106 5
2563 4484 4268 3978 4108 1061 4520 44 2991 3128 4157 4547 2763 4557 2895 4560 3665 4439 4569 4570 2272 4578 4580 4582 4583 4584 4585 4332
103 249 173 673 69 103 9 2000 673 673 69 62 1897 36 1224 7 468 453 4 8 1897 10 2 6 3 1 2 133
