3 48 35 45 49
2 1 26 3 1
35 74 77 79 83 85 53
14 47 11 3 2 1 59
98 132 133 134 135 138 107 140 130 53 91 124
20 5 1 5 1 3 34 1 10 20 12 55
98 132 178 146 179 181 183
12 85 55 12 3 1 3
224 227 132 229 210 228 218
15 5 11 5 12 1 29
224 261 262 231 271 272 273 218
51 6 25 60 3 3 3 21
224 323 293 231 332 333 337 339 313 314 261
115 19 19 85 10 1 4 2 6 38 61
261 231 362 359 332 369 370 314
126 25 7 19 68 19 3 101
261 422 231 332 431 369 436 437 439 441 421
140 8 8 117 10 141 17 6 1 3 9
480 481 487 261 455 491 332 493 495 466 470 473 442
22 21 13 197 34 6 87 3 6 23 58 34 29
513 261 455 332 466 499 502 535 536 537 442 508 538
4 21 77 97 30 52 105 6 9 3 24 3 2
577 579 580 261 582 554 332 562 499 565 502 536 538 581
6 2 2 31 2 16 167 18 58 19 97 19 18 1
649 554 332 653 658 656 657 562 499 565 502 536 650
1 78 109 2 1 2 2 27 159 108 108 52 1
710 332 664 722 499 659 565 502 536 724 703
14 156 18 2 18 42 168 168 129 2 22
741 742 332 659 565 502 536 730
3 7 22 65 64 64 188 21
790 776 791 749 782 785 659 755 565 502 759 536
13 3 1 27 2 2 69 13 54 54 60 269
866 835 502 809 855 659 565 790 759 536 825 829 863
1 11 66 5 9 78 66 79 50 131 25 29 9
867 873 877 893 882 659 565 502 759 536 825 890 892 829
17 1 3 1 3 35 230 230 190 562 243 1 3 17
930 932 937 909 659 565 502 759 536 825 890 923 892 922 927
3 6 3 19 138 317 317 134 512 228 49 4 9 6 1
992 995 997 983 975 659 980 565 502 759 536 825 954 991
5 12 2 11 25 36 49 181 181 299 670 299 7 8
1024 1025 996 1006 975 1017 1012 565 502 759 536 825 1019 1022 991
1 4 64 5 76 1 15 87 87 764 551 252 9 3 10
1056 1058 1059 1032 975 1042 759 536 825 1053 1054
3 3 1 55 238 6 852 604 49 35 5
1088 1032 1117 975 1096 1106 759 536 1115 1053 1118
31 35 3 120 3 17 1327 396 3 9 2
1153 1154 1123 1156 1032 975 1160 759 536 1148 1151
9 4 15 4 12 50 1 1118 418 4 15
1184 1158 1191 1160 1193 1192 1172 759 536
41 2 1 66 3 11 54 1268 227
1184 1251 1160 1258 1259 1229 1264 1265 1172 1238 759 536 1241
22 37 4 20 7 8 1 6 203 48 1346 37 20
1184 1312 1229 1297 1266 1172 1238 759 536 1241 1307 1310 1311
28 1 122 11 36 327 9 1469 13 11 5 3 2
1184 1346 1399 1382 1351 1384 1355 1229 1391 1392 1394 1395 1172 1398 759 1400 1401
108 57 5 30 5 23 102 47 30 1 6 6 173 2 1086 3 2
1184 1346 1399 1413 1355 1229 1421 1424 1172 1429 1430 759 1428 1435 1436 1437 1438
72 72 13 9 302 61 44 60 113 13 5 848 33 2 8 1 3
1421 759 1424 1172 1430 1438 1184 1450 1468 1473 1346 1481 1355 1484 1487 1490 1491 1495 1497 1498 1399 1428
127 677 23 191 65 74 260 5 31 27 260 17 400 7 13 9 1 1 2 1 74 125
1184 1537 1346 1399 1541 1473 1546 1355 1421 1551 1538 1172 759 1528 1428 1531 1438
444 11 444 72 5 51 6 213 162 1 7 329 605 3 216 4 72
1184 1473 1346 1579 1605 1574 1399 1421 1583 1600 1172 1590 759 1588 1428 1355 1596 1438 1602
419 97 419 46 2 19 38 172 6 1 232 16 488 1 129 57 9 38 1
1184 1473 1346 1355 1636 1579 1609 1633 1399 1612 1421 1619 1428 1634 759 1172 1438
356 145 356 74 2 40 46 3 81 19 38 9 168 3 646 244 81
1184 1473 1346 1355 1675 1670 1667 1671 1673 1609 1674 1399 1677 1678 1619 1172 759 1428 1438 1663
197 184 197 39 2 14 9 2 1 12 1 76 3 1 196 136 804 243 76 21
1184 1473 1346 1399 1702 1707 1711 1714 1619 1428 1715 759 1172 1438
94 694 94 135 45 32 32 17 198 295 3 960 56 135
1184 1473 1346 1399 1732 1702 1771 1768 1753 1707 1773 1711 1745 1619 1715 1172 759 1428 1770 1438
471 547 471 89 67 27 1 3 10 126 1 126 43 326 73 260 1133 64 1 89
1184 1473 1346 1795 1732 1798 1707 1806 1711 1808 1809 1810 1619 1172 759 1428 1807 1789
330 619 330 25 177 18 9 10 9 2 2 1 296 410 1325 5 2 128
1184 1473 1346 1795 1732 1798 1857 1856 1836 1837 1619 1172 1845 759 1811 1789 1855
129 530 129 42 125 212 4 2 1 47 713 228 66 1471 9 103 17
1184 1473 1346 1795 1732 1893 1798 1889 1864 1879 1868 1837 1873 1619 1172 1845 759 1892 1891 1789
189 656 189 42 37 6 46 2 30 13 14 147 39 737 262 37 1655 1 2 160
1184 1473 1346 1795 1921 1920 1837 1917 1905 1619 1172 759 1916 1789
252 699 252 17 2 2 180 1 60 479 443 1621 5 275
1184 1473 1346 1952 1956 1953 1960 1837 1933 1905 1619 1172 1942 759 1935 1789 1954
77 697 77 4 1 6 1 36 5 36 489 482 2 1668 5 401 6
1184 1473 1346 1952 1993 1994 1619 1172 759 1972 1789 1982 1983
35 849 35 131 37 2 612 285 1746 56 249 35 30
1952 1473 1346 2017 1993 1184 1997 2002 1619 1172 759 2040 1983 1789 2003 2035
163 728 26 40 116 26 4 21 726 28 1482 3 37 28 58 1
1952 1473 2053 2017 1993 2091 2095 2096 2002 1619 2057 2101 759 1172 2107 1789 2003
123 757 39 60 181 6 3 11 33 868 11 33 1632 7 1 7 112
2144 1473 1952 2053 2096 2017 1993 2154 2156 2127 2128 2160 2162 1619 2101 759 2003 2111
14 558 158 5 40 23 114 16 17 59 85 4 5 1173 39 1731 85 42
1952 1473 2178 2183 1993 2192 2189 2127 2128 1619 2101 759 2003 2191 2174 2111
48 438 8 8 132 1 11 29 91 1424 5 1862 46 2 90 31
1473 2212 1993 2189 2221 2224 1619 759 2003 2217 2174 2111
251 9 418 14 1 2 1332 1583 100 10 396 3
1473 2251 2265 1993 2263 2189 2256 2257 1619 2268 759 2003 2260 2266 2267 2236 2174
206 2 1 474 9 215 6 13 1209 1 1415 210 4 3 4 10 464
1473 2309 2310 2305 1993 2314 2315 2189 2257 1619 759 2003 2267 2301 2174
83 2 17 53 202 8 4 303 48 1394 1477 64 81 47 475
2336 1473 2363 2305 2344 1993 2189 2350 1619 2334 2358 759 2362 2267 2301 2174 2357
8 126 1 79 8 164 370 22 1448 37 13 1574 1 76 168 426 1
2305 2379 2372 2410 2391 2189 1619 2420 2334 759 2425 2362 2267 2301 2174 2421
155 8 13 2 36 513 1523 1 103 1523 3 19 128 13 477 1
2305 2466 2468 2437 2472 2189 2481 2482 1619 2174 759 2267 2460 2334
88 13 5 30 24 464 13 4 1372 628 1372 92 8 48
2305 2498 2500 2504 2507 2508 2189 2509 1619 759 2267 2174 2495
174 9 5 7 6 1 686 1 1541 1541 7 459 16
2305 2498 2267 2529 2507 2508 2189 2531 2530 1619 2526 2518 759 2522 2523 2524 2174 2495
156 26 18 7 48 33 636 2 3 1599 8 43 1599 5 11 6 401 24
2305 2498 2189 2575 2579 1619 2581 759 2524 2174
55 5 322 7 11 1825 2 1825 156 175
2592 2305 2594 2596 2189 2609 1619 2579 2614 759 2524 2174
35 11 9 36 76 2 1852 166 6 1852 542 148
2592 2596 2632 2633 2636 2189 1619 2579 2622 759 2524 2174
31 14 2 2 3 156 1848 73 22 1848 379 152
2592 2672 2659 2681 2663 2189 2579 1619 759 2680 2656 2683 2524 2174
186 45 113 4 7 449 116 1877 1877 1 62 1 278 123
2579 2592 2659 2691 2695 2697 2698 2189 2703 2672 2701 2706 1619 2707 759 2656 2704 2683 2524 2174
24 59 50 41 25 5 1 683 9 24 6 2 1899 1 1899 18 2 147 90 101
2592 2656 2659 2747 2748 2524 2752 2189 2732 2703 2738 1619 2691 759 2745 2751 2683 2716 2749 2174 2719
2 6 2 1 3 2 1 605 2 47 17 1974 6 1974 4 1 153 47 1 26 26
2784 2785 2779 2780 2189 2703 1619 2772 2782 759 2683 2716 2174 2719
1 2 9 4 606 130 1823 19 3 1823 87 130 177 27
2831 2822 2826 2827 2189 2703 2833 2834 1619 2837 759 2835 2683 2716 2174 2719
1 13 44 22 230 60 2 2 1883 1 1883 2 209 60 117 28
2888 2889 2890 2189 2894 2896 2897 1619 759 2899 2683 2174
16 7 4 186 9 20 2 1971 1971 2 30 29
2914 2907 2921 2931 2924 2189 2925 2896 2929 1619 2933 759 2683 2909
18 10 13 2 5 203 1 62 5 2000 4 2000 69 2
2954 2989 2958 2959 2189 2993 2994 1619 759 3000 2970 2683 2972 2995
58 7 9 47 26 9 16 2000 2000 1 16 267 5 11
3035 3004 3022 3017 1619 759 3032 2683 3036 3037 3027
2 62 36 15 2000 2000 14 583 1 1 2
3044 3048 3053 3058 1619 3061 3062 759 3032 2683 3059
244 1 37 11 2000 4 3 2000 44 919 5
3074 3107 3044 3111 3080 3113 3083 3087 3115 1619 3112 759 2683 3071
92 1 272 1 4 4 30 12 1 2000 2 2000 658 22
3074 3044 3083 3117 3151 3154 1619 3158 759 3140 2683 3071
25 205 280 65 14 6 2000 13 2000 11 541 14
3074 3044 3177 3083 3117 3217 3218 1619 3220 759 2683
33 261 123 354 72 2 9 2000 3 2000 470
3291 3044 3272 3177 3083 3117 3282 1619 3253 3286 759 3288 3290 2683 3292 3293 3287 3295
2 51 6 305 545 326 4 2000 22 5 2000 13 3 211 3 2 1 1
3330 3044 3333 3334 3272 3177 3083 3117 1619 3316 759 3321 2683
4 55 3 1 15 439 271 240 2000 12 2000 13 39
3396 3397 3398 3399 3177 3083 3117 3377 1619 759 3389 3359
6 2 8 3 297 251 589 4 2000 2000 3 8
3435 3177 3083 3117 3438 3410 1619 3444 759
10 51 116 725 11 86 2000 1 2000
3083 3493 3494 3177 3499 3500 3117 3501 3410 1619 759 3455
65 7 15 15 16 2 979 1 193 2000 2000 13
3563 3557 3559 3561 3562 3083 3117 3410 1619 759 3546 3547 3549
2 2 10 4 2 185 1074 124 2000 2000 3 10 11
3547 3588 3083 3117 3410 1619 3605 759 3609 3611 3612
20 72 204 1255 88 2000 17 2000 7 4 9
3650 3619 3588 3670 3623 3671 3083 3117 3661 3410 1619 3638 759 3673 3547 3678
4 45 21 5 5 15 256 814 39 113 2000 22 2000 1 42 1
3725 3619 3718 3083 3724 3117 3726 759 1619 3638 3671 3547
12 13 14 164 11 1256 1 2000 2000 99 71 96
3619 3755 3754 3083 3756 3117 759 1619 3638 3671 3547
66 14 28 286 9 896 2000 2000 52 184 76
3619 3812 3798 3787 3671 3083 3117 1619 3811 3638 759 3802 3547 3813
86 10 9 20 88 376 938 2000 2 22 2000 4 49 1
3840 3842 3619 3844 3845 3846 3083 3117 759 1619 3671 3843 3834 3823 3839
1 1 86 5 1 2 257 688 2000 2000 222 5 1 11 19
3872 3619 3876 3083 3117 759 1619 3671 3859 3875 3823
25 196 1 454 410 2000 2000 231 38 1 19
3906 3619 3909 3912 3083 3117 759 3927 1619 3671 3928 3823
118 238 38 3 492 755 2000 1 2000 245 1 50
3906 3619 3083 759 3117 3823 1619 3671 3938 3966 3967
114 114 500 2000 1044 209 2000 186 27 1 7
4001 3906 3619 3083 759 3117 3823 4016 4017 1619 4023 4022 3671 4019 4021
12 101 101 410 2000 905 214 9 6 2000 1 1 149 6 8
4065 3906 3619 4068 4071 3083 4075 3117 759 1619 3671 4058 3823 4062
4 13 13 1 2 101 1 1153 2000 2000 405 8 626 5
4128 4131 3906 3083 4133 4106 759 3117 4078 3823 3619 1619 3671 4119 4090 4126 4127
14 2 96 458 1 24 2000 1158 36 699 96 2000 341 9 81 8 29
4160 4176 3906 3619 4157 4169 3083 759 3117 4078 3823 4172 4177 1619 3671 4090 4143 4163 4127
114 3 128 128 41 28 450 2000 1044 55 425 18 2 2000 490 128 75 23 40
4160 4192 3906 3619 4196 4194 4143 3083 4172 3117 759 1619 4195 4169 3671 4090 3823 4157 4127
57 6 18 18 1 1 35 276 32 882 2000 2000 2 5 842 18 150 5 2
4160 4225 3906 3619 4228 4201 4202 3083 3117 759 4240 4241 4143 1619 3671 4090 3823 4207
215 6 7 7 12 138 57 463 927 2000 2 2 120 2000 610 7 249 2
4160 4225 4262 4143 4202 3083 3117 759 4240 1619 4246 3671 4201 4207 4253 3823
152 88 27 355 85 803 776 2000 96 2000 4 421 11 40 93 152
4160 4289 4290 4292 4307 4225 4265 3671 3083 3117 4303 3823 4240 4301 1619 4202 759 4143 4207 4253
253 30 35 13 2 75 153 387 588 1025 5 253 1 1 2000 147 2000 408 38 191
4225 4353 3083 3823 4253 4265 3117 4143 4160 4289 4292 4343 1619 3671 4316 4318 4202 4335 4336 759 4345 4347 4349 4351
203 1 711 72 393 245 758 456 72 52 33 3 2000 531 27 2 52 13 5 2000 3 3 1 1
4160 4225 4292 4385 4265 3083 3117 759 4384 4143 1619 3671 4377 3823 4253 4343
114 47 80 2 346 435 718 2000 1 274 2000 847 8 114 673 43
4160 4407 4265 3671 3083 3117 4143 4402 1619 759 3823 4253 4343
8 6 522 890 394 716 197 1 2000 2000 8 799 88
3083 4463 4253 4265 3671 3117 4143 4160 4417 4427 4424 4426 4343 4431 1619 4439 4447 4454 4459 4460 4461 3823 759
73 1 653 404 920 1007 2 13 92 42 21 20 227 6 2000 44 4 2 3 3 5 13 2000
4417 4439 3083 4265 4426 3671 4499 3117 4482 759 4496 4498 1619 4468 4502 4343 4504 4427 4253
168 129 3 383 24 955 7 1042 25 2000 6 5 2000 82 2 292 1 5 624
4417 4531 4265 4439 3117 4526 759 4528 1619 4533 3671 4253 4343
156 4 476 272 814 5 2000 3 2000 2 1186 762 274
