32 1 8 25 27 28 29 30 31
1 118 118 11 18 2 6 1 3
64 1 8 42 40 51 52 57 62 63
2 103 187 6 26 31 20 3 1 2
96 1 99 70 8 92 93
3 155 3 11 31 11 4
160 1 163 70 161 168 106 142 145 151 156 170
10 98 4 63 7 2 8 15 11 5 14 2
1 195 197 70 193 142 177 178 181 183 156 189
415 7 2 31 6 78 5 15 33 3 37 10
1 226 229 70 225 234 241 240 142 208 209 242 243 181 222
351 36 22 95 9 18 4 1 37 5 87 6 1 21 2
1 229 70 263 300 301 302 303 209 142
586 155 112 9 3 2 1 2 151 222
1 354 356 229 70 263 361 330 142 367 209 362 366 358 349
435 18 2 184 378 132 9 34 252 1 51 1 4 11 19
384 1 354 420 229 70 263 421 330 423 386 142 418 209 407 409 415
52 505 23 1 175 226 121 1 42 2 84 236 5 152 19 1 2
384 1 386 451 484 229 70 263 424 453 487 354 142 429 209 468 482 407 476 490 421
138 474 102 14 3 236 212 150 51 14 4 39 374 39 34 61 6 235 4 1 51
384 1 354 386 229 70 263 524 429 142 527 528 209 530 529 407 525 453
96 485 24 2 177 268 116 3 43 243 12 2 100 1 2 69 3 3
384 1 550 70 263 561 429 142 559 560 209 562 558 407 539 540 542 229
306 509 11 390 146 1 100 338 5 5 203 1 3 35 17 18 8 69
384 1 597 70 550 263 429 142 560 209 595 565 598 599 600 602 539 229
177 514 1 184 84 63 144 355 10 34 5 30 1 3 2 1 125 255
384 1 642 619 229 70 646 618 651 429 142 653 595 550 539
78 576 8 24 170 78 7 33 4 175 252 8 239 5 300
384 1 675 229 70 680 618 684 429 142 685 689 690 595 692 686 539
228 435 110 50 228 9 67 2 172 187 13 2 3 242 1 15 242
1 675 229 429 142 685 749 753 595 728 539
369 82 24 167 163 122 1 15 197 17 197
1 802 675 813 776 811 685 142 815 816 817 595 788 728 539
252 2 64 7 41 1 86 245 5 5 1 256 7 64 256
1 675 776 859 142 847 728 595 878 856 539
422 79 37 9 422 24 79 278 1 37 278
1 675 776 142 728 595 856 539 893 894 895
358 24 180 358 24 158 180 158 26 31 1
1 675 903 776 935 940 142 856 946 595 728 539 915 893 894 895
312 123 32 261 8 16 312 261 1 86 123 86 17 16 113 6
960 1 675 996 998 903 776 940 142 957 1008 728 595 915 980 894 856 539 989 979
13 333 157 10 12 36 205 13 333 4 3 157 13 97 26 72 205 13 4 39
1 776 1033 1036 142 728 915 1048 1049 675 1066 1068 1069 1071 1072 1075 1076 1079 1081 1082 1059 856 1041 979 1016
326 104 20 69 326 212 104 66 23 212 6 8 12 3 2 1 1 1 1 2 5 104 4 31 31
1 675 1131 1041 776 1095 1132 1133 142 728 915 856 1128 1127 1118
475 219 5 89 293 64 5 1 475 219 293 293 24 22 78
1 776 142 1041 915 1179 1183 1186 675 1188 1190 1193 1195 1196 1197 1095 728 1118 1127 1128 1131 856 1138
263 497 263 20 497 3 7 3 605 3 1 2 3 1 2 101 605 225 10 11 81 497 11
1 1218 675 1041 1219 1095 776 1217 1131 142 1199 856 915 1204 1220 728 1209 1127 1118
378 18 821 28 1 141 404 6 23 378 84 404 404 40 2 821 18 80 26
1235 1 675 1236 1219 1095 1224 1233 1131 1229 142 1199 856 776 915 1204 1227 728 1209 1223
1 85 1265 1 7 43 35 13 2 20 85 4 66 66 66 27 14 1265 138 5
1 1282 675 1284 1095 1224 1290 1291 1292 142 1272 1267 1204 1269 728 1209
150 8 1444 5 469 142 2 1 2 150 5 65 49 6 1444 40
1312 1 675 1316 1095 1224 1315 1319 1325 142 1327 1329 1320 1267 1204 1326 1302 1209 728 1284
45 219 1443 18 327 68 27 11 12 219 4 1 5 99 307 2 56 67 1443 193
1312 1 675 1284 1095 1315 1319 1329 142 1336 1267 1204 1365 1302 1335 728 1209 1372 1374 1375
91 123 1596 121 259 56 7 34 123 92 54 356 24 56 32 1596 73 3 4 2
1312 1409 1410 675 1284 1413 1414 1095 1336 1408 1315 1204 1365 1302 728 1412 1403 1407
18 2 6 1693 21 2 1 210 215 4 60 825 16 272 1693 8 43 7
1412 1302 1431 1284 1438 1312 675 1445 1451 1452 1454 1456 1459 1204 1462 1463 1336 1473 1474 1475 1095 1464 728 1403
161 460 54 4 33 4 1525 3 55 4 16 12 14 1042 62 15 359 3 1 3 130 3 1525 55
1506 675 1412 1462 1095 1517 1518 1519 1336 1204 1302 1431 728
9 1541 278 9 9 9 1 1 395 1315 439 74 1541
1568 675 1412 1559 1336 1204 1302 1431 728 1565
3 1650 635 9 864 1515 350 124 1650 6
1632 1633 1634 675 1412 1606 1608 1623 1580 1336 1204 1302 1431 728 1604 1626 1627 1630
5 1 1 1744 421 37 1 22 146 781 1665 256 79 1744 37 8 9 11
675 1412 1638 1670 1681 1623 1643 1580 1678 1679 1680 1336 1204 1302 1431 728 1658 1647 1674
1765 374 27 24 4 6 13 190 1 3 2 934 1483 235 282 1765 2 14 5
1727 675 1412 1638 1734 1736 1737 1706 1580 1670 1336 1683 1204 1302 1431 728 1723 1738 1733
3 1900 498 11 8 2 2 63 142 11 1150 122 1596 100 304 1900 9 1 14
675 1412 1733 1670 1777 1770 1785 1776 1336 1683 1204 1302 1431 728 1780
1809 417 42 22 28 3 3 8 944 105 1508 191 301 1809 2
675 1412 1733 1806 1336 1683 1204 1813 1302 1431 728 1818 1820 1822 1823
1923 474 77 3 918 17 1587 2 77 336 1923 2 1 1 2
1858 675 1412 1733 1878 1869 1880 1336 1204 1302 1431 728 1881 1882 1884 1885 1887
18 1886 928 114 12 43 4 1281 1537 114 349 1886 3 2 1 5 1
1888 675 1412 1912 1926 1927 1928 1869 1336 1204 1431 728
2 2000 694 6 23 4 2 8 1471 1745 255 2000
675 1412 1977 1958 1975 1336 1938 1976 1204 1431 728 1972 1978 1949 1950
2000 833 1 6 2 1597 15 1 1885 115 2000 3 3 8 7
2017 675 1412 1975 2028 2029 1336 2035 1204 2039 1431 728 2040 2020
5 2000 331 45 2 3 1596 4 1872 6 128 2000 3 5
675 1412 1975 2063 2064 1336 1204 1431 728 2041 2020 2068
2000 428 1 11 5 1631 1789 211 2000 38 19 9
675 1412 2097 2121 2122 2063 1336 2115 1204 2104 1431 728 2041 2106
2000 476 48 2 2 31 1449 7 1565 11 435 2000 20 7
2041 2171 675 1412 2097 2151 1431 1336 2115 2132 2137 2104 728 1204 2167 2173 2143
57 1 2000 242 6 1 474 896 150 38 1 53 2000 1526 1 3 3
2233 2177 2180 2115 1412 2225 1336 2226 675 1204 2104 1431 728 2196 2207
1 67 6 211 324 21 1047 7 2000 1471 30 529 2000 3 9
2115 1412 2225 1336 675 1204 1431 728 2276 2266
572 731 122 1279 2000 1733 267 2000 18 5
2115 1412 2225 2313 2287 1336 675 1204 2332 1431 728 2300 2333
479 782 19 35 11 1215 2000 1890 7 110 2000 20 4
2115 1412 2225 2376 2313 2379 1336 675 1204 1431 728 2347 2300
194 694 58 7 26 1 1277 2000 1824 176 2000 46 43
2115 1412 2406 2225 2313 2347 2386 2404 1336 2407 675 1204 2403 1431 728 2388 2379 2300
455 967 1 33 66 119 1 4 1392 1 2000 1726 2 274 2000 28 28 298
2428 2473 2115 1412 2439 2472 2313 2347 2476 1336 675 1204 1431 728 2388 2300 2475 2465
183 8 329 938 18 3 134 17 3 1396 2000 1811 189 2000 68 117 7 3
2428 2115 1412 2503 2313 2506 2519 2476 2477 1336 675 1204 2517 1431 728 2388 2490 2300 2516
24 397 856 25 146 10 1 117 15 1393 2000 1707 1 293 2000 91 15 114 3
675 1412 2313 2506 2476 2477 1336 2115 1204 1431 728 2388 2300 2556 2558
2000 986 55 30 213 3 1390 518 1858 142 2000 244 292 14 1
2592 2584 675 1412 2566 2598 2593 2556 2476 2596 1336 2115 1204 1431 728 2388 2587 2300 2597
10 4 2000 1279 2 1 2 44 475 1 1511 861 1937 63 2000 126 21 386 2
2115 1412 2649 2632 2556 2603 2476 1336 2643 675 1204 2646 1431 728 2388 2651 2300 2648
537 1347 1 11 6 84 273 1895 1 2000 1916 4 84 2000 160 2 264 4
2658 2115 1412 2675 2665 2603 2476 2670 1336 675 1204 1431 728 2388 2651 2300 2654
25 796 1506 1 9 105 356 13 1907 2000 1907 93 2000 333 11 440 25
2720 2721 2722 2115 1412 2603 2476 2658 2670 1336 675 1204 2678 1431 728 2388 2300 2718 2687
6 2 4 414 1313 86 85 2 27 1977 2000 1977 193 23 2000 449 329 8 84
2115 1412 2758 2737 2772 2603 2476 2670 2771 2768 1336 2770 675 1204 2773 2678 728 2388 2746 2300
817 1428 2 68 2 117 381 104 1 7 2000 2 2000 2000 1 68 2000 253 12 436
2115 1412 2795 2476 2670 2809 1336 675 1204 2678 2807 728 2388 2810 2300
831 1401 10 443 82 2 2000 2000 2000 92 31 2000 301 2 388
1412 2832 2883 675 2476 2863 1204 2870 1336 2868 2874 2876 2877 2881 2115 2884 2388 728 2795 2670 2678 2811 2300
1543 60 5 2000 675 44 2000 7 2000 11 5 24 7 1 965 1 453 2000 20 11 144 9 290
2932 2115 1412 2951 2952 2953 2795 2476 2863 2832 1336 675 1204 2940 728 2388 2923 2811 2300 2947
16 860 1083 3 15 7 87 506 138 31 2000 2000 2000 5 2000 223 3 133 354 4
1412 2952 2953 2954 2962 3011 2863 675 2987 2476 2991 1204 3000 2115 3013 3015 3020 3022 3023 3024 1336 2388 728 2811 2300
1119 121 1 15 33 2 114 2000 44 463 3 2000 8 750 12 5 1 10 2 1 2000 369 2000 78 287
3072 2115 1412 2952 3049 3068 2987 2476 3058 2863 1336 3064 675 1204 3048 728 2388 3066 2300 3069 3070
1 951 1094 37 39 7 99 466 11 163 2000 16 2000 2000 19 2000 143 4 485 1 1
3123 3106 675 1412 3121 3048 3068 2987 2476 2863 3120 1336 3058 2115 1204 728 2388 3066 2300 3102
2 12 2000 1283 9 8 71 48 502 351 25 2000 68 1134 2000 2000 149 75 632 6
3152 3155 2115 1412 3153 3068 2476 2863 3120 1336 3058 3123 1204 675 728 2388 3066 2300 3135
10 2 746 834 1 22 474 145 11 2000 223 55 2000 2000 2000 88 76 272 5
3171 3123 2115 675 1412 3120 3176 2388 2476 3218 2863 3216 1336 3058 3187 1204 3189 3222 728 3220 2300
26 147 629 2000 685 8 81 56 618 1 11 3 2000 349 124 2000 26 1 2000 3 11
3200 3204 3206 3207 3208 3209 1412 675 2476 2863 3120 3123 1204 1336 2115 2388 728 3176 3058 3187 3189 3192 3193 2300 3198
6 9 2 3 6 3 652 2000 613 34 151 78 2000 2000 647 5 2000 155 94 88 6 4 24 34 4
3200 1412 675 2476 2863 3120 3123 1204 3256 3259 3262 2115 3273 3279 3280 1336 3283 3284 3285 728 3176 3058 3187 2300
201 867 2000 857 10 24 1 2000 14 5 62 867 9 12 2 2000 2 2 2 2000 161 30 404 10
3187 2115 1412 3333 3302 3340 3339 2476 3120 1336 3314 675 1204 3291 728 3284 3256 3262
394 776 776 3 22 2 8 776 6 2000 26 2000 2000 61 2000 119 51 178
3187 3361 3362 2115 1412 3302 3363 2476 1336 3314 675 1204 728 3284 3352 3291 3262
199 6 1 870 870 79 1 870 2000 12 2000 2000 2000 58 18 47 296
3416 3425 2115 675 1412 3422 2476 1336 3187 1204 3390 3291 3417 728 3412 3352 3419 3262
11 4 1320 2000 1320 8 1320 2000 292 2000 59 1 13 2000 16 95 9 145
3187 2115 1412 3468 3467 2476 3471 1336 675 1204 3262 728 3417 3352 3390 3455
352 1200 1200 4 9 1200 1 2000 2000 2000 172 2000 41 121 131 17
1412 3500 3467 3468 3470 3352 3486 675 3497 3498 3499 2476 3501 3502 3503 1204 1336 3262 2115 728 3417 3187 3390
1316 2 28 35 3 47 9 2000 6 44 16 1316 1 2 2 2000 2000 140 1316 2000 30 336 161
3540 2115 675 1412 3498 3467 2476 3539 1336 3538 3187 1204 3486 3542 728 3417 3530 3390
9 1117 2000 1117 47 15 1117 8 2000 2 621 2000 8 2 2000 92 3 262
3187 3540 2115 1412 3608 3591 3596 3467 2476 1336 3602 675 1204 3545 728 3417 3610 3390
574 35 1071 1071 4 5 15 74 1071 2000 3 2000 2000 1 2000 133 2 355
3187 3540 2115 1412 3622 3633 3624 3596 2476 3636 1336 675 1204 3637 3635 728 3417 3390 3628
217 53 1368 1368 4 2 2 27 1368 3 2000 2000 2000 1 3 2000 59 415 5
2115 675 1412 2476 3540 3668 728 3187 1204 3678 3670 1336 3417 3674 3390
1705 2000 1705 1705 110 5 2000 142 2000 2 7 2000 110 5 153
3187 3540 2115 1412 3731 3715 3736 2476 1336 3730 675 1204 3733 3735 728 3417 3709 3390
58 58 1783 1783 3 15 4 1783 2000 31 2000 2000 13 9 2000 58 5 159
3187 3540 3778 2115 1412 3777 3761 2476 3776 1336 675 1204 3767 728 3417 3770 3771 3772 3390 3775
40 40 1 1793 1793 1 4 1793 1 2000 2000 2000 39 2000 40 10 12 4 167 6
3187 3540 2115 1412 3815 3835 3767 2476 3789 3831 1336 675 1204 3829 3799 728 3417 3833 3390
3 3 1976 1976 13 1 157 1976 66 16 2000 2000 2000 7 17 2000 3 2 21
3842 2115 1412 3847 3849 3767 2476 3854 3815 1336 675 1204 3799 728 3835 3390
66 1989 1989 50 2 64 1989 3 55 2000 2000 2000 140 2000 19 11
3891 3842 2115 1412 3815 3884 3767 2476 1336 675 1204 3799 728 3892 3390
1 133 1980 1980 20 5 91 1980 2000 2000 2000 254 2000 5 20
3875 3842 2115 1412 3846 3879 3880 3884 3767 2476 3887 1336 675 1204 3799 728 3892 3868 3390
3 204 1973 1973 22 16 1 7 93 1973 1 2000 2000 2000 372 2000 7 9 27
3842 1412 675 2476 1204 3767 1336 3390 3905 2115 3917 3918 3921 3925 3799 728 3929 3930 3944 3945 3950 3951 3952 3953 3955
270 1883 2000 1883 2000 143 2000 117 20 1883 11 111 19 10 346 2000 30 10 14 12 1 2 1 1 1
3842 1412 3978 3989 3997 3999 4001 675 4004 2476 1204 3767 1336 3390 2115 3917 4003 3799 728 3929 3944 3945
392 1849 2 8 12 12 5 2000 5 1849 2000 118 2000 151 1849 26 2 148 2000 55 20 29
3842 2115 1412 4037 4038 4049 4044 4043 2476 3917 3799 4047 4048 1336 4050 675 1204 3767 728 4028 3390
313 1919 1919 14 6 2 5 11 1919 41 64 5 2 2000 2 2000 2000 197 2000 11 81
4065 3842 2115 1412 4069 4070 4113 4104 4107 2476 1336 675 1204 4117 4086 3767 728 4118 4093 3390
19 543 1983 1983 27 19 5 4 9 1983 2000 2000 2000 1 7 288 2000 3 41 17
3842 2115 1412 4133 4135 4137 4138 2476 1336 675 1204 3767 728 4093
296 2000 2000 24 11 1 3 2000 2000 2000 2000 180 2000 52
4160 4193 3842 2115 1412 4195 4192 4170 2476 4194 1336 675 1204 4181 4169 3767 728 4196 4155 4191
31 4 118 2000 2000 3 3 9 2000 2 2000 2000 2000 10 11 385 2000 1 5 9
4192 4224 2115 1412 4229 4230 4233 4235 2476 1336 675 1204 3767 728 4227
61 31 2000 2000 18 7 2 5 2000 2000 2000 2000 387 2000 16
4192 4258 2115 1412 4229 4233 2476 4239 4240 1336 675 1204 3767 728 4254
6 6 2000 2000 12 54 2000 26 4 2000 2000 2000 552 2000 5
4288 2115 1412 4229 4291 4273 4233 4279 2476 1336 675 1204 3767 728 4292
9 2000 2000 135 1 88 36 27 2000 2000 2000 2000 557 2000 1
2115 1412 4229 4273 4296 3767 2476 4336 1336 675 1204 4279 728 4346 4347 4343
2000 2000 11 117 9 314 2000 17 2000 2000 2000 161 2000 8 2 1
4416 4417 2115 1412 4273 4360 3767 2476 4415 4336 1336 675 1204 4296 4279 728 4410 4411 4412 4376 4408
1 2 2000 2000 143 18 291 2000 3 136 2000 2000 2000 24 251 2000 15 5 9 73 11
4482 2115 1412 4485 4486 4273 4279 2476 4430 4336 1336 675 1204 3767 728 4473 4410 4445 4376
15 2000 2000 2 1 220 248 2000 27 100 2000 2000 2000 466 2000 17 126 26 27
4504 2115 1412 4517 4273 4524 4490 4279 2476 4482 4336 1336 675 1204 3767 728 4484 4410
11 2000 2000 12 13 2 44 187 2000 2 97 2000 2000 2000 267 2000 32 160
2115 1412 4583 4273 3767 2476 4559 4560 1336 4530 675 1204 4279 728 4410
2000 2000 2 18 31 2000 58 29 2000 16 2000 2000 604 2000 22
1412 675 2476 4530 1204 4279 1336 4410 2115 3767 4559 4560 4567 728 4571 4572 4584 4588 4589 4592 4594 4595
2000 2000 2000 7 2000 878 2000 21 2000 137 117 2 5 2000 6 7 2 3 8 2 2 2
2115 1412 4614 4625 3767 2476 4621 4559 1336 4626 675 1204 4279 728
2000 2000 8 16 333 2000 13 82 2000 2 2000 2000 1034 2000
