64 65 66 68 69 48 53 62
12 3 2 3 4 27 13 27
129 133 135 136 137 48 124
8 1 5 4 1 12 2
168 139 165 166 135
3 81 7 17 26
203 202 139 207 209 211 214 215 216 190
4 27 49 4 9 10 3 3 2 24
253 257 139 232 202 235 237 239 211 246 248 250 251 221 254 223
3 4 4 1 18 24 41 3 18 1 26 1 11 60 2 37
293 263 235 237 317 308 276 221 318 319
39 52 96 12 13 7 15 240 1 1
235 365 317 369 370 371 372 342 346 221
104 9 34 9 26 3 14 72 19 115
411 394 398 317 402 399 406 408 410 379 412 221
3 5 1 117 4 12 5 5 3 61 1 86
448 481 482 475 452 399 436 317 472 473 410 379 221 478 479
12 6 6 8 4 17 1 111 3 1 11 109 39 16 3
512 545 547 489 317 491 399 529 530 478 410 379 541 221 542 543
59 1 2 63 21 6 26 10 1 22 43 21 4 165 4 3
512 576 578 582 593 489 529 594 599 600 410 379 317 606
34 29 43 5 6 50 7 26 8 11 163 5 5 1
512 672 578 675 678 679 489 683 685 681 649 666 669
87 4 58 10 3 5 60 1 3 3 45 11 10
512 578 489 727 685 724 649 730 732 733 734
1 64 174 6 7 1 118 4 8 5 2
768 769 578 489 753 755 649
6 2 46 76 43 33 151
800 801 802 803 805 806 807 649 787 788 489 795 797 798
16 1 10 5 2 1 1 97 4 18 94 23 3 3
802 827 489 787 821 649 795 829 830 831
89 8 88 13 15 191 70 1 11 2
802 871 649 874 875 876 873 856 861 863
48 2 326 1 2 5 1 27 5 13
649 802 902 913
302 13 102 4
902 649 906 940 941 944 922
16 243 30 28 7 1 23
961 996 997 649 1009 1010 1011 1012 985 954
39 3 18 405 9 4 2 1 3 29
656 649 650
1 596 15
673 712 649 718 720 723 724 727 664 701
24 4 558 1 3 1 1 1 73 8
763 712 649 664 715 760 723 756 757 713 745 731 764
2 62 717 17 62 4 1 4 3 18 45 9 1
768 802 803 712 649 715 795 787 745 763 797
127 4 3 36 672 36 2 24 18 60 4
768 835 649 842 845 846 848 787
164 34 832 1 11 3 1 10
768 868 869 649 859 863
315 3 1 755 9 1
768 769 771 649 780 787 789 791 792 793 794 796
255 14 44 627 31 2 1 6 2 15 1 7
768 833 771 836 838 649 816 823 825
486 9 8 3 2 783 15 53 50
768 816 872 649 876 845 880 881 882 883 823 825
412 74 8 916 7 30 4 1 1 2 40 64
768 932 933 935 872 649 845 816 936 823 825
249 7 1 1 96 1066 78 123 4 129 112
768 976 964 872 649 845 941 816 953 985 823 984 825 986 932
95 9 10 222 1330 438 20 192 5 2 303 1 222 1 12
768 966 967 872 649 845 816 823 825
54 16 2 287 1332 256 42 645 287
768 994 996 998 999 872 649 845 1000 823 825
47 1 2 2 1 191 1191 374 1 507 191
768 1030 872 649 1039 1035 845 1037 1048 1011 1054 823 1047 825 1051 1053 1022
155 25 449 1266 2 24 529 36 1 13 1 259 2 449 1 2 4
768 872 649 1111 845 1037 1105 1113 823 825 1114 1115
93 459 1252 41 536 10 50 4 74 459 1 1
768 1171 1157 872 649 1162 1175 1132 845 1167 1136 1137 1138 1139 1173 1174 823 825 1165 1151
29 1 20 1223 1610 1 3 26 174 12 2 9 15 13 5 2 25 1223 2 9
1216 872 649 1226 1227 845 1167 1224 1202 823 825 1210 1212 1213
1 1717 1962 12 5 11 192 18 25 154 1717 37 18 4
1248 1284 872 649 1167 1267 823 1272 825 1273
20 5 1859 2000 143 37 141 20 1859 20
872 649 1167 1296 1298 1333 823 1336 825 1337
1882 2000 119 61 25 3 118 2 1882 2
1377 1379 1380 1350 872 649 1386 1387 1167 1296 1384 1298 823 825 1342 1385
30 11 5 18 1950 2000 2 1 3 6 2 168 50 1950 69 3
1379 1444 1445 1414 1446 872 649 1406 1388 1390 1380 1296 1298 1397 825 1434 1403 1437 1438 1429
192 5 4 33 1 2000 2000 32 175 208 4 34 406 21 2000 18 8 2 5 19
1488 1379 1380 1478 872 649 1388 1390 1296 1496 1298 1397 1494 1486 825 1466 1470 1429
16 211 7 36 2000 2000 176 128 3 2 274 89 5 9 2000 39 40 2
1379 1397 1511 872 649 1388 1390 1520 1298 1524 1470 1513 825 1466 1502 1518
49 23 39 2000 2000 49 92 5 49 2 47 7 2000 14 102 11
1571 1573 1574 1575 872 649 1578 1511 1580 1518 1524 825 1466 1502
8 2 3 10 2000 2000 4 11 3 7 21 2000 43 11
1600 1633 1602 1603 1607 872 649 1614 1618 1624 825 1628 1629 1630 1631
8 1 14 55 31 2000 2000 17 1 3 2000 2 8 3 1
1666 1603 872 649 1673 1676 1679 1682 1687 825
35 46 2000 2000 16 14 9 24 5 2000
1729 1730 1603 872 649 1676 1688 825
18 1 59 2000 2000 72 77 2000
1603 872 649 825 1688 1689
231 2000 2000 2000 132 2
1603 872 649 1711 1716 1717 1718 1688 825 1690
401 2000 2000 2 1 1 1 76 2000 4
1603 1764 1766 872 649 1749 1750 1688 825 1727
544 10 3 2000 2000 149 12 174 2000 8
1603 1764 1767 872 649 1768 1749 1688 825 1756
816 1 3 2000 2000 7 323 240 2000 1
1603 1796 1799 872 649 1810 1812 1749 1815 1688 825
945 9 4 2000 2000 3 1 667 1 130 2000
1824 1603 1860 1873 872 649 1866 1868 1869 1870 1871 1872 1864 1749 1688 825
9 710 7 1 2000 2000 20 1 7 1 4 2 7 394 290 2000
1603 1894 872 649 1901 1902 1871 1912 1907 1749 1911 1688 825 1909
555 4 2000 2000 5 5 103 2 2 471 1 191 2000 5
1603 1959 872 649 1962 1964 1932 1966 1871 1938 1749 1961 1688 825 1914 1967 1917 1941
568 26 2000 2000 2 1 10 3 16 5 283 3 17 2000 43 1 30 17
1603 1989 872 649 1995 1996 1997 2000 1992 1987 1749 825 1914 1917 1941
481 25 2000 2000 3 4 1 2 4 64 156 2000 31 182 174
2048 1987 872 649 2060 2061 2029 2065 2009 1603 2068 1941 2025 825 2042 2035 1917 1749
2 205 2000 2000 1 6 5 4 86 140 1 259 24 2000 21 51 199 72
649 1603 1987 1941 2081 2086 2095 2098 2105 2108 2112 2113 2114 2115 2116 2117 2119 1749 825 2009 872 2025 1917
2000 180 185 189 86 16 16 32 9 10 2 2 3 6 1 2 1 11 2000 168 2000 168 102
2144 2081 1987 2086 872 649 2154 2155 2157 2158 2095 2160 2152 2009 2147 2025 825 1603 1917 2143
32 244 260 91 2000 2000 1 3 3 1 99 1 104 260 86 260 2000 116 221 28
2144 2081 2178 1987 2180 2086 2209 872 649 2199 2194 2205 2152 2009 2187 2025 2168 825 2208 1917 2207
23 292 5 219 14 123 2 2000 2000 30 26 1 93 219 15 219 35 2000 1 105 1
2233 2081 1987 2086 2209 872 2025 2250 2194 2254 2256 2152 2009 2259 2260 2261 2230 649 2168 825 2249
63 225 566 81 52 2000 566 13 97 8 1 59 566 1 1 1 24 2000 60 2000 27
2081 2306 1987 2086 872 649 2290 2152 2009 2025 2262 825 2168 2233 2265 2299 2270 2303
209 2 188 222 2000 2000 9 44 188 188 67 2000 46 80 21 3 35 13
2312 649 2371 2334 2081 2086 2358 825 2368 1987 2373 2375 2377 2378 2379 2380 2009 2270 872 2025 2152 2303
77 2000 12 1 211 184 8 2000 14 74 10 2 5 4 2 2 74 30 2000 74 96 89
2081 2440 2371 2373 2086 872 649 2437 2380 2445 2446 2429 2152 2358 825 2444 2447 2438 2397 2312 2303
242 1 213 44 182 2000 2000 18 12 4 4 11 160 2 2000 3 1 1 12 148 79
2081 2371 2437 2086 2481 872 649 2380 2479 2480 2152 2483 2454 825 2397 2312 2303
129 421 299 135 1 2000 2000 58 16 4 115 3 20 2000 58 38 149
2081 2371 2504 2437 2086 2535 872 649 2380 2536 2479 2534 2152 2526 825 2524 2397 2312 2303
108 128 80 639 236 1 2000 2000 31 2 45 5 108 4 2000 5 31 19 205
2081 2371 2504 2437 2086 2561 872 649 2479 2152 2593 825 2303
171 24 171 524 603 16 2000 2000 74 171 2 2000 125
2081 2371 2504 2437 2086 2609 872 649 2605 2607 2152 2611 2612 2613 2601 825 2479 2303
214 23 214 821 289 13 2000 2000 14 13 214 1 4 4 22 2000 3 3
2081 2504 2437 2086 2657 872 649 2667 2668 2605 2152 825 2653
234 234 975 244 7 2000 2000 1 2 48 234 2000 42
2081 2691 2437 2086 2152 649 2605 2717 2504 2718 872 2711 825 2682 2715 2716 2653 2686
131 13 1184 111 131 2000 135 2 131 1 2000 5 2000 11 1 4 63 18
2081 2756 2437 2086 872 649 2762 2764 2605 2736 2504 2771 2772 825 2152 2682 2716 2760
197 3 1192 29 2000 2000 14 7 181 2 197 1 3 2000 197 4 10 10
2081 2504 2437 872 649 2605 2152 2792 825
105 105 1535 2000 2000 76 105 2 2000
2081 2437 2152 649 2605 2504 872 2841 2808 825 2844 2845 2846 2847
408 1241 408 2000 1 408 2000 2 79 2000 1 2 1 2
2880 2881 2882 2504 2437 2081 872 649 2863 2152 2808 825 2884
10 12 4 178 1386 178 2000 2000 16 178 69 2000 3
2881 2914 2915 2504 2437 2081 872 649 2863 2152 2900 2921 2904 825 2907 2910
40 9 4 70 1671 70 2000 2000 9 70 31 1 34 2000 13 12
2976 2881 2504 2437 2982 2081 872 649 2980 2983 2152 2900 2937 825 2970 2971 2981
2 83 34 1524 1 34 2000 2000 2 1 34 66 4 2000 2 6 3
2081 2504 2437 3023 2881 872 649 3031 3021 2937 2152 3017 3027 2900 2997 2999 2985 825 2971 3004 3029
59 59 1490 5 63 2000 2000 1 26 24 59 24 5 23 7 2 23 2000 27 61 3
2881 2971 2504 2437 2081 872 649 3050 3068 2152 3060 3061 3065 825 3066 3035 3004 3069 3070
168 186 73 1682 73 2000 2000 7 4 73 64 25 5 2000 14 172 168 5 2
2881 3106 3107 2504 2437 3110 2081 872 649 3083 3116 3117 3119 3120 2152 3122 825 3035 3004 3101
186 6 5 40 1756 1 40 2000 2000 47 1 8 4 1 40 1 2000 215 186 1
2081 3179 3185 2437 2881 2152 649 3083 3180 3183 3184 2504 3186 3187 3188 872 3128 825 3035 3004
213 1 2 1631 115 213 2000 25 4 2 1 213 4 1 1 2000 30 2000 215 115
2081 3234 2504 2437 2881 872 649 3245 3248 2152 3250 825 3035 3004
601 21 601 1171 43 2000 2000 2 2 601 1 2000 214 43
2081 3234 2504 2437 3303 872 649 3307 3276 3277 3278 3309 2152 3310 825 3035 3311 3294
380 84 380 1517 7 2000 2000 3 16 7 10 7 380 3 2000 334 2 38
2081 3234 3323 2437 2152 649 3318 2504 872 3319 825 3322 3035 3324 3294 3301
553 14 1 1439 553 2000 10 553 2000 2 2000 3 492 1 57 9
2081 3395 3396 2437 2152 649 3404 2504 872 825 3386 3035 3294
362 8 23 1638 362 2000 1 362 2000 2000 8 422 42
3457 3459 3460 2437 3462 3463 649 2081 825 3386 3396 2504 3035 3294 3431 872 3437 3441 2152 3450 3454 3455
2 3 3 1908 2 1 2000 92 2000 24 210 92 440 33 2 2000 17 31 92 6 3 8
2437 649 3475 3480 2081 3497 3499 3501 3507 3509 825 3386 3517 3519 3520 3396 2504 3035 3294 872 3441 2152
1880 2000 31 21 120 7 5 4 7 11 2000 44 2 1 1 172 120 578 74 2000 74 120
3552 2081 3554 2504 2437 3441 872 649 3396 2152 3475 3545 825 3035 3294
3 199 1 199 1801 272 2000 2000 206 199 3 40 2000 456 272
3585 2437 649 2081 3441 825 3396 2504 3546 3035 3549 3294 3554 3556 2152 3562 3563 872 3570 3577 3581 3583
1 1955 2000 45 498 2000 181 45 20 658 4 498 48 9 45 1 10 2000 4 6 2 6
3396 2437 872 649 3563 3441 3602 3609 3607 3608 825 3546 3035 3294
216 2000 2000 2000 6 427 48 1 23 3 2000 60 928 427
3616 3396 2437 872 649 3661 3441 3667 3668 825 3035 3645 3294 3615
42 589 2000 2000 2000 9 393 2 1 2000 736 76 393 96
3707 3396 2437 3705 872 649 3695 3441 3703 3704 825 3706 3035 3645 3294 3615
1 556 2000 2 2000 2000 17 495 3 2 2000 6 607 63 495 63
3396 2437 3751 872 649 3755 3756 3759 3728 3441 3737 825 3035 3645 3294 3615
680 2000 2 2000 2000 4 3 1 23 313 12 2000 709 56 313 56
3396 2437 3793 872 649 3789 3790 3791 3792 3441 3794 3795 825 3035 3772 3645 3294 3615
436 2000 3 2000 2000 4 1 4 1 394 1 3 2000 572 35 148 394 148
3396 2437 872 649 3818 3822 3441 3836 3828 3838 3833 825 3035 3772 3645 3294 3615
369 2000 2000 2000 44 42 399 39 8 1 23 2000 639 50 191 399 191
2437 649 3864 3615 3880 3884 3887 3889 3891 3896 825 3899 3900 3901 3396 3035 3294 872 3818 3645 3441 3833 3836
2000 2000 28 117 31 58 4 18 14 1 2000 3 1 1 697 431 486 2000 52 117 486 19 282
2437 649 3864 3615 3884 3887 3944 825 3645 3904 3396 3917 3926 3930 3035 3294 3943 872 3946 3441 3836 3818
2000 2000 34 80 26 9 7 2000 80 27 395 35 1 22 478 399 34 2000 2 399 175 190
3396 2437 3965 872 649 3818 3961 3441 3954 3964 3944 3960 825 3962 3035 3836 3645 3294 3615
363 2000 1 2000 2000 199 3 310 58 1 36 14 2000 1 459 292 45 310 45
2437 3976 649 3992 3993 3996 3615 4000 4001 4004 3944 825 3645 3396 3035 3294 872 3818 3441 3954 3961 3836
2000 9 2000 10 14 13 30 6 5 4 30 2000 30 229 628 314 2000 300 314 129 79 129
2437 649 3996 3615 4014 4016 3944 4023 825 4027 3645 4035 3396 4040 4041 3035 3294 872 3818 3441 3954 3961 3836
2000 2000 151 33 24 31 33 26 2000 9 33 2 423 2 1 729 245 2000 314 245 86 165 258
