38 42 47 49 52 56 57
19 12 14 5 9 6 2
64 130 118 86 124 133
46 2 27 81 4 1
86 171 173 142 177 147 118 183 184 186 187 188 157 159
153 20 17 7 10 5 168 6 10 4 1 1 32 42
192 227 118 230 171 86 217 157 229
9 7 159 2 104 89 3 15 1
290 235 292 293 294 263 266 171 273 291 276 118 283
1 4 3 2 2 60 12 178 7 6 10 277 18
193 203 198 201 202 171 204 179 118
3 4 4 6 2 154 2 51 178
228 118 171 240 241 210 246 248
4 122 122 1 7 63 1 3
259 263 296 297 171 300 274 302 301 210 291 277 118
66 8 9 2 41 2 18 4 1 41 21 3 41
354 259 357 361 171 302 210 323 308 118 348
14 43 6 4 40 45 40 24 91 40 15
354 323 171 365 302 210 259 118 410 348 413 414
16 100 206 141 25 206 23 206 1 23 11 2
323 453 171 428 365 461 464 466 210 467 118 348 413
46 17 422 5 355 2 3 3 422 3 422 84 12
323 171 365 526 525 210 499 118 527 348 511
15 456 397 1 6 456 13 456 1 25 13
547 548 171 365 558 559 210 533 118 557
35 48 536 509 1 1 536 100 536 4
577 548 171 365 210 595 594 533 118 596
48 88 462 462 462 9 21 65 462 3
653 641 548 646 647 649 171 652 365 622 621 210 654 118
1 9 26 4 1 4 509 4 509 13 13 509 2 509
171 652 365 210 691 118 696 697 698 667
477 54 477 477 2 477 6 1 1 37
704 707 715 713 714 171 716 365 718 717 210 691 118
5 59 5 9 1 351 3 351 1 1 351 19 351
737 707 741 774 775 776 746 171 365 210 723 118 760 762 766
119 53 6 1 9 5 19 605 605 605 40 605 12 3 1
737 707 854 840 841 171 844 365 846 783 849 210 723 852 118
92 135 5 12 7 687 12 687 7 9 4 687 158 7 687
737 866 707 870 171 365 877 880 849 210 723 885 118 888 889 890 891 892
33 9 49 50 550 550 24 29 33 550 139 2 550 23 3 2 2 3
866 707 870 877 904 937 938 171 365 943 849 210 723 949 118 919 954 955
41 39 133 7 28 19 5 657 657 12 43 657 43 2 657 63 1 2
960 866 995 996 1014 870 972 171 1004 365 210 1011 118 1018 1019
39 45 11 81 4 141 7 516 17 516 516 5 516 2 1
1026 996 118 870 1065 171 365 1038 1071 1072 210 1011 1078 1081 1052
59 25 865 107 15 865 865 2 8 7 865 7 5 1 48
1121 1026 1124 118 870 171 365 1134 210 1139 1110 1145 1146 1147 1052 1126
35 217 1 540 16 540 540 27 540 4 58 7 1 5 149 13
1184 1189 1026 1126 1190 1191 1052 171 365 210 1182 118 1193 1180 1178 1151 1110 1150 1183
6 1 132 53 1 1 175 558 558 558 4 558 1 9 14 26 211 23 2
1026 1110 1218 171 365 1198 1229 1232 210 1236 1237 118 1151 1052 1214 1206
318 109 6 769 769 12 12 4 769 5 1 769 7 15 5 10
1238 1249 1026 1251 1110 1254 1270 1218 1266 171 1260 365 1262 1229 210 1268 1269 118 1242 1263
3 3 524 11 156 29 2 32 9 469 6 469 1 102 469 3 3 469 3 14
1026 1323 1110 1321 171 1292 1229 1326 365 1328 1329 210 1331 1332 1333 118 1305 1304 1330 1306
730 16 184 35 469 11 124 11 469 4 4 469 5 4 1 469 14 1 4 13
1026 1366 1292 171 1347 1348 1229 1358 210 1365 1110 1367 1368 1369 1372 1373 1377 1378 1380 1381 1382 1383 365 118
805 3 57 693 35 29 363 28 693 5 153 15 1 5 7 27 6 3 5 3 1 2 693 693
1026 1411 1412 1110 171 1292 1229 1410 365 210 118 1402 1391 1373 1413
1291 2 1 16 563 3 326 1 563 563 563 11 16 17 1
1026 1110 171 365 1229 210 1459 1461 118 1467 1469 1470 1471
1533 6 339 339 164 339 19 20 339 1 2 1 2
1026 1515 1521 1514 171 1229 365 1522 210 1523 118 1519
1365 22 3 4 610 221 610 6 610 2 610 4
1026 1540 171 365 1581 1584 1585 210 118 1529 1229
1692 23 308 308 7 2 2 308 308 35 56
1026 1636 1637 1638 171 365 210 118
1719 44 1 2 281 281 281 281
1026 1636 1671 171 365 1679 1682 1681 210 1683 1684 118
1376 1 4 624 624 29 15 23 624 5 5 624
1729 1026 1704 1705 171 365 1710 1713 210 1684 118 1688 1721 1730 1723 1692 1725 1726
2 1182 3 10 818 818 15 5 818 47 818 25 8 1 10 7 6 2
1792 1793 1026 1794 1684 1688 1705 171 1729 118 1744 210 1762 1766 365 1781 1782 1783 1786 1787 1788 1789 1790 1791
1 2 1323 1 74 12 12 677 75 677 36 677 17 13 677 24 3 52 11 23 2 4 2 3
1729 1026 1849 1793 171 1836 365 1838 1744 1809 210 1847 1781 118 1783 1848 1762 1786
100 1384 2 23 616 5 616 3 56 23 616 1 192 616 43 2 13 51
1729 1026 1867 1860 1866 171 1868 365 1744 1809 210 1781 118 1762 1850 1858
42 1229 3 24 11 771 3 771 102 102 771 430 771 5 2 12
1921 1026 1923 1860 1729 171 365 1744 1873 210 1781 118 1924 1809 1877
26 1467 2 20 115 533 533 36 18 533 546 533 3 36 61
1952 1729 1026 1955 1951 1942 171 365 1744 1809 210 1877 118 1954 1948 1949 1781
1 240 1233 1 1 4 767 767 251 251 767 145 767 1 5 3 286
1729 1026 1989 1993 171 365 1998 1744 1809 210 1877 118 1977 1948 1781
146 1472 2 6 528 528 1 185 185 528 158 528 11 55 416
2016 1729 1026 171 365 1744 1809 210 2003 1877 118 2039 2041 1948 1781
15 236 1160 840 840 135 135 840 40 14 840 10 3 16 542
1729 1026 2033 2044 171 365 2031 1744 1809 210 2003 1781 118 2023 2050 2043 1948 2046
277 841 19 59 1159 1159 13 87 87 1159 1 411 1159 5 9 8 89 22
1729 1026 2097 1948 171 2092 365 1744 1809 210 1781 118 2103 2044 2046
576 902 5 18 1098 3 1098 52 52 1098 523 1098 2 160 99
1729 1026 2116 2149 2150 2145 2148 2151 171 365 1744 1809 210 1781 118 2137 2139 2044 2046
576 1010 18 1 2 7 4 4 990 990 200 200 990 681 990 29 8 195 70
1729 1026 2204 2192 171 365 2158 1744 1809 210 1781 118 2199 2202 2203 2044 2186 2046 2165
389 988 1 10 1012 1012 37 139 139 1012 367 1012 15 4 1 484 1 40 96
2272 1729 1026 2251 2244 2276 2273 2236 2268 171 365 2255 2274 210 2260 1781 118 2263 2265 2044 2253
1 460 883 5 28 1 1 5 5 1117 1117 13 3 1117 29 405 1117 6 1 657 24
1729 1026 2326 2306 171 365 2319 210 2322 2260 1781 118 2327 2044
397 967 4 34 1033 1033 8 1033 2 213 623 1033 2 636
1729 1026 2373 171 2365 365 2319 210 2355 2260 1781 118 2356 2351 2044 2333
350 839 4 1161 3 1161 13 1161 14 437 770 1161 14 8 811 270
1729 1026 2411 2409 2410 171 2380 365 2382 2381 210 2355 2260 1781 118 2356 2044 2333
163 723 4 4 4 1277 92 1277 46 18 1277 67 781 662 1277 60 1114 221
1729 1026 2406 2387 171 2380 365 2382 210 2355 2260 1781 118 2423 2424 2356 2394 2044 2333 2421
224 651 26 3 1349 163 1349 13 1349 200 778 589 1349 3 4 149 69 1125 255 7
1026 2333 171 2476 2355 2356 2485 2488 2491 2492 2493 2494 2495 1729 2380 210 2260 2394 365 1781 118 2044
748 236 1252 5 546 83 4 3 2 3 2 2 1 283 207 1252 725 96 1252 748 1252 969
1729 1026 2540 171 2380 365 2542 2543 210 2355 2260 1781 118 2519 2356 2394 2044 2333 2517
342 649 9 1351 72 1351 17 5 1351 614 937 649 1351 12 16 161 1009 72 23
1729 1026 171 2380 365 2542 2608 2609 210 2355 2260 1781 118 2583 2610 2356 2394 2044 2333
141 783 1217 192 1217 87 1 11 1217 560 884 783 1217 15 2 163 94 1076 192
1026 2583 2585 2586 2333 2594 2600 171 2355 2356 2614 2616 1729 2380 2611 210 2260 2394 365 2542 1781 118 2044
656 23 46 23 150 54 5 1344 376 44 5 2 154 150 2 1344 1040 63 1344 335 656 1344 1190
1026 1729 2585 2333 171 2355 2356 2614 2617 2677 2625 2631 2380 210 2260 2394 2657 2650 2667 365 2542 2672 2673 2675 2676 1781 118 2044
528 365 159 69 1472 179 31 79 12 1 47 56 69 1472 1038 193 5 41 3 1472 503 4 7 2 1 528 1472 1107
1026 2625 2708 2711 2585 2714 2715 2716 2333 171 2717 2355 2356 2614 1729 2380 210 2260 2650 2394 365 2542 1781 118 2044
300 206 45 1 505 1 1 1 28 1700 3 103 6 11 287 28 1700 1385 50 174 1700 738 300 1700 1413
1026 2625 2585 2333 2725 2730 171 2750 2751 2752 1729 2755 2760 2764 2380 2765 2766 2767 210 2260 2394 365 2542 1781 118 2044
269 151 276 160 133 4 1731 13 10 35 634 41 27 6 160 2 3 2 1731 937 208 1731 414 269 1731 1097
1026 2820 2625 2826 2828 2797 2585 2333 2725 171 2823 1729 2755 2380 210 2260 2394 2787 2791 2796 365 2542 2800 2801 1781 118 2044
170 2 257 7 2 13 167 166 67 1830 6 665 6 166 1830 999 137 42 21 16 1830 293 33 19 170 1830 1165
1026 2820 1729 2585 2333 2725 171 2870 2873 2625 2882 2380 2894 2897 210 2899 2260 2901 2394 2787 365 2542 2800 1781 118 2900 2044
174 10 775 76 72 36 1826 8 6 602 19 72 13 1 1826 1 979 1 169 49 1826 120 6 174 1826 3 1051
2944 2625 1026 2725 1729 2908 171 2380 365 2333 2929 210 2260 1781 118 2044 2941 2942 2943
2 630 595 178 292 83 1405 23 1405 23 16 1405 1090 595 1405 1113 19 1 1
2625 1026 2725 2941 1729 2988 2986 171 2380 365 2957 210 2260 1781 118 2983 2044 2333
268 608 112 47 351 1 11 1392 99 1392 55 1392 942 608 1392 15 1041 99
1729 1026 3044 2725 2941 3058 3017 171 2380 2957 365 2989 2625 210 2260 1781 118 2983 2044 2333
272 729 7 142 101 1 44 1271 90 80 1271 10 591 1271 909 729 1271 107 999 90
3072 2625 1026 2725 2983 3081 3082 171 365 3086 3087 3088 210 2260 1781 118 1729 2044 2941
52 893 361 37 30 8 26 1639 1639 7 1 3 1639 1577 361 1639 62 1577 78
3072 2625 1026 3138 3109 1729 3144 3082 171 365 210 3091 2260 1781 118 3140 3143 3135 2044 2725
16 897 639 2 27 31 1 87 1361 1361 1361 65 1330 639 1361 1 5 1 1330 115
2625 1026 2725 3143 3180 171 3148 365 210 3091 2260 1781 118 3191 3192 3156 3159 2044 3109
889 433 125 84 16 1567 7 1567 1567 25 1567 433 1567 10 2 211 12 1567 25
2625 1026 3203 3234 2725 3233 3228 171 365 210 3219 2260 1781 118 3159 3225 3156 3226 2044 3109
747 442 8 2 259 1 6 1558 1558 1558 5 1558 442 1558 29 13 154 12 1558 78
1026 3265 2725 171 3256 2625 3266 3267 3269 3270 3271 3272 3274 3277 3278 3279 3280 210 2260 3159 3109 365 1781 118 3156 2044
336 14 156 1664 4 788 22 3 9 2 1 12 4 1 1 1 1 1664 1664 108 99 1664 336 1664 72 1664
3328 3329 1026 3331 3332 3333 3109 171 2625 210 2260 3159 2725 3298 3305 365 3313 1781 118 3156 2044 3326 3327
8 10 510 3 1 2 114 1490 811 1490 1490 50 453 39 19 1490 17 510 1490 7 1490 1 1
2625 1026 3371 3109 3298 171 365 3377 210 2260 1781 118 3159 2044 3369 2725
879 465 4 201 170 1535 1535 3 1535 1535 465 1535 47 1535 2 418
2625 1026 3403 2725 3409 3298 171 365 3406 3421 3377 210 2260 1781 118 3159 3420 3386 2044 3381 3109
1010 435 11 413 10 70 1565 1565 6 5 1 1565 1565 435 1565 22 15 45 1565 42 114
2625 3298 2725 3420 3450 171 1026 365 3453 210 2260 1781 118 3452 3386 3455 2044 3421 3381
1065 133 331 16 8 1669 331 1669 2 1669 1669 331 1669 3 38 6 1669 15 46
2625 1026 2725 3298 171 365 3506 210 2260 1781 118 3481 3386 3508 2044 3381
1001 612 612 50 1388 1388 8 1388 1388 612 1388 23 73 17 1388 66
2625 1026 3547 2725 3558 3559 3560 3561 3541 171 365 210 2260 1781 118 3481 3508 2044 3381
916 799 4 799 3 1 3 1 24 1201 1201 1201 1201 799 1201 138 39 1201 54
3585 1026 3598 3603 3604 3481 3614 3616 3617 2725 171 2625 210 2260 3541 3547 365 3572 1781 118 3578 2044 3581 3582
11 742 1 1 1 127 8 3 2 742 1258 1043 1258 1258 29 126 1258 108 742 1258 13 1258 74 9
3585 1026 3649 3481 3547 2725 210 171 3643 2625 3660 3661 3666 3667 2260 3541 3671 3673 3674 3675 3676 365 3572 1781 118 3668 2044 3581
180 1102 64 352 177 1102 898 898 34 496 14 6 9 7 898 17 11 9 4 2 2 898 65 1102 898 10 898 17
3713 1026 3585 3721 3725 3731 3735 3736 3481 2725 171 3643 3649 118 210 2260 3671 3547 3680 365 3572 1781 2625 2044
3 1181 136 2 9 2 1 2 350 1181 819 129 66 819 819 819 55 20 15 819 32 1181 469 819
3585 1026 3547 3643 2725 3782 2625 3784 3772 171 365 3783 210 2260 1781 118 3671 3713 3481 3649 2044
141 1204 12 1 1204 2 329 1 11 796 796 3 796 796 1204 796 67 57 467 333 796
3585 1026 3843 2625 3713 3481 2725 171 3649 210 2260 3798 3671 3807 3810 3812 3813 365 3822 3827 1781 118 3833 2044
74 1392 4 465 8 143 1392 608 389 608 608 32 95 33 8 23 5 608 17 7 1392 608 30 608
3585 1026 2625 3858 3481 2725 3880 171 3895 3902 3903 3904 3649 210 2260 3798 3671 3807 3812 365 3822 1781 118 2044
301 1453 360 94 187 1453 10 547 1 10 1 2 447 547 547 129 73 19 5 547 5 1453 547 547
2625 1026 3908 2725 3585 3945 3949 171 365 3950 3951 3798 210 2260 1781 118 3481 3649 2044 3954
521 1136 112 1136 272 36 24 864 864 4 42 112 864 864 1136 864 343 294 864 2
3585 1026 3649 3985 3988 3481 4004 2725 4006 4008 4009 4010 171 2625 3908 210 2260 3798 3945 365 3951 1781 118 2044
218 1218 368 55 10 283 3 1218 1 1 1 2 782 499 232 782 782 232 15 782 53 1218 782 782
3585 1026 3649 3985 3481 3996 2725 171 4015 4023 4024 4025 2625 3908 210 2260 3798 365 3951 1781 118 2044
263 987 112 11 321 85 987 1013 3 3 2 1 692 6 1013 1013 6 1013 139 987 1013 1013
4064 3585 1026 3951 2725 2625 171 365 4015 3985 210 2260 1781 118 3481 3649 2044 4062 4063
1 109 824 4 824 732 1176 1176 108 64 1176 1176 824 1176 444 220 1176 1 6
4096 4097 1026 4099 4100 2625 4098 3985 3481 2725 171 4015 3649 210 2260 4068 4092 365 4080 1781 118 4089 2044 4094 4095
6 2 1010 1 2 838 1 200 152 1010 990 155 645 990 990 69 2 990 22 1010 990 5 990 16 1
2625 1026 4068 2725 3649 4124 171 365 4015 3985 210 2260 1781 118 4121 3481 4118 4123 2044 4122 4116
925 789 156 789 699 4 1211 1211 90 328 1211 1211 789 1211 5 286 10 6 1211 5 31
1026 3649 3985 4118 3481 2725 4136 171 4015 4148 4149 4151 4154 4155 4156 2625 210 2260 4068 365 1781 118 2044
504 379 151 35 92 504 47 1496 108 10 3 1 3 2 7 1404 1496 1496 76 1496 504 1496 1496
2625 1026 4220 2725 3649 4136 4169 171 365 4015 3985 210 2260 1781 118 3481 4148 4118 2044
1612 338 2 338 328 340 47 1662 1662 128 87 1662 1662 338 1662 50 95 58 1662
3649 1026 4276 2725 2625 4136 171 4279 365 4271 210 4243 2260 1781 118 4249 4148 4118 2044 4263
564 564 26 564 1436 154 1436 1 1436 1 1436 44 1436 564 1436 1 42 101 1436 24
1026 2625 4243 4118 2725 4136 171 4276 4280 4341 3649 4300 210 2260 4319 4321 4330 4331 365 4336 1781 118 4343 2044
612 1388 9 7 612 215 1388 41 15 2 612 30 1388 1388 5 1 1 3 1388 17 612 1388 6 1388
2625 1026 2725 3649 4136 4370 171 4300 365 210 2260 1781 118 4372 4118 2044
1403 597 597 597 226 2 1403 19 1403 1403 1403 597 1403 14 59 1403
1026 3649 4118 2725 4136 171 4410 2625 4422 4425 4300 4429 4431 4432 4433 210 2260 365 1781 118 4428 2044
224 224 202 224 166 1776 4 1776 5 1 158 4 2 1 2 1776 1776 1776 224 1776 1 1776
4480 1026 4486 3649 4482 4461 4118 2725 4136 171 2625 4300 210 2260 4441 365 4467 1781 118 4471 2044 4479
9 241 2 241 3 79 84 241 226 1759 1759 162 1759 1759 36 1759 4 241 1759 22 1759 8
1026 3649 4461 4499 4503 2725 4136 171 4535 4536 4539 4540 4542 4543 2625 4300 210 2260 365 4467 1781 118 2044
298 298 96 35 2 298 275 1702 13 2 4 3 2 4 1702 83 1702 1702 1702 55 298 1702 1702
2625 1026 2725 3649 4136 4553 4586 171 4300 365 4461 4584 210 4467 2260 1781 118 2044
1627 373 373 373 96 5 2 1627 352 1627 108 3 1627 191 1627 373 1627 1627
4609 1026 4611 4613 3649 4610 4461 2725 4136 171 2625 118 4300 210 2260 365 4467 1781 4598 4600 4601 2044
2 460 6 3 460 6 20 460 15 1540 1540 1540 285 1540 1540 1540 117 460 39 36 36 1540
3649 1026 2725 2625 4652 171 4300 365 4653 210 4467 2260 1781 118 4665 4600 4660 4667 2044 4661
380 380 380 1620 5 1620 429 1620 6 1620 20 1620 380 1620 4 60 3 1 1620 6
4704 3649 1026 4708 2725 2625 4681 4714 171 4300 365 4718 210 4467 2260 1781 118 4600 4692 4667 2044
30 383 383 42 383 1617 46 2 1617 344 1617 4 1617 84 1617 383 1617 50 69 8 1617
