40 10 42 38
13 20 11 2
71 76 78 80 81 51 86 89 91
38 25 33 10 3 24 2 1 2
100 103 106 71 87 121 94
12 2 7 27 46 10 8
168 167 165 71
2 4 2 89
209 71 202 199 204 177 211 213 215 216 217 219
7 45 31 1 12 39 7 3 1 1 3 1
225 71 202 231 238 239 211 250 255
28 82 28 6 25 22 17 6 2
225 71 202 289 238 305 308 302 250
27 138 27 2 65 14 3 5 9
352 71 362 363 238 308 348
14 2 1 1 2 87 19
391 394 401 403 404 406 379
28 4 3 4 5 1 9
391 424 429 434 436 439 440 412
105 20 35 21 2 3 1 105
475 476 477 463
4 1 1 13
513 522 531 532 501 506 511
21 10 4 2 4 32 20
579 580 583 586 588 589 501 567 506
37 1 15 17 1 1 5 19 109
608 587 622 623 627 629 630 631 506 604
9 2 4 50 6 3 4 2 12 5
673 676 679 683 654 659 686 666
10 15 3 4 19 16 4 8
741 743 659 727 728 699
5 1 141 1 11 9
774 775 778 727 783 659 789 790 759 728 757
10 24 40 5 1 36 5 1 51 8 14
803 808 727 812 659 759 728
6 5 74 32 177 38 49
880 867 812 872 860 874 875 876 846 815 879 659 873 728 847 828 831
2 9 8 8 16 1 6 2 69 62 4 110 3 110 39 37 18
936 860 941 846 879 947 948 828
4 151 7 91 96 2 1 41
968 828 846 879 979 982 984 986 987 860
1 5 71 201 1 9 1 2 1 15
846 879 887 888 889 891 893
13 31 36 5 23 1 11
928 929 904 887 915 889 921 926 927
2 1 8 19 64 19 13 17 2
965 966 972 940 944 915 887 957 926
8 21 9 57 21 37 38 19 31
997 1000 915 1016 965 1022 1023
78 56 6 2 38 1 9
1058 1059 965 1062 1000 1053 1055
3 2 78 12 13 62 1
965 1105 1095 1063 1106 1073 1074 1112
87 1 5 20 7 46 21 1
1122 965 1160 1170 1166 1074 1171 1173 1113 1147
3 33 1 1 7 19 3 1 117 20
1185 1188 965 1193 1195 1196 1197 1074 1176 1113 1181
11 4 47 1 1 3 1 37 114 108 18
1220 1221 1229 1230 1176 1113 1212
9 3 4 1 25 14 3
1248 1282 1283 1284 1285 1256 1264 1265 1113 1278
82 2 2 3 2 63 12 6 125 3
1349 1331 1332 1305 1113 1342
1 44 6 2 72 14
1377 1379 1380 1398 1387 1389 1391 1393 1394 1331 1332 1397 1366 1400 1113 1343
9 1 4 1 15 2 3 1 4 51 40 6 14 2 36 12
1417 1432 1426 1427 1429 1430 1431 1400 1433 1404
36 1 4 4 3 5 1 6 1 3
1417 1482 1485 1454 1487 1490 1492 1494
17 17 1 31 5 10 5 2
1490 1539 1532 1534 1518
48 3 12 5 75
1539 1572 1518 1551 1490 1534
11 4 69 23 65 91
1539 1578 1551 1490 1588 1589 1591 1592 1593 1534
33 21 41 72 8 9 7 1 2 88
1634 1637 1640 1641 1625 1599
8 3 1 3 12 23
1667 1670 1671 1673 1674 1646 1662 1599
4 3 1 2 1 5 13 64
1701 1702 1705 1707 1708 1710 1683 1662 1599
5 5 1 7 2 1 9 5 26
1739 1745 1746 1715 1747 1727
13 6 4 49 2 49
1761 1763 1778 1783 1784 1786 1787 1756 1790 1759
11 5 14 1 2 4 1 25 2 2
1816 1756 1797
10 156 19
1797 1832 1848 1816 1851 1853 1855
14 35 4 59 4 3 1
1872 1865 1878 1870
26 18 1 16
1924 1925 1926 1927 1909 1911 1912 1917
5 4 2 1 20 79 16 2
1954 1924 1928 1965 1967 1969 1971 1911
25 24 112 21 1 6 2 2
2009 1995 2013 2017 2019
19 14 3 2 2
2009 2043 2030 2046 2047
20 9 26 31 3
2052 2059 2030 2064 2067 2069 2071 2072 2073 2043 2046
8 3 18 3 9 1 7 2 1 165 6
2113 2116 2119 2120 2121 2123 2052 2043
10 12 4 8 2 2 11 409
2149 2150 2152 2153 2129 2043 2143
21 3 2 11 25 159 11
2209 2214 2217 2218 2129 2043
14 4 6 2 48 69
2129 2259 2264 2265 2234 2267 2266
33 3 8 2 12 1 7
2336 2316 2284 2321 2327 2329 2333 2334 2335
2 10 11 19 12 12 4 3 2
2368 2371 2372 2373 2375 2344 2377 2378 2376 2357 2327
1 2 2 4 2 76 3 1 2 21 29
2344 2433 2436 2437 2398
64 4 6 1 4
2464 2468 2469 2344 2451 2455 2457
4 2 2 25 31 51 39
2503 2504 2505 2506 2480 2455 2488 2457 2492
7 1 2 2 15 25 8 48 76
2533 2535 2538 2540 2510 2513 2514 2515 2457 2492
8 2 9 2 17 16 25 25 69 51
2535 2556 2510 2576 2581 2582 2457 2492
62 31 12 4 3 1 6 62
2492 2636 2638 2639 2640 2616 2556 2621
5 8 6 2 2 8 114 43
2663 2556 2621 2677 2645
16 71 57 4 30
2560 2565 2573 2575 2576 2578 2579 2580 2582 2584 2556 2558
32 11 8 6 1 8 3 6 4 1 151 19
2560 2565 2603 2643 2645 2584 2556
80 87 12 11 3 51 45
2560 2715 2565 2696 2699 2702 2643 2711 2584 2714 2651 2716
33 4 77 18 8 16 77 7 142 1 45 2
2560 2721 2754 2756 2565 2758 2753 2759 2643 2584 2745 2746 2651 2725
11 33 4 2 48 1 5 2 4 276 24 7 43 17
2784 2769 2775 2584 2780 2781 2782 2783
1 42 7 156 24 7 7 6
2822 2833 2826 2829 2831 2769 2805 2584 2811
19 1 1 5 4 20 74 17 26
2839 2805 2845
5 48 3
2881 2884 2887 2894 2899 2900 2901 2876
23 17 34 10 9 1 9 24
2944 2884 2920 2928 2929 2936 2905 2943
4 81 36 1 30 6 71 1
2984 2884 2980 2982
2 27 27 10
3036 3034 3035 2980 3037
7 9 17 29 2
3049 3082 3083 3061 3064 3071
85 5 5 5 68 7
3064 3082 3109
82 208 31
3139 3143 3145 3082 3160 3155 3156 3157 3158 3064 3161 3146
8 12 15 6 7 3 7 1 3 15 3 3
3145 3194 3219 3203 3221
1 1 5 4 8
3203 3236 3235 3222 3231
11 3 3 20 6
3268 3270 3273 3275 3253 3263
47 5 8 2 5 19
3268 3301 3273 3312 3316 3318
10 65 58 2 4 1
3330 3268 3301 3334 3273 3345 3346
19 3 54 8 2 3 1
3401 3351 3416 3420 3389 3359
42 8 1 1 10 73
3457 3467 3401 3466 3435 3450 3359
16 3 79 7 65 20 68
3401 3435 3532 3503 3504 3505 3512 3359
10 45 3 31 8 4 4 5
3563 3559 3435 3566 3503 3504 3569 3571 3572 3573 3574 3575 3512 3551
1 9 140 6 57 42 4 8 1 1 1 2 2 33
3592 3435 3566 3503 3637 3638 3639 3640 3641 3613 3573
3 204 41 17 12 6 5 2 1 13 8
3682 3683 3653 3687 3435 3566
3 5 31 3 165 107
3744 3728 3683 3653 3719 3435 3566 3696 3730 3738
4 10 18 37 60 40 5 72 9 2
3728 3683 3653 3791 3696 3793 3796 3797 3804 3775
13 76 67 11 38 1 6 4 2 30
3683 3813 3825 3827 3831 3833 3835 3653
4 24 14 31 7 1 1 88
3844 3880 3881 3882 3886 3887 3860
49 2 1 6 2 1 37
3936 3937 3938 3928 3929 3934
13 2 1 8 13 4
3978 3987 3988 3990
7 21 5 1
4001 4036 4039 4044 4045 4047 3987
31 16 13 3 1 3 60
4001 4072 4041 4079 4080 4081 4082 3987 4053
27 14 11 4 1 5 1 45 6
4032 4033 4035 4005 4015 3987 4031
1 3 2 2 11 58 4
4071 4074 4075 4047 4050 3987 4020 4054 4015 4030 4031
2 5 1 3 3 47 2 7 1 32 107
