32 3 39 42 49 50 20 54 56 29
18 35 20 6 16 3 76 2 1 12
71 74 39 76 20 54 62 63
26 3 103 1 248 14 45 8
71 74 107 108 109 93 112 82 20 39 111 106 62
48 62 3 2 3 14 1 2 269 171 1 8 73
132 39 137 106 71 141 145 114 147 20 122 74
81 98 94 41 3 15 4 48 6 151 41 62
132 197 39 137 74 151 204 205 206 207 208 209 210 20 169 184 180 122 199
286 13 141 35 27 19 2 2 4 2 1 1 1 245 6 18 25 42 1
224 257 132 197 260 39 74 225 241 242 180 215 184 20 122 249 261
15 8 182 80 1 305 112 3 30 30 60 79 50 67 60 6 2
288 132 39 74 302 312 242 20 310 215 184 180 122 285
2 230 297 466 2 3 74 202 4 335 47 27 27 16
132 39 74 332 184 242 20 342 215 312
147 276 738 9 120 57 111 20 365 45
132 389 39 74 398 401 403 20 215 184 394
205 9 381 860 4 2 3 156 387 189 12
132 39 74 400 401 403 20 215 184 394
381 223 595 1 1 1 66 168 272 51
450 451 132 422 39 74 460 467 463 464 466 419 20 215 184 441 442 468 444 394 414
12 29 431 15 108 314 1 2 4 4 1 47 72 155 438 36 20 1 4 155 64
132 422 39 74 494 463 502 215 184 473 475 394
238 52 18 644 65 1 14 307 502 34 56 307
555 132 422 518 567 553 74 535 556 558 560 561 564 565 534 215 184 566 475 394
5 113 11 11 3 47 454 22 2 6 2 2 1 1 40 293 399 1 9 293
132 581 615 616 553 74 599 534 215 184 394 607
35 64 14 6 38 436 8 44 330 292 330 7
132 581 74 599 653 656 659 628 534 215 184 644 639 394 607
28 18 372 16 1 14 3 27 9 372 419 8 14 372 140
678 710 74 663 728 628 599 184 729 639 394 215 607
5 25 560 85 5 75 98 630 5 23 560 560 225
710 776 74 663 783 792 599 758 215 184 796 394 607
72 27 366 179 11 1 125 49 366 1028 2 366 285
834 843 776 844 74 599 663 846 783 758 215 184 847 828 394 607
1 11 189 4 373 33 27 3 97 73 373 798 1 34 373 106
897 898 895 776 74 783 883 885 758 215 184 879 828 394 607
1 2 3 117 575 83 1 8 71 575 760 6 148 575 290
897 932 776 74 783 936 885 758 215 184 828 394 926 607
110 1 54 517 21 21 131 100 517 604 83 517 20 212
897 932 965 958 776 937 74 783 952 885 758 215 184 954 955 828 394 926 607
114 13 4 9 9 33 524 4 68 140 191 524 717 3 22 74 524 146 93
897 996 997 74 1016 1012 885 758 215 184 1017 1018 1019 828 394 926 607
71 28 23 448 6 64 78 266 448 536 2 6 1 121 448 288 86
897 1058 1059 1046 74 1069 1070 1071 1072 1074 1075 1076 885 758 215 184 1050 828 394 926 607
77 4 38 132 574 17 2 11 7 1 1 1 83 69 574 741 28 287 574 290 143
1089 1058 758 1126 897 74 1069 1137 1076 885 1046 215 184 828 394 926 607
12 186 55 4 17 504 266 1 79 14 190 504 1161 412 504 777 153
1058 1126 1158 1137 1160 74 1069 758 1170 1171 1076 1141 1046 215 184 1172 828 394 926 607
399 3 53 4 2 482 98 13 3 1 212 27 125 482 1077 2 363 482 660 122
1058 1209 1174 1158 74 1207 1069 1214 1200 1203 1076 1141 1046 215 184 1177 1210 828 394 926 607
408 2 28 9 569 16 43 2 3 14 49 29 41 569 1023 5 2 521 569 552 333
1248 1249 1058 1220 1223 1250 74 1069 1240 1076 1141 215 184 828 394 926 607
10 9 388 39 132 3 409 14 7 62 14 409 1203 409 409 644 140
1058 1223 74 1293 1296 1298 1299 1300 1301 1302 215 184 828 394 926 607
455 166 362 9 5 3 2 1 1 3 362 1183 362 362 474 260
1058 1316 1223 1340 74 1326 1341 1328 1298 1333 215 184 1337 1343 828 394 926 607
525 61 190 1 374 57 4 27 9 59 374 1101 11 1 374 374 498 208
1360 1058 1223 1404 74 1367 1389 1326 1328 1393 1363 1333 1398 215 184 1401 1370 828 394 926 607
13 366 39 1 358 30 6 169 9 16 9 65 9 358 1276 3 11 358 358 839 187
1408 1410 394 926 1058 1326 1328 1333 184 828 1223 74 1360 1363 215 607 1388 1401 1404 1405 1406 1407
3 1 375 1036 282 223 2 16 1343 375 2 375 65 2 375 161 49 23 2 2 6 1
1058 74 1326 1360 1363 1364 215 184 828 394 926 607
218 537 642 82 2 2 537 1245 537 537 1105 109
1058 1382 1404 74 1399 1389 1326 1398 215 184 828 394 926 607
71 12 8 584 4 3 480 11 584 1345 584 584 1199 72
1058 1414 1449 74 1326 1455 1456 1464 1461 1462 215 184 828 394 926 607
189 20 4 158 548 2 4 2 2 6 158 1653 158 158 1508 73
1505 1058 1509 1510 1511 74 1326 1462 215 184 828 394 926 607
1 226 11 1 1 179 670 61 179 1595 179 179 1564 27
1058 74 1326 1565 1462 215 184 828 394 926 1567
9 105 661 7 227 105 1886 105 105 1886 1
1477 1494 1500 74 1495 1326 1501 1490 1462 215 184 1499 828 394 926
32 2 2 133 5 472 2 5 258 133 1867 1 133 133 1867
1558 1510 1543 74 1559 1548 1326 1552 1462 215 184 828 394 926
1 16 23 78 1 5 944 2 625 78 1922 78 78 1922
1610 1548 1326 1615 1617 1621 1462 184 1626 926
41 103 729 20 3 41 500 2000 2 2000
1633 1656 1610 1548 1645 1326 1649 1651 1630 1462 184 926
94 1 94 165 16 618 2 3 17 340 2000 2000
1633 1673 1610 1548 1645 1326 1630 1462 184 1689 1690 1692 926 1695
106 72 106 288 98 840 39 301 2000 4 1 2 2000 3
1696 1633 1731 1732 1729 1673 1610 1548 1645 1326 1717 1462 184 1724 926
21 111 1 4 5 109 17 286 299 707 20 231 2000 16 2000
1696 1633 1803 1814 1673 1771 1548 1645 1326 1779 1812 1717 1462 184 1811 926 1813
34 143 2 1 143 14 466 305 626 3 1 129 178 2000 5 2000 5
1633 1794 1799 1673 1803 1548 1645 1326 1779 1717 1462 1801 184 1787 926 1781
17 28 2 17 1 565 579 607 3 206 11 11 2000 8 2000 28
1825 1794 1827 1831 1832 1833 1548 1645 1326 1811 1717 184 1806 926 1823
4 87 8 27 2 1 498 541 541 6 82 2000 7 2000 25
1888 1857 1794 1835 1548 1645 1326 1880 1811 1717 1878 184 1882 926 1887
4 78 110 117 448 280 280 21 14 28 47 2000 10 2000 4
1857 1794 1899 1889 1932 1930 1835 1548 1645 1326 1923 1908 1918 1878 184 1922 926
36 98 20 69 3 15 71 750 282 282 23 32 60 96 2000 23 2000
1922 1923 1924 1548 1794 1937 1326 1949 926 1952 1835 1964 1965 1966 1968 184 1857 1963 1878 1889 1899 1645 1918
158 158 4 951 211 1 188 11 2000 25 117 8 12 1 1 2000 117 6 39 265 150 188 81
1794 1923 1548 1922 926 1952 1326 184 1977 1980 1983 2027 2009 2012 2013 2015 1889 2022 2025 2026 1899 2028 1645 1918
369 288 1115 288 2000 52 19 2000 6 8 10 5 6 27 5 3 362 3 1 4 87 1 19 91
1952 1889 1794 1923 2052 2054 1899 1548 1922 2033 1918 2039 184 2012 2045 926
184 231 196 450 39 3 200 1434 450 111 49 12 2000 39 15 2000
1952 1889 1922 1923 2052 2085 2086 1899 1548 1794 2033 2083 184 2012 2077 926
108 358 300 300 32 6 10 182 1428 141 112 8 2000 32 4 2000
1952 1889 1794 1923 2086 2087 1899 1548 1922 2033 2135 184 2077 926
59 626 85 24 54 49 89 1249 24 155 1 2000 155 2000
1889 1794 2091 2086 2087 2088 1899 1548 2128 2033 2142 2134 184 2129 2077 926 2111
750 137 4 75 38 16 21 1119 4 113 6 1 2000 2 113 2000 54
1889 2086 2192 1899 1548 2191 2160 2033 2194 184 2077 926 2111
611 8 1 109 854 3 11 250 2 2000 250 2000 60
2240 1889 2209 2241 1899 1548 2238 2033 2229 184 2237 2234 2077 926
1 303 6 1 117 434 3 241 17 2000 3 6 241 2000
1889 2289 2284 1899 1548 2286 2255 2288 2033 2290 2296 2238 2294 184 2297 2264 2077 926
124 15 4 53 177 7 41 4 372 8 5 64 3 2000 2 57 372 2000
1889 1899 2309 2321 2314 2289 1548 2033 2323 2324 2238 2326 2328 184 2302 2264 2077 926
235 51 38 33 1 73 286 443 5 4 97 4 1 2000 31 27 443 2000
1889 2338 2358 2289 1899 1548 2349 2350 2238 2033 2333 2302 2326 184 2264 2077 926 2321
44 13 4 90 70 114 2 1 61 421 14 72 20 2000 4 421 2000 126
2392 1899 2404 2405 2421 2321 2289 1548 2413 2033 2418 2419 2420 2238 2422 184 2077 926 2389
21 30 3 13 2 52 26 30 3 624 5 3 3 180 2 2000 624 2000 10
2434 2469 2405 2289 2440 1548 1899 2444 2033 2451 2238 184 2077 926 2321
163 12 28 56 19 85 85 101 982 63 43 2000 982 2000 63
2434 2488 2501 2321 2526 2508 1899 2444 2525 2033 2451 2238 2518 2519 184 1548 2523 2524 2077 926 2405
68 37 2 163 1 73 117 106 1 766 163 54 35 22 2000 117 7 6 766 2000 22
2434 2552 2321 2444 1899 1548 2547 2557 2033 2451 2556 2238 2518 2519 184 2553 2555 2508 2077 926
51 10 339 31 120 120 4 3 743 339 1 36 198 23 2000 18 2 5 743 2000
2562 2321 1548 1899 2444 2434 2033 2451 2518 2572 184 2553 2588 2077 926
83 441 185 185 148 162 969 441 279 1 2000 37 1 969 2000
2434 2597 2321 1548 1899 2444 2562 2033 2610 2451 2518 184 2617 2619 2620 2077 926
141 12 497 26 26 25 37 992 24 497 219 2000 75 36 3 992 2000
2434 2667 2597 2321 2444 1899 1548 2673 2680 2033 2451 2677 2518 2617 184 2681 2679 2619 2682 2077 926
350 4 74 497 24 112 112 2 1 1094 497 5 184 66 2000 1 3 16 1 1094 2000
2434 2597 2321 2444 1899 1548 2033 2451 2677 2518 2729 184 2617 2077 926
350 304 149 39 304 304 1369 149 19 94 3 2000 24 1369 2000
2434 1548 2077 926 2597 2734 2738 184 2617 2749 2444 2767 2769 2518 2780 2781 2785 2787 2788 2789 2790 1899 2033
304 354 1384 2000 354 56 32 2000 108 18 170 12 26 84 17 15 6 1 14 1 3 354 1384
2434 2823 2824 2827 2444 2818 2833 2834 2836 2837 2077 926 2597 184 2617 1548 2769 1899 2798 2033 2806 2815
242 57 33 14 346 22 16 3 1 2 1272 2000 307 2000 123 307 63 307 56 1272 17 6
2880 2434 2851 2597 2769 2824 1548 1899 2444 2818 2877 2033 2868 2869 2871 184 2617 2077 926 2879
2 204 27 134 138 126 134 134 580 12 6 1241 27 7 1 2000 36 1241 2000 1
2434 2916 2597 2769 2824 1548 2922 1899 2444 2926 2895 2928 2033 2930 2868 184 2617 2907 2077 926
134 3 300 45 319 300 9 300 319 19 33 3 1381 4 23 2000 25 34 1381 2000
2945 2597 2824 1548 1899 2444 2895 2033 2952 2868 2965 184 2617 2964 2959 2077 926
20 226 218 226 226 185 46 1589 36 6 2 2000 56 1 17 1589 2000
3010 2597 3014 3025 2973 2444 1899 1548 3021 2824 2895 3024 2033 184 2077 926 3020
25 240 7 1 54 64 240 240 17 75 124 12 1696 2000 1696 2000 1
3040 3076 2597 2824 1548 1899 2444 2973 2033 184 3068 2077 926 3077
114 2 226 20 226 226 264 264 1510 2000 24 1510 2000 4
3040 2597 2824 1548 3114 1899 2444 3133 2973 2033 3123 3134 3096 184 3132 2077 926
188 212 30 212 33 212 400 3 400 1388 22 2 9 2000 1 1388 2000
3040 3137 3170 3139 2597 2824 1548 3178 1899 2444 2973 3148 2033 3096 3145 184 3176 3163 2077 926 3167
38 17 6 6 95 284 95 9 95 468 468 49 1437 41 41 2000 1 8 1437 2000 11
3202 3203 3204 3207 2824 3209 3211 2444 3213 3214 3096 2077 926 2973 3208 184 3137 3145 3148 3212 3167 2033
9 13 1 3 349 18 5 267 1 1 21 1733 2000 267 2 2000 80 307 111 3 80 1733
3137 2824 3145 3248 2444 2973 3148 2033 3253 3254 184 3257 3256 2077 926 3167
53 486 486 13 122 122 48 1878 14 40 2000 1 37 1878 2000 287
3332 3335 2824 3145 3148 2033 3315 3326 3320 3289 184 3321 3336 3256 2077 926 3167
6 4 432 432 73 2000 7 2 11 1 2000 10 1 5 2000 2000 408
3392 3393 2824 3145 3148 2033 3390 3340 184 3385 3386 3388 2077 926 3167
2 2 719 719 36 2000 2 26 2000 4 3 7 2000 2000 619
3432 2824 3145 3435 3148 3438 2033 3444 3445 3340 184 2077 926 3167
4 606 606 20 188 4 2000 1 5 11 2000 2000 2000 726
3459 2824 3145 3435 3148 2033 3506 3497 184 2077 926 3167
22 408 408 50 77 2000 5 1 2000 2000 2000 847
3553 3459 3557 3559 2824 3145 3435 3148 3565 3566 3535 2033 3564 184 3549 2077 926 3167
4 31 1 2 316 316 10 355 4 1 6 2000 2 2000 10 2000 2000 612
3601 2824 3145 3435 3148 3602 3598 3600 2033 3591 3604 3605 3606 184 3583 2077 926 3167
6 112 112 42 301 1 1 9 2000 13 1 2 1 2000 47 2000 2000 471
3650 3653 2824 3145 3435 3148 3613 2033 3606 184 3641 3583 2077 926 3167
11 9 110 110 11 150 13 2000 27 2000 22 45 2000 2000 267
3712 3715 3702 2824 3145 3148 3694 3696 2033 3717 3710 3606 184 3706 3583 2077 926 3167
1 1 4 101 101 278 3 2 2000 3 3 54 2000 5 108 2000 2000 501
3745 3747 3749 2824 3145 3148 2033 184 3583 3740 2077 926 3167
1 3 2 181 181 78 2000 2000 166 12 2000 2000 394
3809 3810 3812 2824 3145 3786 2033 3806 184 3801 3804 2077 926 3167
10 6 4 198 198 4 2000 1 2000 10 2 2000 2000 426
3841 3825 2824 3145 3786 3847 3853 3856 2033 3826 3859 3849 184 3801 3858 3857 2077 926 3167
23 35 390 390 119 1 1 2 2000 37 1 22 2000 46 1 1 2000 2000 299
3883 2824 3145 3786 3863 3849 2033 3826 3881 184 3801 2077 926 3167
1 575 575 58 12 83 2000 142 29 2000 12 2000 2000 272
2824 3849 2077 926 3881 3885 184 3145 3786 3924 3954 3167 3940 3950 2033 3826 3956 3958 3959 3962 3965 3966
448 136 2000 2000 30 49 2000 448 73 1 8 386 8 61 2000 61 2 35 10 4 2 1
4006 2824 3145 3786 4011 3881 3997 2033 3826 4024 4021 3849 184 4025 4026 4015 2077 926 3167
1 230 230 220 16 58 1 2000 37 1 11 72 2000 3 4 4 2000 2000 274
4033 4079 4049 2824 3145 3786 4011 4072 4046 4077 2033 3826 4041 4078 4054 3881 184 4055 2077 926 3167
16 1 27 184 184 147 33 16 49 16 2000 94 28 7 99 34 2000 26 2000 2000 525
4099 2824 4111 4115 4120 4121 2077 926 4127 4129 4131 4011 4041 184 3145 3786 4049 4054 3167 4078 2033 3826 4086
37 203 21 9 4 17 2000 2000 11 5 1 28 8 2000 203 246 45 32 508 10 2000 12 30
4163 4164 4054 4166 4135 2824 3145 3786 4011 4142 2033 4115 4086 184 4154 2077 926 3167
1 5 131 1 15 242 242 201 12 10 2000 36 131 2000 1 2000 2000 637
4054 2824 3145 3786 4011 4214 2033 4211 4212 4213 4086 4183 184 4215 4182 2077 926 3167
58 76 76 340 30 2 2000 1 23 1 58 13 2000 2 10 2000 2000 688
4230 4232 4233 3786 2033 184 4217 2077 926 3167
38 3 1 560 2000 2000 5 2000 2000 484
4230 4232 3786 4271 2033 4275 4276 4277 4278 4247 184 4281 2077 926 3167
2 174 220 3 2000 28 3 23 2 28 2000 4 2000 2000 529
4320 4232 3786 4335 4336 2033 4298 4275 4277 4310 4247 184 4280 2077 926 3167
3 178 261 6 12 2000 7 116 116 3 116 2000 23 2000 2000 571
4356 4232 3786 2033 4342 184 4345 2077 926 3167
3 120 102 2000 2 2000 18 2000 2000 455
