3 39 46 47 48 54 56 57 58 15 62
79 22 7 4 19 14 11 12 1 9 1
3 39 77 79 84 85 87 89 58 90
79 79 51 20 41 26 2 4 68 1
120 3 84 77 39
14 80 24 24 80
3 39 168 173 174 77 84 120
22 22 4 1 1 42 42 7
3 39 234 236 245 246 219 221
99 99 9 4 4 1 14 1
289 290 259 261 39 267 273 3 280 249 285 287
2 2 107 7 16 14 3 16 20 14 3 11
259 39 297 267 301 302 303 305 3 249
90 156 24 150 11 29 5 4 156 150
327 3 39 362 267 367 259 342 344 249 355
10 186 186 1 163 2 239 1 5 163 7
385 259 388 39 392 267 396 397 399 401 402 3 249 367 382
8 380 23 4 10 294 7 4 2 11 3 4 294 4 2
259 388 465 456 458 267 429 401 468 437 436 249 443 459
312 36 7 22 4 271 7 3 4 16 5 271 17 21
480 259 484 489 267 437 249 443 459
27 659 12 9 228 32 228 26 19
480 546 259 484 549 550 267 548 515 437 249 506 540 509
20 1 698 28 4 3 308 1 4 20 308 82 2 4
480 608 610 259 612 613 614 267 592 437 249 506 602
47 5 4 861 2 2 2 126 22 47 126 94 4
642 259 645 614 648 650 651 652 592
18 1079 15 157 9 1 1 1 31
674 259 677 614 679 681 682 592 668
35 1025 3 113 2 1 2 141 51
674 259 614 712 715 717 718 592 694 668
32 760 57 7 5 2 2 143 14 91
674 259 676 677 614 592 668
19 999 3 1 97 67 61
704 720 674 259 614 711 715 718 592 721 722 723 694 668
36 1 72 887 194 7 3 1 32 1 2 2 1 32
674 259 740 614 750 753 725 758 730
12 808 4 275 1 1 21 2 37
259 614 780 781 783 786 725 791 730 796 798
753 118 25 9 7 9 84 14 2 1 2
865 802 259 868 869 614 855 850 854 791 856 860 863
26 4 771 3 4 130 62 29 6 29 4 8 6
865 259 614 873 877 878 880 881 883 885 855 888 891 892 893
58 505 2 10 3 5 90 4 11 7 22 8 2 1 2
928 865 898 259 933 935 904 937 939 940 910 944 923
4 96 132 503 5 2 19 16 1 19 22 1 18
928 865 898 259 961 968 940 972 910 975 942 923 956
61 111 309 500 4 5 1 4 163 4 2 166 1
928 961 898 259 1028 1029 1030 1031 1000 1004 1024 910 1008 1012 1016 1017 923 1020 865
323 19 485 391 12 10 4 2 30 19 3 23 20 28 17 23 46 20 12
928 961 898 259 1092 1029 1089 865 1088 1098 1101 1008 1106 1110 1112 1017 1114 923 1052
330 35 583 339 4 69 6 113 4 9 1 369 3 5 4 3 2 63 2
928 865 898 259 1029 1138 1134 1008 1115 1147 1141 1143 1112 1146 923 1052 1150
190 34 249 190 72 4 11 140 16 1 5 9 10 10 174 79 4
928 865 898 259 1029 1190 1191 1185 1134 1008 1170 1187 1182 1112 1177 1146 923 1052 1150 1189
202 13 160 202 51 2 2 1 264 86 1 1 4 19 3 4 225 343 25 5
928 1217 898 259 1220 1222 1218 1134 1008 1236 1239 1204 1241 923 1052 1150
11 45 316 11 9 14 5 191 90 8 4 36 1 319 285 72
928 1217 898 923 1222 1299 1289 1315 1314 1134 1312 1008 259 1204 1308 1307 1243 1052 1150
38 37 664 207 88 23 2 1 1 34 1 218 38 28 7 1 96 150 14
898 923 1348 1349 1222 1340 1354 1008 1335 1243 1052 1341
777 8 10 3 45 6 7 309 11 305 78 13
1008 898 1379 1382 1222 1377 1384 1386 1388 1390 1360 1370 1243 1052
60 654 10 9 50 14 11 1 2 5 25 8 60 94
1008 898 1222 1382 1451 1452 1360 1457 1394 1459 1463 1243 1052 1437
60 632 143 208 4 2 127 1 116 2 5 60 69 35
1504 1360 898 1508 1222 1382 1505 1512 1510 1482 1511 1008 1394 1492 1243 1437
9 104 619 1 422 338 3 1 6 5 2 22 152 19 22 23
898 1382 1222 1521 1514 1548 1360 1553 1394 1558 1559 1560 1562 1564 1565
712 68 381 33 34 48 393 32 285 2 1 37 10 2 1
1616 898 1606 1222 1553 1612 1514 1579 1580 1613 1615 1360 1521 1394 1607 1617 1560 1382 1564
3 775 4 508 132 3 35 18 14 2 2 378 83 432 7 1 55 3 75
898 1669 1222 1521 1672 1514 1579 1671 1666 1360 1553 1394 1649 1560 1658 1627 1564
798 4 393 12 1 75 25 2 10 298 123 637 29 157 60 10 222
898 1701 1222 1553 1704 1514 1707 1360 1649 1394 1560 1689 1658 1564 1706 1694
1069 2 338 224 3 35 1 225 96 781 75 14 261 194 1 1
898 1222 1649 1736 1746 1742 1360 1553 1394 1689 1658 1755 1564 1758 1759
1129 222 45 8 6 19 109 125 567 33 282 8 8 8 2
1808 898 1765 1222 1649 1803 1804 1810 1742 1360 1553 1394 1780 1806 1658 1809 1786 1781
1 800 8 261 5 11 4 1 170 70 97 527 60 3 399 1 2 5
1856 898 1827 1222 1832 1810 1742 1840 1394 1859 1780 1870 1847 1658 1822
34 791 22 490 19 39 154 3 471 26 36 5 1 360 294
1856 1889 898 1859 1222 1897 1898 1810 1742 1394 1877 1879 1658 1822
215 5 592 49 369 1 2 17 228 471 90 14 302 215
1856 898 1926 1222 1928 1929 1742 1394 1877 1658 1916 1822
174 825 11 403 14 2 37 539 315 168 43 146
1856 1952 898 1968 1958 1222 1928 1964 1966 1936 1969 1394 1877 1658 1916 1822
547 59 418 1 7 538 48 2 4 28 1 294 291 3 158 100
1856 898 2019 1989 1222 1936 1394 2003 1877 1916 2013 1822 2015
781 258 1 78 578 10 120 27 120 104 10 4 2
1856 898 1989 1222 1394 2003 1877 2041 2037 1916 2013 2021
1040 118 148 658 108 29 108 1 2 97 1 60
1856 2048 898 1989 1222 2056 2058 2060 2061 2062 2053 1394 1877 1916 2021
1179 7 71 133 511 2 1 1 1 1 8 71 71 77 71
1856 2081 898 2052 1989 1222 2098 1394 1877 2070 1916 2101 2021
915 14 23 21 163 652 1 23 23 34 229 12 23
1856 2146 2148 1989 1222 2126 2127 2129 2134 2052 1916 2149
823 4 1 193 700 4 54 19 21 42 55 2
1856 2052 1989 1222 2127 2134 2168 2171 1916 2173 2143
1011 50 132 497 60 25 3 3 102 1 119
1856 2209 2210 2211 2212 1989 1222 2215 2216 2218 2219 2127 2194 2134 2202 1916 2143
1139 39 6 3 9 183 567 5 6 2 1 258 25 30 22 30 9
1856 2209 2261 2262 1989 1222 2127 2260 2229 2134 1916 2143
1251 84 1 3 234 502 197 36 12 86 7 4
1856 2209 1989 1222 2273 2127 2288 2289 2291 2260 2293 2134 2295 2292 2266
1296 64 150 436 25 175 17 2 3 138 2 63 1 6 60
1856 2209 2339 1989 1222 2336 2127 2260 2325 2134 2328 2341
1706 41 3 79 169 6 451 451 2 38 82 10
1856 2209 1989 1222 2343 2376 2346 2127 2384 2385 2386 2260 2134 2359 2393 2351 2364
1586 25 117 414 34 37 9 242 13 6 9 242 92 51 2 16 13
1856 2209 2434 1989 1222 2343 2376 2452 2455 2351 2260 2453 2134 2359 2420 2127 2364
1519 86 18 289 481 79 5 6 4 47 84 5 203 133 9 84 132
1856 2465 1989 1222 2343 2502 2455 2127 2351 2497 2260 2134 2359 2459 2364 2503
1316 14 295 684 57 3 147 126 6 18 126 295 96 18 15 4
1856 2503 2531 1989 1222 2535 2534 2359 2510 2127 2529 2260 2134 2455 2520 2533 2459 2526 2527
1285 8 2 350 715 2 5 165 1 21 3 21 350 151 4 5 119 6 7
1856 1222 1989 2534 2538 2455 2577 2578 2134 2359 2459
1127 873 391 9 20 114 12 3 391 244 89
1856 1989 1222 2538 2455 2646 2638 2608 2641 2643 2644 2645 2134 2359 2648 2459
976 790 1024 217 2 1 4 42 6 1 2 4 790 320 2 83
1856 2689 1989 1222 2538 2694 2608 2693 2134 2359 2459 2687
1178 2 559 822 440 3 1 5 559 494 38 18
1856 1989 1222 2729 2698 2739 2134 2359 2459 2538
530 1072 1470 6 47 2 1072 291 50 291
1856 1989 1222 2698 2765 2742 2767 2769 2770 2772 2134 2359 2459 2538
449 1488 1551 266 50 2 11 3 1 2 1488 266 103 266
1856 2787 1989 1222 2698 2813 2800 2790 2804 2805 2134 2359 2810 2459 2812 2538 2814
545 86 1455 1455 534 1 1 3 6 8 1455 474 5 71 5 474 1
1856 2850 1989 1222 2698 2838 2837 2134 2359 2842 2538
185 2 1815 1815 744 5 35 1815 185 10 185
1856 2881 1989 1222 2857 2538 2861 2862 2134 2359 2876 2698
356 11 1644 1644 6 356 14 7 1644 356 11 586
1856 1989 1222 2538 2923 2924 2922 2134 2359 2698
616 1384 1384 616 10 1 9 1384 616 730
1856 2977 2980 1989 1222 2538 2961 2134 2359 2968 2969 2698
715 2 1 1285 1285 715 27 1285 715 32 7 941
1856 1989 1222 2984 2538 2999 2998 2992 3000 2997 2134 2359 2968 2970 2698
732 1268 1268 11 732 1 1 1 1 2 1268 732 107 119 635
1856 3039 1989 1222 3047 3017 2698 3052 3054 3005 3026 3061 2134 2359 3062 2970 3055 2538 3045
587 3 1413 1413 7 32 758 4 4 20 5 5 1413 587 2 298 4 587 5
1856 1989 1222 3079 2538 3086 3005 3089 2134 2359 2970 3087 2698 3077
378 1622 1622 8 378 1 39 1 1622 378 348 3 927 176
1856 3120 3108 1989 1222 2538 3005 3088 3122 3123 2134 2359 2970 3119 2698 3077
370 10 13 1630 1630 370 133 45 1 1 1630 370 497 3 992 304
1856 3152 3139 1989 1222 3005 2698 3159 3119 3088 3155 3146 2134 2359 3156 2970 3151 3158 2538 3077
284 6 31 1716 1716 182 1198 3 190 149 1 9 1716 284 6 809 3 12 284 341
3168 1856 3202 3177 1989 1222 3005 2698 3216 3215 3088 3217 3203 3146 2134 2359 3209 2970 3119 2538 3077
115 258 11 55 1742 1742 87 1001 1 4 360 3 9 87 1742 258 7 567 277 258 364
1856 2538 3203 3268 1989 1222 3271 3168 2698 3265 3280 3119 3088 3242 3146 2134 2359 2970 3273 3005 3077
252 252 12 24 1748 1748 10 85 971 15 3 105 436 65 204 1748 252 622 19 250 309
3077 2698 3088 2970 3242 3119 2359 3005 1856 1989 1222 3273 3146 3283 2134 3291 3168 3297 2538 3308 3313 3319 3326
253 729 687 521 108 229 205 234 205 1795 1795 45 24 24 1795 9 79 19 205 62 6 12 3
3168 1856 1989 1222 3361 2538 3273 2698 3119 3088 3325 3242 2134 2359 3352 2970 3005 3077
301 23 1977 1977 6 23 34 766 486 698 274 34 1977 23 30 269 157 486
3168 1856 3415 1989 1222 2538 3273 2698 2359 3119 3088 3005 3411 3413 2134 3242 2970 3387 3420 3325 3077
145 6 2 1994 1994 6 276 562 6 299 1083 43 12 7 1994 276 335 4 1 510 299
3168 3462 1989 1222 3273 2698 3467 3475 3469 3470 3119 3088 3473 3474 3325 2134 2970 3242 3077
47 3 2000 2000 230 342 14 4 6 3 421 1208 3 1 411 2000 230 230 421
3077 2698 3088 2970 3491 3242 3119 3514 3515 3522 1989 1222 3528 3273 3530 3531 3532 3533 3535 3536 2134 3168 3325
363 87 1550 3 88 3 363 20 17 2 2000 2000 9 3 5 3 2 2 1 1 2000 81 413
3168 3552 3586 3491 1989 1222 3591 2698 3119 3088 3571 3585 2134 3514 3581 3325 3077
52 15 14 80 2000 2000 8 52 543 1405 76 2 2000 31 2 381 543
3586 3077 2698 3600 3601 3491 3622 3624 3625 3626 3627 3628 3119 3514 1989 1222 3619 2134 3168 3088 3571 3325
45 554 96 57 42 35 10 27 1 1 1 3 554 34 2000 2000 14 2000 96 1350 100 411
3168 3600 3619 3077 1222 3624 2698 3571 3670 3669 3119 3088 3601 3666 3491 3668 3637 2134 3644 3325 1989
16 119 113 589 2000 20 16 51 2 1 589 1395 12 1 35 4 8 2000 8 261 2000
3600 3619 3077 1222 3624 3119 3088 3571 2134 3711 3325 1989
98 249 790 2000 63 790 1210 120 2000 5 139 2000
3077 3720 3723 3600 3734 3759 3781 3619 3739 3782 3119 3764 3768 3772 3776 3777 3778 3779 3780 1989 1222 2134 3088 3571 3325
1179 49 102 78 32 17 1 257 4 1 1179 10 11 8 19 15 2 3 1 2000 2000 2000 821 163 128
3600 3619 1989 1222 3825 3720 3787 3820 3119 3088 3813 3571 3824 2134 3759 3325 3077
89 488 2000 2000 1 258 37 8 1180 820 9 88 4 2000 31 89 1180
3600 3842 3619 1989 1222 3879 3720 3882 3787 3571 3119 3088 3889 3878 3828 2134 3888 3325 3077
238 99 496 2000 2000 24 193 3 34 161 1096 904 1 72 23 2000 2 238 1096
3088 3842 3619 3077 1222 3943 3720 3945 3119 3600 3878 3571 2134 3939 3932 3325 3902 1989
716 150 511 1284 2000 5 257 8 1284 184 6 154 2000 4 12 184 45 2000
3600 3842 3619 1989 1222 3975 3720 3119 3088 3986 3571 2134 3992 3990 3325 3077
219 143 360 2000 2000 48 282 1409 591 1 143 2000 4 7 219 1409
4016 3088 3842 3619 1989 1222 3975 3720 4001 4047 4045 4046 3119 3600 4040 3571 2134 4005 4031 3325 3077
42 663 61 239 2000 2000 57 163 171 1 3 1 1337 266 5 61 2000 21 16 266 1337
3842 3077 3975 3720 4105 4106 3088 4001 3619 4103 3119 4104 1989 1222 4050 2134 3600 4079 4082 3571 4089 3325 4095
26 1294 47 192 2 3 706 281 166 5 1294 3 2000 2000 31 2000 19 22 47 26 34 19 12
3077 3975 3720 3088 4124 4165 4001 3619 4166 4138 3119 4147 4151 4157 4161 4162 4164 1989 1222 2134 4082 4089
1495 3 407 505 6 2 43 207 2 2 1495 50 11 9 5 6 3 2000 2000 2000 112 183
4161 3619 4196 3077 1222 3720 4202 3119 3088 4082 4170 2134 4217 4216 4089 4218 4219 4157 1989
30 255 16 1426 2000 166 18 1426 574 157 2 2000 15 3 377 1 2 134 2000
4228 3619 4196 3077 1222 3720 4242 3119 3088 4082 4243 2134 4217 4216 4089 4157 1989
44 76 172 1208 2000 231 35 1208 792 249 20 2000 10 73 69 230 2000
4196 1989 1222 3720 4297 4267 4300 3119 3088 4296 4082 2134 4216 4249 4303 4157 3077
257 2000 2000 57 1 5 2 907 1093 7 152 2000 39 25 1 152 907
4196 3077 1222 3720 4345 4344 3119 3088 4335 4082 4340 4332 2134 4311 4216 4249 4315 4157 1989
213 1002 2000 51 1 3 1002 998 10 77 10 2 2000 51 76 76 10 77 2000
4196 1989 1222 4364 4082 3119 3088 4369 4370 4373 2134 4377 4376 4356 4157 4349 3077
78 2000 2000 17 84 931 1069 6 3 1 2000 1 7 32 84 59 931
4448 4450 4349 3077 1222 4452 4429 3119 3088 4082 4435 4436 2134 4196 4411 4157 1989
4 3 27 930 2000 1 15 930 1070 167 9 4 2000 19 38 167 2000
4486 4196 3077 1222 4487 4488 4489 4460 3119 3088 4082 2134 4477 4157 4454 1989
3 36 1032 2000 15 2 1 6 1032 968 319 2000 16 319 2 2000
