0 1 2
1 3 2
8 9 15
2 3 1
16 17 5 9
3 2 3 2
25 28
11 2
91 92 93
1 1 1
137 140 141 135
1 1 2 2
9 10 6
5 1 6
57 50
1 2
25 22 15
3 3 4
81 91 92
1 3 2
137 130 138
13 8 2
200 179 196 199
1 13 2 2
13 14
5 1
0 16 5 14 13
3 1 12 7 1
8 3 4 5 7
2 9 3 1 2
34 23 31
2 11 6
51 53 55
1 1 1
78 80 81 84 88 90 92 93
6 1 2 1 4 1 1 1
130 131 127
1 1 24
1 4
1 2
3
9
26 28
4 4
32 33 26 27 25
1 1 7 4 1
2
5
41 42 43 22 39
2 1 1 3 9
37
8
73 74 68 71
1 1 3 1
18 20 22 23
9 2 2 4
3 4
4 1
40 39
2 4
96 97 98 90 91 92 94
3 1 1 1 6 7 4
16 10 12
3 4 3
74 75
2 2
0
2
0 1
1 1
36 37 46 45
2 9 1 3
30 47
7 3
0 1 3
3 2 1
20 21 22
3 2 1
80 81 82 83 70
2 1 2 2 17
105
1
32 34 35 5 20 23 31
2 5 1 7 17 3 9
24 8 20 17
1 1 2 3
0
4
48 49 45
2 1 1
32 30
1 6
20 23 24 25 26 27
10 3 3 4 2 1
47 49 51 54 55 56 57
4 2 7 1 2 1 1
40 8 26 23 39
1 4 2 2 1
97 107 94
2 2 4
164 165 166
3 1 2
208 209 212 213 214
1 3 4 3 1
16 17 2 18 9
21 7 8 1 1
70 71 72 73 74 75 77 78
3 6 1 1 1 1 1 1
1 3
2 1
9 11 12 14 15 16
4 6 1 1 1 1
50 61
7 3
8 16 19 14 7
7 3 2 6 4
49 50 52 53 54
2 1 11 8 3
32
4
42 59 44
9 1 6
17 7 15
1 1 2
40 19 38
1 20 4
0 1 2 4 5
1 1 2 2 1
64 65
1 1
4 8 10 11 12 13
4 13 1 2 1 2
18 20 21 22
1 1 1 1
11 9 10 3 13
1 2 1 2 1
48 52 53
9 6 1
108 115 116 119 89 123 124 125 126
2 2 1 3 1 7 1 1 1
148 149
2 3
11 16 19 20 21 23
4 5 1 2 1 3
56 51 52 53 55
3 1 5 4 2
35 40 41 43 46 47 51 52
4 3 2 3 5 3 2 1
82 91 93 86 87
8 2 2 8 9
26 43 52
10 1 2
32 30
2 1
8 17 13
4 1 1
32 35 46 51 26 29
8 2 8 1 44 39
10 16 17 18 19 20
2 1 1 2 2 2
0
1
42 44
14 2
83 76 85
5 2 7
24 25
4 11
89 84
1 5
8 2 11 6
3 6 2 1
65 59 63
1 1 1
35 36 31
1 2 1
28 30
2 1
13 15
1 1
9 7 13 14 15
1 7 4 2 1
1 3
1 1
16 15
5 11
9 10 3 7
1 1 1 5
34 35 36 39 42 43 30
5 2 5 5 2 1 3
57 78 77 73 79
4 1 4 1 2
