33 26 31 7
2 14 2 35
67 68 7 48 60 63
3 2 32 39 13 9
99 103 104 73 106 78 105 87 88 60 94 95
2 2 1 28 5 1 3 6 8 58 22 13
160 132 133 73 140 114 150 151 152 156 158
2 6 4 62 15 28 2 10 7 1 2
192 193 197 204 210 206 114 211 213 150 185 133
41 2 6 3 2 4 253 4 1 50 50 33
133 215 241 114 244 246 247 248 250 251
16 35 19 168 9 8 2 4 2 1
294 262 265 301 304 114 278 251 284
2 159 159 9 4 100 27 68 27
370 262 265 362 363 364 365 366 367 368 369 114 284
3 67 67 7 8 1 4 6 4 2 2 52 93
416 419 420 389 262 422 265 400 114 403 406 415
2 2 1 23 24 4 24 21 61 1 9 5
448 480 389 463 400 114 468 470 472 476 446 479
31 3 271 7 5 84 14 16 13 5 56 4
513 482 389 520 521 522 523 524 526 528 497 114 503 472 475 446
22 46 294 3 3 4 4 7 2 5 28 183 29 9 22 138
576 577 580 389 582 581 560 497 114 532 475 572 573 446 575
2 8 4 839 2 1 28 234 19 7 138 8 49 95 4
608 577 610 389 616 617 497 475 446 613
15 123 5 596 1 1 26 5 171 3
577 389 647 648 651 652 653 637 446
236 544 3 4 1 1 1 10 236
577 675 389 681 685 686 687 692 693 446
242 13 515 5 1 11 5 2 1 242
577 389 715 718 725 726 727 728 729 446
238 681 9 34 1 1 1 1 2 238
768 577 389 748 752 757 760 764 446 767
1 112 318 23 4 6 11 7 112 2
800 577 389 774 811 748 814 784 817 818 787 446 805
11 256 338 24 1 75 4 191 1 1 14 256 7
577 389 774 841 843 844 784 787 827 828 446
362 191 78 37 4 5 101 73 15 22 362
896 577 891 869 774 897 841 879 784 881 787 870 895 893 446 389
22 733 5 54 111 2 5 35 462 3 93 56 6 5 733 155
960 577 955 944 389 870 907 941 957 784 774 787 869 952 891 947 446 959
3 1182 1 20 66 101 39 14 4 565 47 14 1 12 59 27 1182 3
577 964 1014 870 907 941 1007 784 787 982 1015 1017 1011 446 991
1025 7 3 251 34 38 11 874 38 2 1 2 4 1025 13
1040 577 1058 1060 1061 870 1033 1035 941 1038 784 787 1055 446 991
11 1156 3 4 3 332 6 8 15 1 753 15 5 1156 35
577 870 1096 1097 1067 784 1074 1081 1082 446
897 339 8 5 12 992 8 6 12 897
577 1122 1155 870 1131 784 1111 446 1151
1162 6 1 637 1 712 13 1162 8
1184 577 1122 1158 870 1200 1167 784 1169 1202 1203 1111 1180 446 1151
83 1244 17 59 504 11 19 696 7 3 3 15 13 1244 5
577 1158 870 1217 1249 1167 784 1243 1244 446 1151
1015 62 250 9 2 31 957 14 20 1015 66
577 1252 870 1217 1258 1264 1167 784 1300 1304 1284 1274 1243 446 1151
1095 11 228 101 88 7 24 905 6 2 12 101 121 1095 70
577 1316 1317 870 1258 1335 1167 784 1331 1332 1310 1303 1337 1338 1243 446 1151
1043 4 34 244 89 2 114 957 3 2 14 14 1 1 184 1043 137
1376 577 1380 1317 870 1383 1384 1385 1386 1387 1388 1167 784 1243 1372 446 1151
14 908 1 184 277 2 2 3 4 1 2 101 1092 264 3 908 57
1408 1418 1419 1167 784 1426 1441 1442 1317 1448 1450 1451 1452 1454 1455 1456 1457 446 577 1243 870 1397 1398
47 16 30 35 975 24 3 11 353 10 2 6 1 2 1 2 2 1025 1025 625 163 7 88
1408 577 1499 1317 870 1418 1484 784 1489 1488 1398 1496 1498 1243 446
283 1125 2 146 74 84 35 875 11 48 109 3 3 480 1125
1408 577 1506 1507 1317 870 1418 784 1558 1557 1398 1560 1562 1243 1564 1565 446
260 1230 27 8 15 2 305 770 15 5 122 12 2 155 3 2 1230
1408 577 1506 1604 1590 1574 1607 1398 1609 1418 1579 1582 784 1557 1558 1566 1243 1610 446 1605
341 1409 21 4 26 162 1 58 1 257 19 35 591 155 81 30 61 4 1409 3
1408 577 1506 1636 1574 1633 1672 1418 1677 1646 1647 784 1604 1557 1398 1656 1648 1679 446
193 1598 16 39 116 20 3 209 21 25 56 402 28 103 29 68 23 1 1598
1408 1418 1677 784 1557 1686 1695 1698 1700 1574 1710 1714 1718 1719 1720 1723 446 577 1604 1506 1398 1656
273 100 44 604 278 12 1 13 27 235 4 1 5 1 4 2 1396 1396 56 27 29 28
1408 577 1506 1604 1574 1761 1418 1677 784 1557 1753 1759 1756 1757 446 1762
497 1353 138 2 359 1 47 45 647 314 44 4 16 10 1353 1
1408 577 1764 1574 1790 1418 1677 784 1809 1778 1813 1557 1808 1784 1753 1787 446 1759
608 1294 42 608 25 52 52 706 30 123 7 226 37 5 97 2 1294 42
1408 1418 1677 784 1809 1557 1818 1819 1820 1826 1827 1829 1574 1834 1837 1839 1848 1850 1851 1852 446 577 1753 1759 1808 1764 1778
687 163 163 617 2 178 82 81 41 16 8 16 687 19 33 1 10 4 1 2 1383 1383 104 63 44 37 64
1408 1418 1677 784 1557 1753 1819 1820 1574 1837 1759 446 577 1865 1874 1878 1892 1887 1808 1890 1891 1764
685 40 40 731 111 34 170 23 685 46 317 1269 1269 44 44 31 1 6 41 9 1 32
1408 577 1764 1574 1895 1865 1418 1943 1677 784 1939 1557 1753 1945 1819 446 1759
587 1031 90 587 60 2 23 1 23 969 1 23 8 3 235 1031 615
1408 577 1979 1764 1574 1953 1963 784 1970 1895 1972 1973 1975 1819 446 1759
360 740 2 12 360 79 13 1260 18 18 2 6 1 278 740 849
1408 577 1574 1953 1998 784 2014 2008 1819 2012 2013 446 1759
508 598 508 63 39 1402 2 17 339 4 2 598 1262
1408 577 2051 1574 2055 2056 2058 2059 2060 784 2066 2042 1819 446 1759
392 392 31 392 7 25 5 6 19 1608 1 63 238 392 1207
1408 577 2119 1574 2055 2056 2059 784 2132 2133 2135 2128 2042 1819 446 1759
298 298 27 298 239 215 23 1702 4 5 1 55 53 211 298 1032
1408 577 2180 2181 1574 2055 2056 2176 784 2174 2182 2042 1819 446 1759
189 189 2 1 189 280 92 10 1811 2 2 102 123 189 1281
1408 577 2082 2085 1574 2055 2056 2057 2086 2087 784 2088 2068 2089 2073 2042 1819 446 1759
181 181 3 8 181 122 30 5 2 1 1819 9 5 1 3 461 20 181 1027
1408 2096 2139 2134 1574 2055 2056 2123 784 2142 577 2135 2136 2042 1819 2140 2141 446 1759
35 58 1 4 35 218 3 15 1965 1 35 11 3 212 35 3 1 35 1164
2096 2180 2214 2055 2056 2123 2205 784 2193 2195 2215 2197 2042 2216 2140 2173 2206 1759
49 16 2 187 90 254 9 2000 14 16 2 6 45 2 90 25 1 1317
2096 2180 2055 2248 2257 2123 2222 784 2056 2227 2263 2042 2267 2140 1759
137 5 183 12 4 376 8 2000 25 15 5 64 4 25 1126
2311 2096 2309 2310 2055 2312 2123 2288 2222 784 2291 2303 1759
1 215 6 10 225 1 477 2 14 2000 14 5 1458
2096 2338 2343 2123 2348 2288 2318 2349 784 2291 2055 1759
275 39 38 322 11 63 63 2 2000 47 160 1315
2096 2338 2403 2404 2405 2406 2055 2343 2123 2380 2288 2350 784 2318 2382 2358 2395 2396 1759
435 48 1 3 1 3 217 7 261 11 3 21 2000 3 13 10 21 2 1691
2343 2443 2437 2096 2055 2442 2123 2444 2447 784 2449 2448 2358 2426 2396 1759
77 13 28 447 121 5 132 1 3 2000 1 1 10 62 107 1908
2096 2469 2343 2460 2123 2471 2479 784 2449 2483 2358 2481 2463 2396 1759
521 1 113 11 120 1 2 2000 13 1 28 2 2 133 1887
2522 2096 2343 2524 2506 2123 2511 784 2514 2512 2518 2525 2523 2396 2493 1759
2 595 17 5 43 110 3 2000 13 13 2 2 2 97 119 1983
2096 2539 2532 2536 2506 2123 784 2512 2396 2493 1759
801 3 18 4 70 119 2000 1 136 134 2000
2560 2096 2563 2565 2566 2569 2123 2572 2573 2574 784 2571 2547 2396 2493 1759
9 774 41 4 2 1 168 1 1 1 2000 2 3 64 184 2000
2096 2595 2629 2630 2625 2631 2123 2606 2607 784 2582 2608 2396 2493 2622 1759
1011 20 6 5 5 1 75 3 46 2000 38 2 39 203 4 2000
2096 2658 2659 2660 2664 2635 2670 2671 784 2667 2644 2582 2647 2672 2607 2396 2493 1759
862 5 19 13 25 13 4 10 2000 2 2 32 43 1 120 246 17 2000
2096 2691 2607 784 2706 2707 2709 2711 2714 2703 2396 1759
734 1 210 2000 42 4 6 1 5 14 475 2000
2752 2096 2721 2396 2727 2607 784 2737 2706 2739 2740 2745 2716 1759
1 817 62 478 19 41 2000 8 54 1 6 16 11 2000
2096 2758 2753 2797 784 2809 2777 2810 2396 1759
979 33 118 3 2000 1 19 1 450 2000
2096 2818 2820 2758 2823 2826 2827 2831 784 2777 2753 2396 1759
787 19 28 56 11 2 4 7 2000 137 8 442 2000
2847 2096 2895 2880 2820 2885 2758 2888 2891 2894 2863 784 2897 2835 2900 2896 2899 2875 2396 2874 1759
47 1123 4 37 29 2 29 1 8 14 16 2000 1 1 1 1 1 41 178 8 2000
2880 2096 2947 2949 2758 2913 2891 2925 784 2931 2951 2934 2396 1759
30 1016 5 8 71 101 7 53 2000 17 2 3 561 2000
2096 3010 3012 2758 2913 2985 2925 2959 784 2934 3000 2396 3006 1759
1102 1 1 50 102 17 162 2 2000 35 20 627 2 2000
2944 2096 2946 2943 2758 2913 2925 784 2945 2947 2934 2939 2396 1759
11 1292 3 12 46 102 274 2000 1 1 57 11 333 2000
2096 2978 2939 2975 2949 2758 2913 2925 2990 784 2993 2992 2979 2996 2997 2934 2969 1759 2396 2995 2943
1561 36 69 7 60 69 24 215 17 2000 3 5 11 1 3 22 15 2000 181 2 104
2096 2978 2992 2949 2758 2913 3057 3061 3056 2925 784 3025 3058 3059 2997 3009 2939 2396 2979 1759
1491 41 24 40 167 78 2 3 32 77 2000 3 6 4 85 29 167 263 4 2000
2096 2978 2992 3076 2949 2758 3009 2925 784 3057 3059 3077 3065 3078 2939 2396 1759
1889 138 4 5 110 37 3 14 2000 37 40 5 6 1 37 75 2000
2096 2978 2949 2758 3105 3123 3118 3119 784 3057 3059 3095 3129 2939 2396 3133 3134 1759
1778 298 190 66 93 5 16 9 2000 82 2 93 11 66 222 4 1 2000
2096 2978 2949 3137 3105 3152 2396 3143 3138 3118 784 3057 3095 3161 3162 3164 3165 1759
1993 472 200 22 146 5 7 48 80 72 2000 93 146 1 1 4 2 2000
2096 2978 3227 2949 3137 3169 3230 3231 3138 3118 784 3057 3214 3095 3224 3167 3228 3105 3206 1759
2000 507 2 246 11 78 1 1 13 296 2000 13 14 17 6 36 1 17 4 2000
2096 2978 3267 2949 3169 3248 3263 3118 784 3250 3284 3167 3261 3262 1759
2000 639 4 81 132 5 13 417 2000 144 1 134 9 29 2000
2096 2978 3339 2949 3334 3169 3338 3248 3340 3263 3118 784 3321 1759 3262 3167
2000 727 3 66 5 52 15 54 1 82 396 2000 16 2000 45 135
2949 3338 3376 784 3347 3353 3248 2978 3367 3118 2096 3379 3384 1759 3388 3262 3263 3393 3394 3395 3396 3398 3402 3404 3406 3407 3167
24 32 2 2000 62 20 10 680 6 568 2000 4 5 2000 3 115 327 1 18 16 4 4 2 1 1 2 10
2096 2978 3395 3460 3461 3462 3431 3465 3338 3118 3439 784 3167 3263 3262 1759
2000 760 134 9 1 1 10 4 38 611 17 2000 42 230 178 2000
2096 2978 3395 3495 3167 3499 3118 784 3507 3487 3513 1759 3498 3517 3262 3263
2000 610 49 1 262 7 692 2000 5 14 2 2000 3 5 70 429
2096 2978 3553 3559 3562 3167 3563 3564 3118 784 3539 3487 1759 3530 3262 3263
2000 947 1 19 5 487 2 5 731 2000 30 26 2000 26 51 169
3539 2096 2978 3590 3559 3594 3263 3118 784 3571 3616 3606 3607 3615 1759 3613 3614 3167
15 2000 1308 12 79 33 77 248 2000 59 1 7 9 3 2000 6 1 1064
784 2978 3559 3657 3659 3263 3118 3661 2096 3662 3642 3167 3645 1759
2000 1480 328 36 26 13 52 3 2000 4 5 1206 48 2000
2096 2978 3715 3716 3718 3559 3721 3659 3714 784 3704 3698 3699 3668 3701 3702 3711 3706 3167 1759
2000 1060 8 10 4 358 3 70 7 2000 42 10 5 24 34 6 7 10 876 2000
2096 2978 3747 3559 3659 3756 3751 3757 784 3763 3701 3766 3704 1759 3759 3167
2000 1019 2 268 90 30 14 9 2000 8 43 1 90 2000 5 741
2096 2978 3803 3751 3814 3559 3659 3815 3757 3822 3791 784 3825 3794 3827 3701 3704 3826 3167 3806 1759
2000 1002 19 43 7 334 137 1 75 3 4 2000 9 6 2 74 137 4 721 22 2000
2096 2978 3659 3846 3559 3867 3751 3851 3757 784 3826 3701 3704 3858 3167 3868 1759
2000 1141 97 8 179 9 23 24 170 2000 20 64 97 2 1005 8 2000
2096 2978 3907 3876 3909 3910 3559 3899 3903 3877 3757 3886 784 3906 3826 3891 3701 1759 3868 3167
2000 1099 11 14 10 10 70 10 2 9 104 61 2000 3 24 24 4 2000 12 997
2096 2978 3907 3876 3935 3952 3559 3916 3757 3886 3949 784 3953 3950 3899 3945 3918 3167 1759
2000 1054 32 62 21 1 15 49 140 43 6 2000 2 2 1 5 1 947 2000
3969 3972 3981 3982 3983 3984 3986 3987 3989 2978 3876 3757 3886 2096 1759 3916 3167 784 3945 3954 3956 3966
17 15 6 4 6 1 1 2 1 875 44 123 33 2000 2000 98 831 2000 35 2 2 8
4064 2096 2978 4035 3876 4006 4042 3916 3757 784 4018 1759 3996 4062 3167
2 2000 779 79 142 1 4 5 130 2000 35 2000 14 3 637
2096 2978 4100 4104 4107 3757 4110 4111 784 4018 4115 3876 1759 3167
2000 614 17 11 10 26 10 14 2000 136 1 54 2000 560
2096 2978 4146 3876 4135 3757 784 4145 4018 4119 3167 1759
2000 753 1 19 12 47 2000 23 204 3 734 2000
2096 2978 4196 4150 4198 4199 4169 3757 4173 784 4145 4018 4148 4182 4184 3167 1759
2000 1028 5 7 3 2 18 223 10 2000 24 74 19 68 2 1028 2000
784 2978 4214 4208 3757 4173 2096 4145 4018 4148 4213 4150 4212 4186 3167 1759
2000 861 2 13 35 41 2000 111 228 1 2 22 1 16 861 2000
2096 2978 4260 4242 4241 4258 4265 4266 4263 4173 784 4145 4018 1759 4253 3167
2000 1096 5 30 23 3 2 2 2 160 2000 78 284 2000 3 1096
2096 2978 4145 4274 4173 784 4273 4018 3167 1759
2000 1061 80 6 275 2000 5 524 1061 2000
4320 2096 2978 4283 4326 4327 4321 4173 4319 784 4145 4018 3167 4318 1759
25 2000 861 48 1 2 1 335 30 2000 11 694 861 13 2000
4320 2096 2978 4283 4173 4368 4333 784 4369 4018 4372 1759 3167
6 2000 690 206 399 18 257 2000 3 617 1 2000 690
2096 2978 4283 4422 4428 4426 4402 4410 4333 4368 4173 784 4018 4430 4374 4377 4427 3167 4431 4413 1759
2000 453 111 11 1 9 8 15 366 48 155 2000 404 1 16 16 5 453 2 6 2000
