3 6 45 49 18 52 54
175 158 10 7 9 1 2
67 68 18 3 84 85
4 14 6 100 5 3
128 104 108 113 121 122 123 126
1 92 19 4 6 6 1 1
104 144 149 134
67 6 4 8
192 194 163 196 197 104 169 175 178 195 151
2 5 21 1 1 8 27 3 25 2 141
224 194 200 233 235 205 238 240 178 151
15 2 2 12 1 8 8 2 54 61
257 268 178 275 276 278 279
53 19 45 5 13 2 2
291 299 300 178 303 305 306 280
29 10 28 29 8 4 3 66
327 332 338 336 344 178 309 280 341
9 1 24 46 2 130 25 109 1
384 385 388 389 390 327 349 178 280 381
1 8 1 5 1 49 14 56 267 4
385 327 424 397 430 349 178 280 429 431 413
90 28 19 18 15 14 91 217 9 1 28
480 385 483 487 327 424 490 491 397 440 472 178 439 280 413 479
29 36 20 1 235 27 6 1 16 3 6 27 90 446 235 10
480 472 327 490 525 527 528 504 531 439 280 413
219 12 304 37 10 9 2 22 2 105 347 304
480 546 554 548 582 327 490 599 413 579 595 565 439 280 601 602 541
230 14 127 12 2 466 28 3 466 9 20 21 97 174 3 1 32
480 640 327 616 632 554 541 625 595 439 280 639 413 638 607
573 1 660 4 2 104 21 5 49 43 49 7 660 5 9
480 701 327 554 651 413 659 661 694 696 697 700 541 702 703
569 4 763 60 1 763 26 23 15 3 1 4 120 1 1
480 738 741 327 712 745 715 743 413 661 697 541
663 3 2 862 102 4 16 1 862 45 15 182
480 327 712 413 752 795 796 541 798
825 840 18 840 90 1 1 43 2
480 327 712 841 842 844 845 541 752 840 824 413
684 684 102 4 14 4 2 31 33 1 10 684
480 898 900 901 327 712 842 883 886 824 413 894
499 5 7 5 499 162 32 12 23 35 499 26
480 930 899 933 327 712 842 912 920 413
372 4 7 3 372 127 180 38 9 372
480 930 935 712 842 327 972 912 985 986 987 413
169 19 151 288 121 169 10 162 1 2 2 169
480 989 930 1029 1040 935 712 842 327 1005 1038 1037 912 1011 1013 1046 413
261 16 3 20 2 165 517 14 261 95 16 18 230 53 8 2 261
480 1075 1029 1089 935 712 1088 327 1038 989 912 1011 1076 1077 1079 413 1054 1087
170 8 108 1 34 256 1 170 68 65 363 108 13 13 1 170 88 2
480 1075 1090 1131 1029 327 712 1133 1132 1122 1038 413 912 1105 1138 1011 1134 1137 1135 989 1054
421 2 52 1 118 421 221 2 5 16 39 421 384 56 3 118 6 2 3 299 11
1029 912 1178 1179 413 1182 1189 1192 1193 1196 1197 1200 1201 1203 1090 327 712 1105 989 480 1132 1138 1011
66 463 7 14 257 15 2 4 1 5 1 2 3 1 55 257 80 37 68 257 95 10 66
480 1090 1029 327 712 1226 1132 989 912 1105 1234 1011 1236 1237 1238 1239 1240 1231 413 1189
370 73 40 370 40 11 25 29 207 56 12 40 8 1 2 3 2 4 370 3
480 1281 1090 327 1288 1289 1287 1262 912 1105 1234 1236 1275 413 1278
108 7 50 108 8 10 16 60 343 260 27 17 3 108 2
480 1090 327 1329 1262 912 1105 1236 413
95 67 95 2 134 456 213 1 95
480 1319 1090 1315 1284 1317 1318 327 1320 1321 1265 1262 912 1105 1298 1301 1305 1316 1308 413 1311
141 2 32 2 9 9 2 141 1 2 18 45 664 125 40 13 3 2 14 141 5
1090 1284 1361 1353 1356 1262 912 1105 1298 1364 1366 1308
93 57 8 14 18 161 757 162 192 7 1 133
1409 1442 1284 1361 1416 1420 1426 1262 1423 912 1105 1298 1438 1441 1432 1437 1406 1439
16 1 23 33 5 16 8 129 30 860 164 311 2 1 7 7 45 1
1409 1443 1284 1473 1481 1482 1262 1423 912 1105 1298 1456 1460 1476 1406
152 54 65 16 5 2 198 127 616 543 125 2 19 13 29
1409 1284 1542 1514 1262 1423 912 1105 1298 1460 1540 1534
71 25 7 3 290 90 546 406 269 14 7 18
1568 1409 1571 1579 1580 1581 1262 1423 912 1105 1298 1582 1551 1563
34 29 11 7 2 1 375 47 365 314 51 3 8 36
1568 1409 1571 1609 1610 1262 1551 912 1105 1586 1423 1563 1630
11 317 66 29 38 354 131 117 407 37 3 23 1
1409 1699 1701 1704 1609 1677 1262 1551 912 1105 1586 1682 1705 1688 1680 1691 1694 1669
264 7 2 4 27 14 433 250 159 352 31 13 4 1 16 9 4 21
1409 1704 1609 1707 1262 1551 912 1105 1716 1717 1718 1719 1720
280 4 45 11 501 162 5 357 2 3 8 9 3
1409 1262 1551 1105 1618 1622 1624 1626 1627 1628
258 731 512 319 14 11 6 4 5 1
1409 1644 1262 1551 1105 1654 1624 1626
9 4 1271 775 9 1 10 56
1635 1658 1262 1551 1649 1651 1653 1624 1626 1659 1661
10 1 1742 1093 5 34 11 47 73 1 3
1664 1665 1635 1668 1669 1709 1262 1551 1714 1651 1719 1626 1723 1722
83 3 69 48 53 21 1916 1198 1 97 1 265 1 2
1664 1760 1635 1668 1773 1262 1551 1774 1752 1626 1755 1775
179 67 87 7 1 1898 1657 1 26 465 3 1
1664 1635 1816 1262 1551 1809 1811 1752 1817 1626 1775 1786
323 14 4 1867 1532 11 9 31 1 497 52 28
1664 1857 1858 1828 1856 1262 1551 1752 1811 1844 1845 1816 1860 1626
125 2 2 3 2 1775 1389 28 43 13 19 45 2 456
1664 1888 1915 1900 1901 1262 1551 1910 1913 1626 1883 1914
88 24 1 19 70 1884 1503 38 2 414 77 2
1664 1888 1963 1924 1967 1958 1959 1928 1965 1949 1931 1901 1262 1551 1955 1966 1626 1883 1917 1950 1951
176 47 1 57 2 1 3 28 2 2 43 14 1658 1386 1 2 543 116 49 1 7
1664 2031 1928 1262 1551 2032 2033 2003 2036 2030 2006 1626 1883 2035
95 4 118 1732 1191 3 4 72 1 18 6 272 463 2
2083 1928 2089 2090 2091 1262 1551 2003 2030 1626 1883
2 46 2 4 3 1844 1117 39 33 255 442
2134 1928 2089 1262 1551 2003 2126 2121 2135 1626 1883 2108
4 96 170 1799 1110 62 2 35 5 149 423 39
2176 2177 2179 1928 2089 2156 1262 1551 2162 2134 2168 2137 1626 1883 2172
4 1 1 60 61 4 1766 1075 19 3 6 5 378 515 1
2240 2209 2244 2246 2183 2241 1262 1551 2196 2229 2134 2232 1626 1883 2236 2239
1 40 2 1 17 1 1598 1359 59 2 58 6 462 783 7 3
2209 2283 2276 2247 2281 2183 2284 2285 1262 1551 2257 2196 1626 1883
11 2 1 118 4 39 1 4 1857 1506 37 8 585 487
2336 2247 2183 2284 1262 1551 2319 2289 1626 1883 2300 2333 2334
3 414 39 58 1880 1580 12 11 500 909 9 1 2
2371 2247 2377 2284 1262 2319 2382 1551 2361 1626 1883 2367
2 513 14 17 1898 79 3 1754 4 298 1011 13
2402 2411 2247 2408 2377 2410 2407 2284 2381 1262 2319 2389 1551 1626 1883 2397 2367
3 3 501 1 10 2 19 213 11 1902 154 5 1771 283 948 14 11
2459 2247 2407 2284 1262 1551 2319 2417 2456 2457 1626 1883 2461 2458 2431
1 508 36 184 1964 1866 139 7 1 10 242 1195 2 4 59
2464 2247 2510 2475 2284 1262 2319 2488 2514 2485 1551 1626 1883
29 602 1 73 418 2000 93 29 8 4 1937 440 1042
2464 2528 2562 2523 2247 2569 2475 2284 2573 1262 1551 2319 2514 2563 2574 2537 1626 1883 2578 2558
11 19 5 53 598 2 90 470 5 2000 1765 102 112 3 3 1 464 987 2 3
2528 2619 2523 2596 2247 2569 2475 2284 1262 1551 2319 2514 2615 2616 1626 1883 2620
98 10 118 30 676 30 125 636 2000 1576 1 512 17 8 66 1038 1
2528 2667 2247 2569 2671 2475 2284 1262 1551 2514 2670 2616 2650 1883 1626 2523
26 20 810 209 5 109 790 2000 1674 557 10 26 41 1380 22 137
2523 2247 2667 2569 2698 2475 2284 2727 1262 1551 2729 2514 2706 2711 2650 1883
204 1099 5 194 23 212 1094 2 2000 1817 3 839 2 4 4 1401
1883 2763 2247 2569 2667 2284 1262 1551 2768 2769 2514 2771 2523 2475
1613 12 1278 161 42 1236 2000 1777 3 1 721 2 55 109
2817 2820 2821 2823 2824 2569 1551 1883 2475 2825 2247 2514 2778 2523 2781 2787 2794 2667 2284 1262 2799 2807 2815
3 4 2 1 1 202 1952 1787 18 1 1452 1094 1 147 62 32 32 109 1343 2000 13 7 3
2831 2848 2787 2820 2854 2247 2667 2569 2794 2475 2284 1262 1551 2514 2838 2807 2843 2841 1883 2781
141 11 62 109 6 1141 70 351 33 280 1071 2000 1968 1036 18 40 9 12 1688 117
2831 2913 2475 2902 2860 2247 2569 2794 2667 2284 1262 1551 2865 2514 2787 2838 2905 2841 1883 2781 2910
67 2 290 2 20 1308 300 62 141 1167 2000 2000 40 1167 51 12 1 14 1710 51 3
2667 2247 2569 2794 2475 2284 2957 1262 1551 2865 2514 2963 2964 2933 1883 2781
124 1146 333 59 428 1022 7 2000 2000 124 1022 2 2 1 1572 93
2667 2991 2247 2569 2475 2284 1262 1551 2992 2865 2514 2999 3002 1883 3004 2781
232 19 1179 184 430 947 2000 2000 11 132 947 7 14 1570 1 207
2993 2475 2991 2247 2569 2667 2284 2994 1262 1551 2865 2514 2995 2999 3000 3001 1883 2781
1 369 24 1376 141 412 964 2 2000 2000 214 964 5 1 2 2 1631 114
3009 3025 2475 2247 2569 3021 2667 2284 3026 1262 1551 2865 2514 2995 3028 3030 1883 2781 2994 3020
61 5 454 1514 9 17 648 866 4 2000 2000 99 866 42 4 3 1546 23 5 12
3009 2667 3073 2247 3087 3052 3082 2475 2284 3085 1262 1551 3083 2865 2514 2995 3086 3080 1883
20 397 16 1718 3 13 4 282 1321 3 2000 2000 6 91 1321 119 1 1 1718
3073 2284 1551 3103 3104 2475 2995 3143 3132 3135 3138 3142 2247 3146 3152 3153 2514 3155 3156 1883 2667 3052 1262
14 1544 2000 45 39 134 357 49 18 19 53 22 1866 5 4 5 1544 1 3 1866 322 31 2000
3200 3073 2284 1551 3103 2475 2995 3143 3138 3142 2247 3146 2514 3161 1883 3166 2667 3052 1262 3183 3190 3191 3196
2 153 1608 2000 63 98 480 24 105 12 1902 94 1608 64 1902 43 294 20 2000 25 2 12 1
3073 3138 2475 3236 3238 2247 3240 3233 3146 2667 2284 1262 1551 2514 2995 3161 3143 1883
53 383 109 37 5 1891 3 1 96 142 1749 2000 2000 1749 699 20 38 1891
3138 2475 3236 3301 3302 2247 3146 2667 2284 3298 1262 1551 3281 2514 2995 3291 3288 3161 3143 1883 3293
422 50 63 1 1 1950 15 68 1882 2 2000 2000 13 1882 940 12 2 17 68 1950 4
3138 3236 3333 3338 2247 3337 3146 2667 2284 1262 1551 3313 2514 2995 3332 3143 1883 3325 3327
409 14 2 2 2000 8 166 30 1970 2000 2000 13 1970 729 3 30 2000 4 5
3138 3332 3365 2247 3146 2667 2284 1262 1551 2514 2995 3381 3383 3143 1883 3333
258 53 5 2000 295 52 1948 2000 2000 1948 800 22 3 52 2000 20
3447 3138 3439 3332 2247 3443 3146 2667 2284 3442 1262 1551 2514 2995 3444 3446 3415 3143 1883 3423
1 98 4 230 2000 8 219 82 1918 7 2000 2000 1918 450 11 5 16 82 2000 13
3489 3138 2667 3332 2247 3146 3463 2284 1262 1551 2514 2995 3143 1883 3484 3485 3487
1 80 44 442 2000 180 115 1956 2000 2000 1956 426 44 2000 18 16 1
3332 3526 3494 2247 3535 3529 3146 3531 2284 3533 1262 1551 3505 2514 2995 3534 3510 3512 1883 3484
370 3 14 2000 5 2 238 6 2000 1 2000 2000 1 2000 314 4 15 32 2000 160
3552 3554 3332 3557 3526 2247 3558 3146 3531 2284 1262 1551 2514 2995 3556 1883 3484 3550
4 1 603 4 63 2000 4 126 25 2000 2000 2000 2000 178 1 2000 252 7
3332 3558 3526 2247 3146 3531 2284 3597 1262 1551 2514 2995 3598 3588 1883 3484 3581 3582
431 106 202 2000 125 106 2000 5 2000 2000 2000 293 1 1 2000 210 31 136
3643 3611 3332 3558 3526 2247 3644 3146 3531 2284 1262 1551 2514 2995 3636 3641 1883 3484 3645 3582
5 10 472 68 158 2000 3 68 68 2000 2000 2000 2000 185 13 1 2000 354 1 186
3696 3675 3332 3526 3558 2247 3146 3531 2284 1262 1551 3664 3697 2514 2995 3694 3695 3684 1883 3484 3582
5 6 490 48 162 2000 162 162 2000 2000 2000 70 1 2000 96 2 2 3 2000 381 103
3332 3558 2247 3721 3146 3531 2284 3730 1262 1551 2514 2995 3734 3737 3738 1883 3484
468 17 2000 12 17 17 2000 9 2000 2000 2000 67 2 20 1 2000 896
3779 3332 2247 3784 3788 2284 1262 1551 3792 3752 2514 2995 3790 3795 3721 1883 3484
31 377 2000 4 19 2000 2000 2000 2 1 2000 50 5 6 44 2000 850
3841 3332 3850 3851 3853 3854 1551 3484 2995 3779 2247 2514 3795 1883 3813 3818 2284 1262 3823 3828 3831 3836
4 494 4 2 2 1 2000 693 180 48 2000 2000 296 2000 8 8 2000 2000 8 80 1 6
3872 3887 3332 3894 2247 2284 3897 1262 1551 2514 2995 3828 3795 3895 3891 3898 1883 3484
1 1 698 4 2000 2000 2 2000 2000 2000 77 169 428 4 1 2 2000 508
3937 3332 3910 2247 2284 3922 1262 1551 2514 3795 3828 3926 1883 3484 2995 3935
3 672 48 2000 2000 41 2000 2000 2000 362 217 4 2000 328 125 10
3984 3970 3332 2247 3981 2284 3922 1262 1551 3952 3985 2514 3795 3828 3987 3983 3994 1883 3484 2995 3967
11 21 716 2000 3 2000 97 2000 2000 41 8 2000 505 505 2 10 3 2000 230 68 21
3332 1551 3484 3952 1883 4011 2995 4025 4031 2247 4041 4045 4046 4048 4050 3795 4053 4054 3983 2284 3922 1262 2514 3828
1194 2000 74 3 2000 29 19 17 14 2000 57 3 3 1 4 1121 1 2 178 2000 192 2000 2000 1121
4098 4099 3332 4102 4103 1551 4100 3484 1883 2995 2247 3922 3795 3983 4070 2284 2514 1262 4080 3828 4085 4091
5 3 999 1 5 2000 2 11 2000 407 2000 167 999 167 29 2000 2000 2000 59 999 39 12
4099 3332 4103 1551 4130 1883 4143 2995 4148 4151 4152 4155 4156 4157 2247 3922 3795 3983 2284 2514 1262 4080 3828
30 678 54 2000 34 2000 1 410 8 4 1 2 1 1 2000 127 678 127 2000 2000 2000 169 678
3332 2247 4103 2284 3922 1262 1551 4080 4177 2514 3795 3828 4181 4185 3983 4180 4167 1883 4188 2995
800 2000 91 2000 172 2000 2000 433 48 2000 800 800 3 2 172 31 6 2000 10 707
4228 4103 4232 4236 4237 1551 4240 4243 4244 4245 4246 4247 3332 1883 2995 2247 2514 3795 4180 3983 4202 2284 3922 1262 4080 3828 4220
48 108 26 12 6 2000 10 3 2 1 3 1 776 2000 557 2000 2000 776 94 32 18 2000 32 2000 578 776 16
4228 4103 4232 1551 3332 1883 4267 2995 4286 4287 4288 4289 4291 2247 3922 3795 4180 3983 2284 2514 1262 4080 3828 4220
72 247 33 2000 716 2000 72 597 2 4 4 2 2 2000 38 716 138 38 2000 2000 2000 392 716 38
3332 4103 4232 1551 4334 1883 4267 2995 4292 2247 4297 3922 3795 4180 3983 2284 2514 1262 4080 3828 4341 4220
765 364 21 2000 41 2000 136 706 21 2000 26 47 765 201 47 2000 2000 2000 354 765 5 47
3332 4357 4103 4232 1551 4369 4292 4379 4384 4389 4391 4393 4267 4396 4397 2995 3983 2247 4297 4367 3922 3795 4180 1883 2284 2514 1262 4080 3828 4347 4220 4349
609 5 330 1 2000 20 1 13 5 9 3 1 160 4 4 906 86 2000 8 3 86 609 237 2000 2000 2000 2000 193 609 52 86 3
3332 4103 1551 4379 4267 4397 4399 2995 4468 2247 4432 2514 3795 4180 1883 4450 4451 4453 4457 2284 1262 4463 4080 4465 4466 3828
661 477 2000 73 385 38 5 879 4 2000 7 2000 661 164 2000 44 13 37 7 2000 2000 7 184 4 1 661
