0 1 3
2 1 1
0
1
2 3 4
1 1 3
0
1
0
1
6 7
1 2
8 7
1 1
3 4
1 1
0 2
2 2
0 1
2 1
0
1
1 2
1 1
0
2
6 7
1 2
0
2
0 4
1 1
0 1 2 3
1 2 2 2
8 2 4 6 7
2 4 4 1 2
2
1
0 4
4 3
6 7
1 2
20
1
2
8
3
1
0 1
2 1
1 2
3 1
24 19 21
3 1 2
0
1
3
2
9
1
0 2
1 1
11 9 10 7 1
1 1 1 1 3
0
2
11 10 3 6
1 1 4 3
1
1
2
2
0
2
2 3
2 1
0
1
2
2
0 1 2
1 1 1
4 5 6
1 1 1
3 4
2 1
0
4
10
2
6
4
13
2
8 7
1 1
4
1
1 2
2 2
0 3
2 2
0
2
16
1
13 14 15
1 1 1
5
2
5
2
8 6 13 14
2 1 1 2
0
1
2 5 6
1 1 2
3 4
1 1
0 2
1 1
2 4
1 1
1 3
1 1
0 1
3 1
10 13
3 2
1
1
1
1
0 1
1 1
