9 10 11 15 16 17 23 24
44 31 11 5 17 1 1 1
39 9 42 45 51 52 22 24
36 81 18 4 1 12 10 17
96 91 73 49 86 9 59 93 94
1 2 4 271 1 91 31 2 7
100 145 136 9 138 151 49 148 149 150 137 152 91
82 8 54 10 75 1 226 3 1 3 5 3 103
161 196 167 200 9 193 49 180 137 185 91
22 14 14 1 110 14 74 20 3 3 174
161 251 261 167 264 9 273 205 207 208 271 274 275 276 215 91 252
8 18 15 166 10 57 2 39 29 22 7 2 2 2 30 210 6
261 167 328 300 205 207 303 336 309 333 215 91
34 48 3 89 99 12 5 1 8 5 27 197
383 385 386 261 360 395 333 205 371 215 376 91 381 389
4 5 21 146 7 1 146 49 3 49 7 93 3 6
448 451 261 454 205 333 436 215 443 444
3 1 74 2 121 74 2 25 2 13
482 261 456 521 522 523 524 333 463 205 501 525
25 54 54 3 10 1 3 54 27 48 27 1
545 261 551 456 522 333 558 463 530 563 564 536
66 206 7 76 30 206 11 13 1 2 4 37
261 522 620 621 333 593 536
81 1 3 3 81 47 7
625 667 668 670
23 5 3 2
704 709 730 667 668 733
5 5 20 84 7 1
752 744 742 751
3 1 1 1
802 804 805 742 775 776 781 783 789
10 5 2 14 6 44 20 35 20
836 742 839 809 811 815 854 855 856 859 861
22 9 40 20 4 4 14 9 1 13 1
869 742 839 880 854 855 889 891 892 894
22 2 19 15 54 2 1 13 3 1
928 869 839 854 921 924 926 927
1 143 11 36 9 3 2 1
960 967 968 937 972 973 943 949 956
6 14 24 25 1 1 1 12 18
967 937 1004 981 1016 1019
207 10 33 28 34 3
1025 1018 1030 1038 967
50 50 4 2 122
1048 1064 1027 1070
30 1 109 5
1120 1122 1027 1124 1127 1098 1131 1132 1133 1134 1135 1073 1106 1112 1115 1084 1117 1118 1119
2 3 93 8 8 74 3 2 1 7 2 14 30 22 46 10 3 2 3
1217 1122 1027 1194 1195 1218 1112 1106 1206 1176 1115 1212 1213 1150
4 13 130 26 7 2 58 167 15 40 18 20 16 48
1248 1027 1221 1257 1266 1262 1176 1106 1272 1270 1271 1112 1213 1150
18 33 44 25 5 7 1 305 3 5 3 72 43 78
1314 1315 1284 1221 1293 1304 1106 1301 1302 1112 1307 1309
1 2 3 82 65 18 310 12 3 82 29 7
1344 1347 1317 1350 1329 1106 1336 1307 1343
3 5 62 1 1 250 18 11 2
1376 1377 1317 1353 1106 1366 1336 1370 1374 1375
2 2 56 51 286 2 25 6 2 2
1317 1353 1418 1432 1106 1428 1431 1336 1433 1434 1435 1436
50 56 9 1 190 5 7 89 1 1 1 3
1446 1353 1418 1451 1455 1457 1106 1459 1429 1462 1463 1336 1439
20 68 7 2 2 14 24 3 27 2 2 108 1
1506 1529 1353 1482 1485 1518 1517 1528 1106 1523 1522 1525 1526 1513 1336 1497 1501 1502 1503
27 2 152 79 155 21 15 4 15 5 2 3 8 3 248 79 27 6 13
1573 1353 1482 1579 1517 1582 1485 1586 1587 1518 1577 1336 1497 1563 1597
14 49 20 27 44 23 5 11 15 71 3 34 20 57 1
1573 1607 1353 1485 1582 1517 1616 1586 1587 1588 1336 1615
13 14 97 116 71 27 1 9 38 59 13 22
1639 1641 1642 1485 1582 1517 1588 1629 1631
1 9 3 96 6 56 96 18 8
1665 1699 1700 1703 1704 1705 1706 1707 1517 1485 1681 1588 1709 1688 1689
24 1 14 1 3 2 4 1 15 14 4 14 1 5 17
1760 1761 1745 1739 1485 1742 1517 1681 1588 1719 1720 1721 1754 1743 1756 1757 1758
5 1 7 6 90 39 108 108 90 30 19 41 3 6 12 9 3
1795 1799 1788 1739 1742 1808 1811 1812 1781 1720 1721 1756 1813
7 22 51 24 23 14 9 6 6 28 6 106 5
1856 1858 1861 1742 1848 1817 1852
4 4 5 30 28 43 51
1848 1852 1885 1894 1895
52 22 6 3 2
1872 1867 1861 1871
2 9 6 1
1901 1903 1905 1912 1915 1916 1917 1918 1887
11 44 17 3 5 6 3 1 34
1955 1959 1961 1963 1964 1946 1887 1919
1 3 2 1 1 2 67 38
1987 1988 1989 1991 1992 1966 1977 1979 1887
102 3 1 4 2 66 4 100 67
1987 2028 1966 2031 1979 2013 2014 1887
163 1 83 2 68 5 20 39
1987 2057 2059 2060 1966 1979 1887
32 14 2 3 148 91 70
2112 2107 2119 2059 2124 1966 2130 2131 2132 2105 1979
17 2 10 120 22 200 1 3 4 2 130
2119 2152 2154 2059 2156 2157 1966 2159 2161 2158 2137 2138 1979
44 2 1 145 4 2 159 4 4 3 14 5 235
2210 2211 2212 2119 2190 2059 2156 2207 1966 2195 2206 1979 2204 2205 2174 2197
1 1 1 20 1 45 21 3 284 20 11 297 2 6 6 3
2241 2242 2243 2244 2245 2119 2059 2156 1966 2222 2232 1979
1 5 3 2 2 129 120 54 412 28 21 453
2272 2059 2247 2252 2119 2156 1966 2258 2262 2232 1979
1 65 57 36 103 123 584 18 9 35 158
2274 2119 2281 2282 2059 2156 1966 2296 2293 2232 2298 1979 2284 2247
26 183 11 5 63 16 740 2 3 55 2 83 4 28
2119 2059 2348 2317 1966 2354 2324 2357 2358 2359 2232 1979 2334
211 27 4 101 1290 2 6 5 5 1 47 47 2
2400 2427 2119 2386 1966 2317 2354 2421 2422 2426 2363 2428 2429 2398
7 2 222 67 1449 116 71 6 4 2 24 1 1 2
2436 2119 2472 2441 2317 1966 2480 2481 2354 2484 2478 2473 2485
15 126 28 36 109 1586 2 4 62 1 8 3 1
2119 2472 1966 2354 2484 2493
184 106 1247 474 1 6
2119 2472 2546 1966 2513 2354 2550 2553 2521 2554 2555
176 451 12 1578 12 458 2 12 11 7 1
2561 2119 2472 2569 2571 2572 2573 1966 2354 2567 2554
10 134 342 3 2 2 1 1557 674 6 347
2624 2625 2626 2628 2629 2119 2472 2601 2605 1966 2354 2612 2554 2589
13 6 7 6 2 402 625 32 43 1476 604 2 342 80
2624 2625 2699 2628 2119 2472 2601 2698 2667 2700 2605 1966 2701 2354 2554
28 24 2 24 331 650 84 1 8 11 128 1645 2 661 431
2624 2625 2754 2747 2628 2757 2119 2472 2601 2605 1966 2733 2736 2354 2755 2709 2756 2554 2715 2735 2751
102 138 4 13 138 2 386 579 190 97 1512 14 10 741 1 14 2 585 14 34 4
2624 2625 2628 2790 2119 2472 2601 2785 2797 1966 2792 2354 2803 2804 2805 2807 2809 2554 2715 2810
232 17 17 7 454 530 231 6 13 1440 2 679 2 2 5 1 2 553 39 2
2817 2822 2830 2838 2840 2715 2847 2852 2472 2601 2859 1966 2354 2870 2871 2872 2624 2625 2628 2119 2785 2805 2554 2815
20 165 29 15 10 27 4 31 300 92 7 1249 857 5 1 2 364 25 25 677 55 40 638 102
2624 2785 2885 2822 2119 2472 2898 1966 2354 2805 2554 2911 2908 2906 2815
522 21 4 186 870 134 85 1130 996 183 963 1 28 6 196
2624 2785 2822 2119 2472 1966 2960 2961 2354 2805 2935 2554 2939 2815
732 12 84 1003 12 997 12 1 985 239 89 985 11 246
2822 2974 2978 2472 2985 2354 1966 2992 2994 2999 2624 3009 3011 3012 3013 3014 2119 2785 2805 2935 2554 2815
109 6 7 20 21 1301 1321 3 4 5 368 4 7 5 3 1 679 20 166 35 1301 236
2624 2822 2119 3031 3053 1966 2354 2805 2935 2554 2974 2815
463 66 662 62 4 1338 1338 60 12 1338 105 182
2624 2822 2119 3113 3116 3117 1966 3053 2354 3031 2554 2974 2815
228 6 702 6 5 3 1298 22 1298 18 1298 49 474
2624 2119 3122 1966 3152 2354 3155 3156 3157 3158 3160 2554 2974 2815
297 695 21 1305 1 1305 5 1 1 2 2 1305 90 398
2624 3200 3205 3206 2119 3212 3213 1966 2354 3192 2554 3164 2815
375 45 4 14 482 1 2 1518 1518 41 1518 32 107
2624 3264 3275 3236 2119 3273 3279 3243 1966 3247 2354 3278 3255 2554 3227 3271 2815
250 36 1 119 518 1 1 27 1482 8 1482 3 8 1482 28 7 268
2624 3264 3299 3236 2119 3304 3305 3309 1966 2354 2554 3295 3294 2815
305 47 3 214 436 3 15 2 1564 1564 1564 22 17 131
3264 2624 3236 2119 3304 3337 3338 1966 3344 3345 2354 3347 3349 3351 3352 2554 3294 2815
56 559 44 658 59 21 2 1342 12 9 1342 2 2 1 1 1342 52 99
3264 2624 3365 2119 3304 3415 1966 3407 3392 2354 3408 3414 3351 3384 2554 2815
98 615 47 813 123 5 1187 2 11 1187 6 28 34 23 1187 198
2624 3264 3447 3456 3431 3304 2119 1966 3408 3441 2354 3443 3444 3446 3351 2554 3422 2815
983 39 5 6 40 238 1022 978 2 1 978 22 8 6 9 978 98 39
2624 3460 2119 3304 3465 1966 2354 3479 3481 2554 3483 3485 3422 3487
1284 24 1284 184 1 716 716 36 53 716 45 7 317 4
2624 3460 3494 2119 3304 3499 3506 1966 3503 3504 2354 3481 2554 3483 3485 3422
783 110 4 783 531 5 1 1217 28 1 1217 136 1217 10 6 63
2624 3552 3554 3460 2119 3304 1966 3503 2354 3553 3481 2554
620 8 1 103 620 497 1380 97 1380 2 333 1380
3587 3460 3600 3603 3604 3606 3481 3609 3611 3613 3614 3615 1966 3503 2354 2624 2119 3304 3566 3571 2554 3583
8 59 12 9 10 2 136 1 2 5 1 1 1347 59 1347 653 653 350 10 47 1347 15
2624 3460 3673 2119 3304 1966 3503 3600 3656 2354 3571 3669 3670 3671 3672 3481 2554 3644 3642 3646
593 82 2 593 325 1407 82 166 8 1407 107 2 2 14 1 122 1407 37 40 10
2624 3682 3460 2119 3304 3692 3693 1966 3503 3600 3656 2354 3571 3674 3481 3642 2554 3684
800 4 235 800 164 1 1 1200 235 139 8 1200 19 40 23 157 1200 1
2624 3714 3715 3460 2119 3304 1966 3503 3600 3729 2354 3571 3733 3735 3481 3642 2554 3710
420 48 24 169 420 292 1580 169 150 12 1580 52 2 3 52 135 1580 1
2624 3714 3460 2119 3304 3753 1966 3503 3600 3769 2354 3571 3767 3768 3481 2554 3759 3642
396 77 150 396 125 8 1604 150 22 1 1604 125 2 2 125 1604 16 77
2624 3642 3460 2119 3304 3799 3833 3815 1966 3503 3824 2354 3571 3822 3830 3831 3800 3481 2554 3805 3829
401 144 131 401 166 3 2 5 1599 131 2 1599 166 10 7 1 103 166 1599 11 2
3842 3460 3845 3847 3870 3873 3874 3875 3876 3878 3880 1966 3503 2354 3642 2624 2119 3800 3830 2554 3835 3838
26 26 68 28 2 2 4 1 2 1 3 1670 26 1670 192 330 330 55 148 1670 45 18
2624 3875 3845 3878 2119 3880 3881 3882 3883 1966 3847 2354 3830 2554 3868 3642 3838 3877
577 16 102 10 577 2 1 7 3 1423 7 1423 49 1423 20 62 94 9
2624 3908 3845 2119 1966 3830 2354 3923 3926 3886 3894 2554 3868 3642 3838 3877
521 53 140 521 1479 9 1479 4 3 38 104 1479 44 76 116 20
3969 3970 3845 3978 3981 3982 3984 3986 3886 3992 3993 3877 1966 2354 3894 3642 2624 3908 2119 3941 2554 3965 3838
15 10 320 12 6 23 2 7 60 1 1 53 1575 1575 99 57 425 70 425 28 1575 8 108
3845 3978 3981 3886 3991 4036 4003 3877 1966 2354 3642 4027 4028 2624 4034 4035 3908 4037 4038 2119 2554 3838
145 65 31 205 22 10 42 146 1530 1530 51 11 3 470 2 1 141 2 1 470 1530 92
4097 4099 4101 3978 3886 3845 4003 3877 1966 2354 3642 4027 2624 2119 4060 4076 4079 4089 2554 4093 3838 4095
5 1 3 47 327 209 182 317 1471 1471 40 63 529 529 6 26 9 3 1471 3 123 6
2624 4003 3845 2119 3978 1966 4079 4113 2354 3886 4150 4152 2554 3642 3838 3877
403 24 387 403 159 1597 33 27 1597 350 8 1 1597 24 4 388
3845 3978 4235 4236 4113 3886 4003 3877 1966 2354 2624 4162 2119 4180 4199 4203 4079 4212 4213 4214 2554 3838
519 133 8 3 31 427 39 219 1793 1793 207 24 207 49 15 49 12 58 45 13 1793 49
4213 4162 4003 3845 4199 4232 3978 3886 4245 4229 2354 4212 1966 4215 2554 4252 4250 3877
206 29 40 709 72 35 300 635 20 9 2000 59 2000 40 2000 7 4 175
3845 4199 3978 3877 1966 2354 4212 3886 4215 4216 2554 4213
520 107 271 103 2000 2000 188 1056 15 2 2000 353
3845 3978 4237 4245 4250 4258 3877 1966 4268 4274 3886 2354 4276 4277 4278 4199 4212 4213 4215 2554 4219 4221
294 15 68 39 68 4 51 2000 7 57 1207 2000 10 1 1 44 13 304 9 2000 91 68
4290 4325 3845 4326 4327 4298 2354 3886 4221 4237 4274 1966 4312 2554 4219 4250 4213
45 3 326 4 2 12 2000 1331 124 49 96 2000 33 2000 115 110 184
4353 3845 4358 4359 4360 4361 4362 4237 4367 4369 4371 1966 4274 3886 2354 4290 4312 4221 4213 2554 4219 4349 4350
13 399 29 15 8 2 21 32 3 3 1 2000 286 1444 2000 10 91 8 305 2000 176 19 3
4417 4290 4411 3845 4353 1966 4396 4418 4274 3886 4237 4401 2354 4213 4407 4408 2554 4219 4412 4413
2 56 2 619 4 2000 26 9 217 1233 46 7 2000 167 4 5 2000 182 20 2
4290 3845 4462 4453 4396 2354 1966 4274 4467 4468 3886 2554 4219 4412 4442 4213
175 815 4 8 30 2000 2000 177 11 2 893 2000 331 46 10 68
