32 64 34 67 69 70 71 40 45 52
69 3 27 1 2 3 2 27 22 23
83 98 107 52 110
45 15 17 140 2
83 139 107 143 144 145 146 147 52 119 148 125
106 21 52 7 4 3 5 2 78 1 2 2
107 169 202 139 206 83 52 215 216 217 186
2 83 9 12 7 188 120 3 1 1 42
235 260 169 279 272 83 52 284 247 248 281 186 283 220 282
2 1 50 11 8 122 77 1 38 2 3 19 1 34 2
358 359 360 361 362 364 365 366 304 83 52 344 345 347 220 351
43 2 3 1 18 11 3 2 13 47 196 3 6 5 58 18
387 389 304 83 52 405 408 409 410 411 351
26 24 66 5 257 3 1 1 1 1 35
451 452 453 454 456 431 304 433 434 52 438 441 443
18 5 1 2 2 22 346 5 13 195 7 8 8
304 481 464 467 52 503 505 443
241 51 41 84 252 5 1 55
481 517 518 519 521 525 527 304 529 467 52 533 535 539 540
5 29 63 13 15 8 7 76 14 34 80 4 2 1 2
481 547 548 549 518 521 556 525 558 304 529 467
116 89 45 3 78 35 2 44 2 116 62 116
518 521 525 529 547 548 304 570 609 586 467 599 600 601 605 607 481 610 611 613 614 615 616
148 11 111 22 68 30 18 90 7 5 18 8 8 3 3 3 18 2 5 2 3 1 1
640 609 643 644 518 617 631 525 627 630 599 570 635 639
8 38 2 6 153 2 8 247 2 6 54 91 9 4
609 518 681 684 525 687 570 670 671
9 231 16 21 213 4 323 14 3
737 739 518 715 684 525 752 753 722 755 756 570 735
11 14 120 32 4 27 8 4 7 6 2 107 15
833 835 836 838 518 814 816 753 787 759 824 825 570 828 837
3 12 3 4 95 21 7 22 20 50 3 6 225 10 2
518 871 873 753 851 884 759 856 787 570 891 860 894 863
415 1 16 29 74 27 37 9 46 102 7 4 2 10
518 906 910 911 753 851 759 856 570 922
255 10 4 5 22 43 121 5 27 1
518 967 970 937 906 972 974 957 976 753 969 851 949 950 759 570 975 954
369 15 2 25 115 3 1 3 1 144 2 87 8 32 64 144 2 89
993 518 937 906 989 1008 753 851 949 759 1016 1017 954 570 1011
9 238 24 37 16 4 161 22 14 37 1 2 115 161 22
993 1058 1061 518 1032 937 906 954 753 1066 1046 1047 570 989
67 8 4 438 12 60 167 3 32 2 12 21 32 14
993 1122 1091 1093 518 937 906 1132 753 1123 1129 1047 1113 954 570 1086
2 1 54 7 776 6 166 2 21 4 7 109 11 54 21 29
1091 518 753 1129 906 1163 1168 1137 1172 1162 1175 1176 570 954
45 594 14 92 231 15 2 64 2 2 3 1 14 45
1249 1250 1222 518 1255 1224 1129 906 1163 1137 1246 1239 1213 1214 1253
6 2 13 119 1 4 12 90 94 25 5 16 75 70 2
1249 1284 518 1255 906 1163 1293 1294 1137 1268 1269 1239 1213 1214
38 32 85 5 216 240 33 2 32 158 23 32 63 216
1335 518 906 1163 1293 1328 1268 1303 1339 1213 1214
4 72 168 182 34 3 160 68 3 112 168
518 906 1163 1268 1303 1306 1213 1214
101 32 161 133 105 6 507 32
1313 1317 518 1321 1163 1324 1325 1327 1328 1330 1268 1303 1213
16 20 19 6 383 2 2 3 2 1 75 329 265
1313 1163 1303 1371 1213 1375
40 300 286 3 380 12
1408 1378 1413 1416 1418 1163 1421 1422 1424 1425 1395 1303 1404 1213 1406
7 42 6 1 2 495 8 1 1 1 28 418 63 253 5
1468 1163 1469 1457 1459 1460 1462 1303 1464 1466 1404 1213
1 307 1 53 4 5 5 307 6 1 10 410
1472 1474 1515 1495 1511 1513 1514 1163 1517 1518 1519 1457 1490 1303 1404 1213
89 14 1 18 3 1 3 266 1 1 1 14 32 266 12 258
1472 1569 1474 1559 1514 1163 1570 1457 1523 1524 1303 1563 1564 1213 1567
95 2 97 37 17 356 1 97 19 99 356 23 1 201 11
1163 1602 1559 1563 1567 1457 1588 1213 1472 1474 1609 1614 1616 1618 1619 1620 1621 1622 1623 1624 1303 1523 1524
252 29 96 5 54 48 4 233 31 48 3 2 3 4 6 1 1 2 1 1 252 125 60
1602 1659 1700 1701 1559 1163 1687 1698 1695 1523 1303 1691 1692 1213 1567
64 1 1 4 36 61 41 2 1 365 61 1 6 60 128
1761 1762 1559 1751 1163 1687 1742 1746 1523 1303 1567 1213 1759 1727
1 2 27 4 27 68 39 5 302 27 214 86 3 2
1762 1804 1742 1523 1812 1815 1727 1213 1567
24 37 171 247 28 3 92 8 147
1889 1826 1859 1870 1862 1868 1887 1838 1871 1523 1812 1742 1878 1567 1885 1727
2 30 80 23 16 33 5 80 9 750 1 26 5 62 6 52
1862 1928 1929 1931 1870 1523 1742 1910 1915 1567
136 1 1 2 24 1115 39 17 45 60
1862 1926 1981 1961 1964 1935 1938 1523 1973 1910 1944 1947 1980 1971
79 16 1 14 25 20 64 1382 10 15 2 33 1 28
2051 2052 2053 1862 2023 2024 2025 2029 1964 1938 1935 2034 1523 2036 1973 2039 2042
6 1 4 81 4 20 20 10 56 56 81 18 1356 6 88 14 1
2081 2051 2024 2025 2039 1964 2098 2063 2096 2097 1938 1523 2089 2095
2 126 6 16 18 41 1 6 2 1 41 1262 3 1
2114 2051 2116 2117 2025 2076 2098 1523 2101 2039 2108 2111
2 42 8 2 37 11 24 1400 8 15 20 4
2176 2118 2076 1523 2101 2134 2168 2172 2173
1 90 10 1187 188 14 7 4 2
2229 2227 2118 2215 2184 2189 2224 1523 2101 2230 2168 2235 2236 2237 2238 2239
1 2 35 10 42 43 1 1184 457 2 90 1 2 4 1 2
2293 2118 2189 2168 2290 1523 2101 2296 2297 2261
4 154 163 88 20 1025 451 11 1 30
2342 2341 2118 2316 2189 1523 2101 2168 2329 2331 2261
1 11 76 35 5 1397 725 108 1 15 43
2372 2118 2377 2378 2379 2349 2382 2367 1523 2101 2168 2363 2261
24 112 4 18 9 2 2 11 1473 863 35 20 336
2118 2387 2383 2385 1523 2388 2101 2168 2365 2261
276 5 1 6 1630 1 1019 2 4 295
2118 2419 2415 2416 1523 2101 2394 2397 2261
184 1 20 1 1750 1193 23 5 439
2496 2497 2459 2438 2118 2495 2478 2461 1523 2101 2489 2425 2394 2491 2397 2261
9 1 3 34 350 4 8 24 1533 1247 9 9 171 5 20 170
2489 2530 2553 2532 2438 2118 2535 2536 1523 2516 2101 2519 2548 2394 2555 2461
3 70 3 30 4 549 1 11 1327 54 1258 5 3 294 4 88
2530 2618 2118 2601 2608 2611 1523 2612 2101 2617 2616 2516 2394 2461 2590 2613
161 1 677 4 28 3 1392 18 1279 2 3 179 153 28 4 2
2626 2628 2118 2632 2634 2530 2640 2641 1523 2516 2101 2394
71 13 587 6 2 126 3 2 1397 151 1247 119
2626 2118 2707 2530 2671 2640 2705 2674 1523 2516 2101 2710 2711 2680 2708 2394 2686
36 586 3 59 3 87 1 8 1291 280 1237 1 1 27 1 351 12
2530 2757 2118 2759 2761 2640 1523 2516 2101 2745 2394
18 4 411 4 3 118 847 216 847 5 360
2118 2793 2795 2766 2640 1523 2516 2101 2776 2394
332 2 2 4 171 1037 164 1037 5 461
2850 2118 2640 1523 2516 2101 2835 2394 2845 2847
3 650 117 948 353 948 4 510 4 4
2899 2118 2856 2906 2640 2898 1523 2516 2101 2870 2904 2394 2908 2877
7 698 30 1 298 15 1315 477 1315 23 2 163 2 25
2947 2118 2856 2958 2640 2962 1523 2516 2101 2870 2394 2939 2963
11 584 18 14 649 3 1624 412 1624 18 85 41 1
3010 3011 2118 3015 3017 3018 2987 3003 2991 2640 1523 2516 2101 2966 2939 3004 3005 3006
5 1 893 1 1 1 4 7 18 427 1628 615 1628 18 129 6 2 8
3041 2118 3047 2987 3021 3054 2991 2640 1523 2516 2101 3063 2939 3004 3038 3055
4 1093 94 189 101 9 39 716 1923 598 1923 7 45 3 5 21
3106 3117 2118 3047 3118 3119 3114 2987 3116 3021 3054 2991 2640 1523 2516 2101 3055 3100 3038
5 6 1362 166 2 3 7 166 1 254 164 112 441 1803 934 1803 6 7 14
3142 3114 2987 3117 2991 2101 3132 2118 3145 3148 3021 3149 2640 3154 2516 3157 3158 3160 3151 3038 3047 3054 1523
5 21 252 21 72 1801 15 1235 14 21 21 15 566 17 727 6 5 1 9 9 252 140 1801
3216 3211 3219 3206 2118 3047 2987 3212 3021 3054 2991 2640 3217 1523 2516 2101 3222 3225 3215 3207 3198
1 16 2 3 1216 192 192 7 86 91 36 494 7 1710 470 1710 3 2 2 15 10
3280 2118 3047 2987 3021 3054 2640 3217 1523 2516 2101 3252 3207 3262
3 1403 88 88 309 138 294 7 1697 905 1697 2 25 46
2118 3021 3054 3279 2640 1523 2516 2101 3289 3284 3291 3292 3293 3262
1381 183 277 5 126 1507 1013 1507 1 43 1 1 2 10
3330 3331 3332 3333 2118 3307 3021 3054 2640 3310 3314 1523 2516 2101 3284 3316 3326 3327
2 8 1 2 1518 10 267 261 128 11 34 1646 1138 1646 71 3 11 7
3360 3362 3363 3333 2118 3338 3021 3054 2640 3345 3358 1523 2516 2101 3284 3326
36 3 2 29 1693 39 300 380 96 79 27 1789 1210 1789 177 80
3345 3358 3364 3407 2101 3385 3397 2118 3402 3021 3406 3405 2640 2516 3414 3415 3416 3417 3418 3419 3054 1523 3284 3326
38 15 119 22 1665 16 36 1627 17 215 1 7 38 1361 2 2 1 1 1 1 698 1665 304 133
3456 3424 3459 3364 3462 2118 3402 3021 3054 3407 2640 3345 1523 3284 2101 3469 2516 3453 3326
25 84 9 157 5 1630 31 270 616 211 2 2 1632 380 1632 18 1437 17 137
3501 3364 3493 2118 3497 3021 3054 3407 1523 2516 2101 3469 3284 3514 3453 3326 3517
5 197 5 1836 25 231 813 231 1836 1623 1836 8 459 2 62 19 2
3552 3364 3525 2118 3559 3528 3497 3540 3021 3054 3407 1523 2516 2101 3561 3284 3549 3550 3557
3 243 53 1800 2 41 10 3 125 883 125 1800 1557 1800 1 473 23 2 2
3586 3577 3364 3525 2118 3528 3588 3571 3021 3054 3407 1523 3284 2101 3574 3575 2516 3579 3580
3 3 388 132 1908 68 3 10 171 754 171 1908 480 1908 19 23 1520 5 6
3364 3525 2118 3528 3625 3626 3021 3054 3407 3632 3633 1523 2516 2101 3574 3575 3284 3629
341 107 1862 12 6 9 149 784 149 2 1 1862 1521 1862 58 48 186 2
3364 3525 2118 3687 3054 3021 3662 3407 1523 3284 2101 3574 3575 2516 3686 3678 3685
549 182 1635 1 534 135 33 135 1635 190 1635 52 74 1086 1 11 27
3725 3715 3364 3685 2118 3691 3021 3054 3407 3729 1523 2516 2101 3574 3723 3704 3284 3662 3726 3525
2 25 689 58 1455 117 58 547 58 1 1455 766 1455 271 1 11 36 3 20 36
3746 3715 3364 3525 2118 3021 3691 3763 3054 3685 3762 1523 2516 2101 3574 3284 3407 3758 3742 3743
4 31 813 36 1278 39 137 2 383 39 3 1278 465 1278 240 36 39 4 19 65
3715 3691 3742 3743 3364 2101 3525 2118 3021 3407 2516 3798 3802 3812 3685 3814 3815 3818 3819 3820 3821 3054 1523 3574 3284
46 333 10 251 745 1420 59 1420 182 182 675 4 6 1 182 1 2 5 2 1 2 404 1420 171 59
3715 3364 3862 2118 3882 3691 3525 3021 3054 3407 3890 1523 2516 2101 3574 3284 3892 3743 3868 3885 3685
192 754 41 1040 17 223 24 39 223 39 1 1040 286 1040 265 24 10 181 14 1 39
3715 3862 3743 3364 3882 2101 3906 3525 2118 3913 3921 3922 3284 3927 3928 3929 3931 3691 3054 1523 3574 2516
86 189 118 608 24 979 72 64 979 10 8 1 64 4 5 4 5 307 307 979 446 371
3969 3970 3715 3974 3978 3983 3984 3985 3988 3989 3862 3743 3364 2101 2118 3921 2516 3691 3054 3954 1523 3574 3963 3965
53 21 290 36 14 3 2 3 1 2 134 46 987 1167 1167 68 180 180 180 22 1167 236 9 11
3969 3970 3715 3974 3978 3862 3364 4015 4020 2101 4028 4033 2118 4043 4047 3921 4050 2516 4004 4049 3691 3054 3954 1523 3574
134 144 106 134 88 111 973 88 4 1084 3 1 1084 21 4 44 5 111 7 2 111 111 36 1084 251
4096 3970 4043 3364 4054 2118 3715 3574 3978 3691 3054 4015 3921 1523 4052 2101 3862 4110 2516 4106
3 166 43 1022 117 1087 55 129 25 65 65 25 66 1087 68 1087 65 4 65 9
3970 3715 4106 3862 4120 4127 3364 4166 4134 4148 2101 4159 4160 4163 4164 2118 4043 3921 2516 4054 3691 3054 1523 3574 4052
46 112 26 13 18 14 1239 1 1 5 1252 1 10 21 1 1252 47 65 13 92 13 13 1252 66 8
3970 3715 3364 2118 3921 1523 2101 4054 4185 4189 4190
149 126 1492 1492 98 1492 1492 9 13 2 1
3970 3715 3364 2118 4231 4234 4236 4237 3921 4242 1523 4244 2101 4248 4249 4251 4253 4245
422 69 1441 1441 22 1 28 2 6 3 1441 2 1441 5 1 4 1 5
3970 3715 3364 4293 2118 4296 4297 4298 4299 4317 3921 1523 2101 4283 4285
195 33 1448 4 1448 26 1 18 82 4 44 1448 1448 17 27
4320 3970 3715 3364 4326 2118 4296 4329 4333 4334 4335 3921 1523 2101 4324 4285 4319
18 96 179 1484 13 1484 73 3 3 3 3 90 1484 1484 4 42 29
3715 3364 2118 4296 4362 4363 1523 4372 2101 4375 4378 4379 4380 4381 4382 4383
20 1437 1437 99 18 13 1437 2 1437 11 2 3 2 1 1 1
4416 4448 4437 3364 2118 4296 4430 1523 4446 2101 4438 4375 4444 4445 4382 4447
54 1 6 1540 1540 2 4 1540 3 1540 5 54 2 2 63 2
4416 3364 4470 2118 4460 4430 1523 4468 2101 4438 4375 4477 4382
47 1434 1 1434 25 10 1434 26 1434 25 47 2 128
4416 4515 3364 2118 4503 1523 2101 4375 4382
50 2 1476 1476 5 1476 1476 50 68
4544 4546 4547 3364 4550 2118 4556 1523 2101 4382 4543
11 15 1 1250 5 1250 1 1250 1250 159 10
3364 2118 4556 4557 1523 4564 2101 4572 4382 4565
1259 1259 89 6 1259 8 1259 2 140 7
4608 4609 4606 4611 3364 2118 4604 4556 4610 4595 4592 1523 2101 4600 4580 4572 4605 4382 4607
1 2 3 1 1444 1444 8 30 3 19 6 1444 1444 2 25 51 6 27 7
4672 3364 4646 2118 4556 4595 4659 1523 2101 4671 4572 4605 4606 4607
5 1816 7 1816 25 41 32 1816 1816 5 101 31 97 33
3364 2118 4720 4721 4722 1523 2101 4659 4572 4605 4606
1963 1963 15 23 2 1963 1963 5 58 33 132
4739 3364 2118 4720 4721 1523 2101 4740 4572 4606 4725
10 1964 1964 4 198 1964 1964 1 198 656 1
