55 19 36 54 31
1 11 21 2 66
36 81 19 85 88 89 91 31
135 18 44 2 7 3 2 178
98 36 103 136 137 135 130 142 143 144 92 31
23 315 29 2 7 15 1 1 3 1 19 409
192 193 36 165 103 168 169 171 179 182 185 191 188 189 31
2 1 442 36 5 27 6 42 23 17 7 1 9 3 574
194 36 165 234 171 238 242 244 217 31
102 512 40 13 189 3 7 4 60 337
194 291 36 165 171 302 271 244 247 303 284 31
55 3 304 110 22 4 14 83 3 4 18 361
36 165 351 244 309 31 284 349 319
144 50 1 40 13 271 37 20 90
384 408 379 36 397 401 407 376 377 31 319
13 1 45 88 8 1 9 14 13 207 42
384 449 450 36 454 424 457 458 31 319
32 13 20 45 3 81 3 3 194 31
450 487 485 455 424 489 490 491 464 476 31
33 3 7 63 117 7 2 1 13 14 117
516 455 520 523 524 493 499 502 505 510 31
1 214 6 1 1 14 23 1 8 18 56
591 31 586 493 455
17 44 23 117 245
640 641 643 455 586 493 628 609 603 31
6 3 3 237 145 51 7 1 16 10
643 455 680 586 679 684 685 688 689 669 670 31
78 171 2 19 22 1 6 1 1 18 5 189
643 709 711 712 586 455 679 686 722 725 726 730 31
63 2 19 6 4 219 6 4 2 15 9 1 206
643 772 455 745 781 783 785 786 31
12 6 419 39 16 3 1 1 330
804 455 808 781 783 789 827 829 798 31
12 619 37 17 48 19 1 2 44 425
833 839 455 814 789 798 31
2 1 894 13 31 2 250
455 875 878 879 849 882 884 886 855 31
1064 22 5 3 33 10 7 3 43 179
928 899 932 933 934 455 904 938 935 909 849 882 855 31
6 80 6 2 1 1088 1 3 1 16 122 6 96 47
849 455 900 901 855
46 1296 4 1 188
864 455 855 877 880 881 882 883 884 885 886 887
121 858 73 2 1 3 5 5 1 2 1 1
864 923 934 455 942 944 945 946 855 891
226 27 7 1093 3 3 2 1 233 10
864 1003 999 455 1004 944 978 1013 855 1018 1019
102 10 2 1368 8 11 13 14 349 1 6
1058 1060 1062 1031 455 855 1063 1019 1053
13 1 4 25 1564 497 4 85 5
1058 1083 455 1096 1065 1066 1095 1099 1059 1098 855 1082 1019 1053 1086
42 15 929 6 199 25 3 1 3 1 388 6 64 79 16
1058 455 1128 1065 1098 1122 855 1019 1066 1086 1119
301 637 2 204 20 2 132 83 11 20 10
1184 1185 1058 1147 455 1065 1066 1182 855 1019 1086 1183
7 1 190 4 750 322 54 43 167 68 106 3
1058 455 1065 1239 1218 1232 1182 855 1240 1225 1019 1210 1086 1247
60 844 263 29 9 2 67 329 9 49 80 9 52 4
1287 1312 1058 1307 1316 455 1065 1319 855 1292 1282 1264 1298 1182 1239 1274 1019 1277 1086
13 12 20 12 6 1091 254 2 329 24 5 28 15 47 62 20 29 29 38
1058 1316 455 1352 1065 1239 1367 1327 1368 1182 1366 855 1336 1274 1359 1086 1320
69 56 726 11 397 40 1 74 3 63 2 244 13 69 1 88 11
1316 455 1352 1065 1419 1421 1390 1327 1424 1430 855 1239 1086
73 674 29 600 54 21 16 16 29 1 133 27 358
1440 1443 1316 455 1065 1419 1424 1427 855 1432 1239 1435 1436 1437 1086 1439
6 1 195 742 522 195 45 24 202 15 7 25 2 7 394 10
1473 1481 1475 1316 1478 455 1065 1419 1485 1487 1424 1489 1427 855 1086 1439
24 7 3 303 21 601 395 303 13 4 4 4 96 303 365 96
1536 1475 1316 1527 455 1065 1419 1485 1502 855 1528 1534 1535 1531 1086 1439
1 77 96 1 266 658 96 132 82 96 11 3 5 2 594 168
1538 1419 1316 455 1544 1065 855 1548 1485 1556 1086 1559 1502 1439
16 149 149 316 110 598 149 9 233 13 396 46 39 167
1612 1602 1589 1316 455 1544 1065 1559 1419 1548 1485 1613 1598 855 1560 1610 1086 1439
1 34 10 298 532 117 492 21 298 5 113 2 10 298 21 12 323 234
1316 455 1544 1065 1623 1419 1485 1616 1598 1622 855 1624 1625 1626 1086 1439
320 427 227 458 4 320 57 5 21 7 320 1 1 1 266 107
1632 1635 1316 1669 455 1544 1065 1674 1419 1671 1485 1677 1640 1652 1649 855 1625 1658 1659 1086 1439
9 47 220 1 416 183 435 3 220 5 270 1 6 9 4 220 58 2 6 316 196
1625 1419 1316 1544 455 1640 1065 1671 1708 1485 1649 855 1726 1718 1719 1721 1722 1086 1439
10 11 11 11 294 50 577 4 61 135 30 11 7 12 22 16 4 375 283
1764 1772 455 1640 1065 1771 1708 1485 1742 1736 1726 1753 1086 1439
6 1 311 24 982 1 62 56 42 5 43 45 731 311
1824 1813 455 1736 1065 1708 1485 1640 1780 1822 1816 1753 1818 1823 1820 1086 1439
3 7 350 55 988 30 17 117 6 6 16 134 19 3 3 889 350
1889 1891 1892 1894 1862 455 1640 1065 1863 1708 1485 1886 1893 1816 1753 1882 1885 1086 1439
4 3 3 2 58 449 323 1090 35 76 144 12 1 29 213 4 5 1053 449
1891 1893 1862 455 1640 1065 1898 1708 1485 1904 1939 1940 1816 1753 1916 1086 1439
2 224 54 608 182 975 40 6 40 19 2 3 12 192 75 900 608
2001 1893 1862 455 1640 1065 1898 1998 1999 1992 1993 1976 1753 1978 1916 1981 1086 1439
1 250 56 542 204 1092 20 17 1 6 10 8 108 30 72 12 1020 542
1893 1862 455 1640 1065 2028 2021 2030 2025 1753 2042 2043 1916 2045 1086 1439
121 43 458 18 793 8 18 7 6 145 10 8 21 1 772 458
2050 1893 1862 455 1065 2062 2073 1753 1086 1439
23 100 169 362 1181 20 2 124 1181 362
1893 1862 455 1065 1898 1913 1908 1909 1910 1911 1912 1753 1086 1439
202 191 329 1130 51 1 9 11 9 2 2 70 1130 329
1922 1910 455 1065 1931 1932 1935 1943 1941 1942 1893 1753 1916 1086 1439
97 142 479 739 16 10 5 1 9 5 21 17 2 739 479
1922 455 1065 1937 1910 1929 1946 1948 1086 1439
11 633 735 3 399 3 4 1 735 633
1986 1987 1988 1957 455 1929 1962 1968 1940 1982 1910 1065 1976 1086 1439
1 3 2 6 529 52 24 13 13 17 172 617 23 617 529
2048 1957 2023 2024 1065 1962 455 1997 2055 2001 2041 1940 1982 1910 2039 1976 2038 1989 2015 1086 1439
4 131 65 9 828 38 579 2 2 72 8 179 25 254 17 102 5 24 15 828 579
2068 1989 455 1065 2023 2061 2064 2066 2067 1940 2069 1910 2039 1976 1957 2047 2015 1086 1439
6 132 509 739 63 6 1 1 2 159 1 388 44 241 92 49 132 739 509
2083 2084 1989 2086 2023 2088 1065 455 1940 1910 1976 1957 2015 1086 1439
20 24 98 3 218 1 413 1081 318 34 34 88 98 413 1081
1957 455 2120 1065 2023 2095 2097 1940 2133 2132 1989 2015 2138 1086 1439
147 1195 26 238 104 4 22 670 3 1 71 71 6 238 1195
2155 1957 2023 2120 1065 455 2190 2097 2195 2196 2169 1940 1086 1439
17 59 202 2 220 1224 1 1 1 1 27 681 220 1224
2228 2195 1957 2023 2216 1065 455 2224 2097 2227 1940 2232 2233 2234 2215 1086 1439
21 18 68 454 3 348 1236 18 24 1 449 6 8 6 6 348 1236
2272 2242 2277 1957 2023 2280 1065 455 2284 2285 2224 1940 2281 2247 1086 1439
15 71 19 43 645 2 646 1041 2 1 43 172 2 68 646 1041
2242 2307 455 1065 2023 1940 2326 2296 2247 2303 2332 2333 1086 1439
54 18 674 1068 483 76 13 154 40 1 13 1 1068 674
2368 2379 455 1065 2247 2381 2383 2384 1940 2326 2023 2296 1086 1439
6 6 682 1222 190 4 2 1 28 96 426 217 1222 682
2407 2422 2023 1065 455 2417 2416 2420 1940 2421 2326 2296 2247 1086 1439
13 1 507 986 917 2 12 4 163 2 55 200 247 986 917
2443 455 1065 2452 2023 2447 2451 1940 2326 2247 2296 2420 1086 1439
17 911 1089 5 581 16 2 232 71 98 38 91 1089 911
2023 2472 1065 2474 455 2447 2480 2482 1940 2485 2455 2296 1086 1439
232 16 1481 6 519 39 4 11 287 5 26 91 1481 519
2023 2472 1065 2506 455 2509 2510 2447 2504 2515 1940 2517 2296 2521 2523 1086 1439
199 42 1652 31 348 3 1 33 66 10 149 4 85 11 3 1652 348
2561 2570 2571 2564 2023 2472 1065 2506 455 2447 2504 2545 1940 2550 2296 2556 2538 1086 1439
11 4 1 3 154 255 1463 17 537 10 71 6 383 36 148 2 3 1463 537
2594 2564 2629 455 2504 1065 2634 2636 2606 2447 2472 1940 2633 2296 2589 1086 1439
49 102 2 668 253 1332 10 6 15 79 266 668 7 136 11 1332 668
2594 2564 2661 455 2472 1065 2668 2606 2447 2504 2674 2675 1940 2648 2676 2589 2296 1086 1439
51 68 29 1041 450 959 7 54 89 255 36 2 1041 48 1 3 68 959 1041
2720 2564 2661 455 2472 1065 2698 2731 2606 2447 2504 2674 1940 2734 2648 2705 2296 1086 1439
10 151 15 883 185 1117 23 5 36 134 143 30 883 2 63 42 151 1117 883
2785 2786 2779 2564 2661 455 2472 1065 2792 2606 2447 2504 2674 2739 1940 2774 2744 2705 2296 1086 1439
18 10 1 93 84 845 56 1155 7 83 340 263 44 27 845 13 12 40 93 1155 845
2785 2786 2819 2564 455 2504 1065 2744 2606 2447 2705 2739 1940 2296 2843 1086 1439
11 20 35 64 754 326 1246 7 119 337 37 109 754 64 2 1246 754
2819 2564 2447 1940 2844 1439 2849 1065 2606 2864 2865 2739 2870 2876 1086 2879 2885 455 2504 2890 2892 2894 2296
298 108 167 578 81 578 3 1422 214 3 14 26 4 4 1422 3 3 578 80 4 1 4 108
2912 2819 2564 455 2504 1065 2606 2447 2899 1940 2934 2296 2937 2938 1086 1439
14 110 174 968 38 1032 99 104 23 968 6 174 1 1 1032 968
2819 2564 2982 455 2984 1065 2983 2447 2899 1940 2296 2940 2979 1086 1439
6 272 1 968 3 1032 2 14 163 968 272 17 1 1032 968
3035 2564 455 1065 2899 1940 2296 3028 3007 2995 1086 1439
13 300 1219 781 94 1219 300 6 4 18 781 1219
3073 2564 3077 455 3080 1065 3079 3084 3085 3086 3056 2899 1940 3061 3059 2296 1086 1439
4 216 12 1228 7 772 5 3 1 2 168 136 1228 75 12 216 772 1228
2564 455 3112 1065 3100 3116 3117 3118 3056 2899 1940 3061 3095 2296 3092 3099 3108 1086 1439
474 1129 12 871 2 1 2 3 148 146 1129 60 18 474 87 13 9 871 1129
2564 455 1065 3178 3148 3181 3182 3056 3180 2899 1940 3061 3177 2296 3092 3164 1086 1439
780 1013 987 8 17 1 9 55 1 181 1013 10 9 780 266 8 987 1013
2564 3213 3217 1940 3224 3230 1439 3236 3238 1065 3243 3244 3246 3247 1086 455 2899 3181 3189 3241 2296 3092
947 35 10 854 7 1 854 2 4 1146 3 3 1 1 1146 854 135 74 13 4 947 462
3297 3298 2564 455 1065 3271 3181 3224 2899 1940 2296 3092 3259 3288 3293 1086 1439
4 3 862 872 1128 11 7 62 56 872 862 541 19 19 87 1128 872
3297 3298 2564 3333 455 1065 3335 3181 3309 3288 3314 2899 1940 2296 3092 3271 3259 3293 1086 1439
80 121 634 9 753 1247 7 22 8 39 22 82 753 634 343 8 39 25 1247 753
3298 2564 455 3362 1065 3271 3309 3343 3377 2899 1940 3350 2296 3092 3375 3356 1086 1439
35 807 611 6 1389 49 49 50 2 152 611 50 807 646 6 17 1389 611
2564 3343 1940 3350 1439 3365 1065 3271 3389 1086 3393 455 3402 3406 3407 3409 2899 3414 3417 3298 3309 2296 3092
998 200 408 131 408 11 1592 279 24 1592 17 408 3 13 1 28 24 2 1 30 279 998 775
3457 2564 3463 3466 3467 3343 1940 3350 1439 3365 1065 3271 3389 1086 455 3409 2899 3412 3309 3447 2296 3092
14 949 1 1 4 49 265 148 265 121 1735 222 7 1735 265 64 7 20 222 6 949 719
3520 3521 2564 3365 455 3496 1065 3525 3271 3524 3309 1940 3350 2296 3092 3514 1086 1439
11 2 961 130 135 13 1865 1 268 5 268 135 130 961 625 12 1865 135
3552 3554 3555 2564 3365 3271 1065 455 3309 3556 3092 1940 3350 2296 3545 3514 3546 1086 1439
2 1 1 1282 126 292 1778 222 292 4 917 222 126 1282 65 86 2 1778 222
3587 2564 3365 455 3591 1065 3271 3607 3309 3593 3608 3571 3092 3350 3545 2296 1940 3514 1086 1439
6 1055 113 177 36 1823 175 1 175 3 8 3 826 113 132 1055 177 381 1823 177
2564 3092 3350 3607 1439 3365 1065 3626 3271 3514 1086 3648 3654 455 3656 3661 3665 3666 3545 3309 2296 1940
750 345 50 42 382 50 1618 76 141 126 1618 2 7 382 20 13 11 3 346 141 750 382
3712 3715 2564 3365 455 1065 3711 3665 3699 3092 1940 3350 3705 2296 3545 3514 3707 3709 1086 1439
3 3 700 65 250 1750 1 64 25 290 250 65 6 700 332 208 7 5 1750 250
3713 2564 3718 3727 3731 1940 3350 3739 1439 3744 3746 3365 3750 3751 3752 1065 3756 3757 3514 1086 455 3545 3753 2296 3092
19 745 8 71 77 131 210 53 131 36 10 210 16 2 3 1869 1 2 219 1869 131 406 7 745 319
3776 3803 2564 3365 3782 455 1065 3766 3727 3768 3092 1940 3350 2296 3545 3514 3739 3804 3802 1086 1439
101 6 979 154 11 257 1743 69 169 1 303 257 154 979 626 206 223 1 1 1743 257
3843 2564 3845 3846 3848 3849 3727 3092 3350 3739 1439 3365 1065 3766 3514 1086 3776 3782 455 3545 3818 3826 2296 1940 3838
5 963 5 3 1 3 84 240 196 260 260 196 1740 153 240 1740 158 57 260 668 19 20 963 260 2
2564 3849 1940 3350 3739 1439 3365 1065 3884 3885 3888 3889 3891 3893 3766 3895 3514 1086 3776 3894 3782 455 3545 3826 2296 3092
1091 128 278 72 278 278 72 1722 20 36 8 3 5 2 119 1 141 1722 304 1 47 278 950 9 1091 141
2564 3849 1940 3350 3739 1439 3365 1065 3766 3514 3902 3776 3782 455 3545 3932 3934 3953 3954 3955 1086 2296 3092
1387 54 317 27 317 317 27 1683 56 56 12 465 163 317 1331 3 13 1 2 1 1683 1387 56
2564 3979 3980 1940 3991 3992 3993 3994 3739 1439 1065 3766 3514 3902 3776 3782 455 3545 3951 1086 2296 3092
1251 13 3 682 5 1 3 2 682 682 1318 12 12 99 389 217 682 1239 15 1318 1251 12
2564 1940 3739 1439 1065 4013 4024 3902 3776 3782 455 4040 4044 4048 4049 4050 4051 4052 4053 3545 1086 2296
964 1012 1012 1012 988 24 58 65 297 221 1012 11 1 5 3 2 4 1 1 964 988 964
3776 4128 2564 4069 3782 455 4100 1065 4119 4127 4111 4024 1940 4118 4129 2296 3545 3739 4092 1086 1439
368 6 964 58 177 1004 10 996 1 2 1 70 1004 1 2 964 964 1004 46 996 1004
2564 1940 3739 1439 4131 3782 1065 4138 4146 4024 1086 3776 4161 4166 455 4168 4171 4174 4177 3545 2296 4092
1044 956 956 956 78 215 1044 31 16 33 1044 289 16 1 956 5 7 4 4 1044 1044 14
3776 2564 3782 455 1065 4210 1940 4201 2296 3545 3739 1086 1439
189 1097 145 903 1097 1 903 7 1097 1097 903 1097 903
3776 4224 4244 2564 4201 3782 455 1065 4204 4208 4216 1940 4254 3545 2296 4249 4218 3739 4220 1086 1439
172 15 6 1085 14 84 915 1085 2 91 14 915 7 1085 1085 23 14 915 15 1085 915
