6 11 12 14 15 18 20 21 22
7 3 14 11 42 12 26 1 1
64 65 69 47 50 57 58 61 62
1 1 1 42 14 46 9 11 16
100 107 47 115 84 119 122 123 93
2 5 32 1 37 9 1 2 19
134 136 119 47 145 151 152 155
8 8 235 43 15 8 3 2
225 226 227 168 169 151 209 119 153 217 222 223
5 1 2 106 31 117 25 83 36 8 2 4
258 267 260 263 168 169 266 151 264 259 119
10 1 24 2 270 14 2 76 6 7 13
258 168 169 299 269 304 305 296
10 452 16 5 60 7 1 4
384 385 258 358 168 169 354 269 369 341 374 383
1 1 46 5 342 48 12 116 18 10 10 2
258 168 269 397 402 405 406 409
12 478 228 1 16 21 2 2
258 420 168 460 269 462 463 465 402 406
47 34 805 23 165 4 9 1 161 41
258 406 486 168 269 498 402 502 506 477
67 97 30 1043 130 3 116 4 25 5
545 258 486 168 269 560 552 402 562 533 565
3 72 5 1201 307 3 11 168 3 14 5
545 258 486 168 269 590 593 402 595 594 596
87 84 10 939 554 3 8 181 3 2 3
258 168 621 269 625 402 623
238 521 37 780 2 205 5
258 657 648 650 651 647 269 168 402 662 664 666
368 10 9 7 55 10 744 283 349 10 2 2
705 258 711 168 712 269 719 657 402 723 728 701
25 405 4 214 4 830 3 25 551 1 3 26
737 258 741 744 269 168 402 757 758 759 760 762
5 318 6 55 1011 171 500 12 1 4 2 1
800 258 168 809 744 269 781 816 817 402 819 790 770 802 798 767
61 190 193 11 85 1109 79 2 6 508 2 3 9 5 2 50
258 781 402 798 800 168 839 846 269 853 861 871 744 874 876 879 880 889 890 891 892 894 767
87 103 591 20 52 282 9 73 1040 19 22 7 25 3 2 3 14 11 1 1 8 2 127
800 258 941 943 934 871 168 937 935 940 269 846 781 880 936 402 942 921 923 767
102 42 7 2 2 5 254 43 6 10 856 84 73 191 16 848 1 16 30 121
800 168 937 781 846 269 880 977 402 983 984 923 767
72 305 47 209 104 1299 53 6 396 2 1 155 405
800 1042 1041 1031 168 1034 269 846 781 1009 402 1043 923 767
81 2 1 5 323 8 1297 2 343 3 380 1 290 200
800 1089 1091 1092 168 781 269 1073 402 923 1084 1085 767
65 5 2 1 189 174 1514 3 297 172 4 8 195
1133 168 1130 1131 1132 269 781 1105 402 923 767
1 36 2 2 1 1550 234 21 414 8 233
1185 1155 1188 1138 168 1183 269 781 1105 402 1142 1176 923 767
2 11 1 81 91 20 1229 188 49 680 22 2 91 180
1216 1249 1206 168 1258 1183 269 781 1105 402 1142 923 1224 1256 767
12 5 21 26 2 26 1256 54 130 718 34 26 11 6 384
1216 1282 1283 1285 168 1183 269 1105 402 1142 923 767
39 49 97 2 67 67 1026 40 907 112 67 244
1314 1283 1316 168 1183 269 402 1142 923 1310 767
7 52 1 17 17 787 1196 49 17 13 60
1346 1348 1349 1352 1354 1355 269 402 1142 1338 1341
15 2 21 3 5 1 524 1476 31 34 31
1376 1349 1385 269 1358 1359 402 1395 1396 1390 1142 1338 1341
5 56 5 470 12 7 1530 6 1 3 58 88 104
1409 1410 1349 1426 1418 269 1358 402 1142 1431 1338 1437
77 95 88 23 14 864 141 1136 108 5 139 5
1409 1410 1349 1418 269 1358 402 1491 1492 1461 1142 1486 1338 1470
26 116 21 40 515 26 1485 11 6 16 54 10 223 50
1536 1409 1410 1540 1349 1544 269 1358 1517 402 1523 1492 1550 1526 1338 1551 1534 1535
12 11 133 10 54 6 437 11 23 1563 28 68 1 1 155 1 4 1
1410 1349 1576 1577 1579 1580 269 1581 402 1523 1492 1338 1563
142 103 6 41 3 1 669 1 1331 92 2 81 48
1586 1410 1603 1615 1349 1577 1610 1612 269 1614 1583 402 1523 1592 1338 1563 1581 1613
35 155 17 3 36 25 14 6 568 1 122 1432 310 10 123 86 9 2
1410 1603 269 1583 402 1523 1622 1698 1688 1338 1563 1693 1695
190 144 660 53 1340 168 22 2 8 174 43 3 4
1410 1603 1738 269 1742 1583 1744 402 1523 1338 1743
116 251 11 760 10 43 1 1240 96 197 27
1410 1603 1810 1750 1799 1800 1738 1773 269 1768 402 1523 1812 1813 1805 1783 1811 1338 1583 1786
95 420 5 27 9 9 3 34 1073 2 927 47 2 2 16 9 4 58 79 34
1825 1410 1603 1842 1773 1838 269 402 1845 1846 1847 1786 1583
2 138 452 4 113 6 1396 604 9 2 1 80 40
1856 1410 1603 1863 1868 269 1773 1873 402 1876 1877 1786 1583 1854
26 98 354 46 3 1255 78 5 745 4 2 66 8 1
1856 1920 1410 1603 1925 269 1869 1773 402 1786 1915
25 1 102 246 2 1182 19 21 818 137 6
1410 1603 1928 1965 269 1966 1773 1969 402 1971 1972 1978 1981 1950
112 323 23 5 1193 66 45 12 807 16 1 10 1 67
1410 1603 2055 2024 1965 2027 2056 269 1773 1928 402 1987 2038 2057 1950
16 301 2 74 109 37 6 1488 206 86 512 146 6 1 183
2131 1603 1928 2122 2124 269 1773 402 1987 2133 2135 2076 1950
3 117 36 7 3 1456 248 544 251 2 2 2 251
1987 2156 2154 2124 269 1773 402 2159 1950
185 7 21 52 1196 295 804 11 185
1987 2181 2124 1773 269 402 2196 2198 2199 2200 1950
80 7 34 151 928 1072 32 4 7 1 80
2240 2242 1987 2181 2247 2248 2124 269 2222 1773 402 2243 2238 2231 1950 2245
10 16 311 101 1 2 190 698 45 231 1302 5 20 12 311 4
2273 1987 269 2310 2312 2281 2313 2285 2318 1773 402 2317 2302 2295 2296 2319 2300 1950 2181
26 177 982 6 7 7 3 23 3 293 1018 8 23 13 19 2 8 177 13
1987 2313 2322 269 1773 2328 402 2356 2357 2359 2296 2363 1950
477 56 24 977 187 10 1023 14 16 13 78 5 477
1987 2404 2313 2412 269 2414 1773 2416 402 2371 2356 2296 2393 2415 2397 1950
554 10 10 4 1324 1 77 1 676 54 103 317 2 3 2 554
1987 269 1773 2456 402 2356 2455 2296 2445 1950
519 1303 167 5 697 41 13 132 12 519
2496 2498 1987 2500 2502 2470 269 1773 2481 402 2356 2485 2494 2445 2490 2491 2460 2296 1950
13 9 331 3 1 10 1396 268 13 604 24 25 2 39 3 4 22 33 331
2561 1987 2500 2570 2540 269 2574 1773 2513 402 2579 2580 2485 2550 2445 2556 1950
14 269 4 11 2 1142 4 363 1 858 4 3 10 27 1 13 269
2561 1987 2630 2598 2600 269 2638 1773 2641 402 2639 2620 1950 2591
114 407 9 22 134 969 5 502 4 1031 2 20 407 55
2561 2659 2660 2598 2600 2666 2668 269 1773 402 1987 2671 2652 1950 2591
21 26 3 18 122 5 20 1062 381 938 145 3 24 145 52
2688 2561 2699 269 2702 402 2709 2710 2712 2714 2717 2718 2719 2600 1950 2591 1987 2652 2659 1773 2675 2685
25 76 20 1376 25 624 20 3 10 12 1 5 3 152 109 52 109 10 40 433 10 38
2688 2561 2754 1987 2758 2753 2600 2761 2759 2764 269 1773 402 2659 2710 2714 2735 2748 1950 2591
7 102 7 181 26 5 68 3 13 2 1184 297 816 42 161 61 71 35 181 8
2816 2561 2818 2819 2820 2817 269 402 2710 2714 1950 2600 2735 1987 2781 2782 2659 1773 2803 2807 2809 2812 2814
1 29 2 1 1 1 884 1116 591 4 77 3 43 77 63 37 3 4 73 1 22 6 2
2848 1987 1950 2827 269 2862 2865 402 2851 2814 2710 2803 2840 2843 2781 2846
3 59 59 72 1017 14 3 983 10 59 797 62 35 10 27 24
2912 2913 2914 1987 2902 2887 2907 269 402 2814 2710 2872 2866 1950 2911
4 3 1 74 1 32 5 980 1020 74 763 25 3 74 1
2912 2913 1987 2966 1950 2887 2956 269 2959 2961 402 2965 2710 2872 2938 2866 2814 2943
29 85 71 1 71 43 18 802 7 15 1198 21 1088 45 19 84 71 10
2912 2913 3010 1987 3012 3013 3014 2887 269 2959 2961 402 3011 2996 1950 2710 2938 2866 2814 3007
22 101 1 165 1 1 1 55 499 36 93 1501 5 24 165 1187 16 54 165 3
2913 1987 3045 3019 3064 269 3067 2959 2961 402 3027 1950 2710 3063 3032 3066 2866 3068 2814 3043
144 30 102 24 1 545 1 13 42 1455 39 30 1360 17 9 2 9 1 30 4
3104 2913 3107 3108 3094 3105 3081 3111 269 3100 2959 402 3091 3093 2710 3096 2866 3077 3109 3045
7 305 3 1 8 16 19 1 563 1 9 1437 68 5 1437 20 114 10 1 30
3104 3105 3139 3140 3094 3142 2913 269 402 3091 2710 2866
35 106 3 4 127 2 273 520 1480 67 1480 47
3104 2913 3094 3105 3148 269 3149 3152 402 2710 3159 3162 3165 3167
125 255 108 192 14 502 7 4 1498 1498 13 7 1 3
3104 3105 2710 3218 2913 3200 3148 269 3149 3152 3217 402 3213 3190 3094 3215 3162
228 206 1597 2 115 6 10 403 139 21 2 1597 2 8 224 3 30
3104 3105 3266 2710 2913 3265 269 3246 3149 402 3094 3259 3261 3262 3263
108 182 2 1667 270 5 333 56 21 1667 229 1 4 4 2
3328 3105 3331 3300 3286 3334 3303 269 3246 3149 402 2710 3319 3320 3332 3094 3325 2913
7 105 2 28 28 1 29 663 81 29 1337 1337 41 24 1 107 15 95
2913 3373 3363 2710 3303 3367 3371 269 3246 3343 402 3369 3094 3319 3354 3105
76 2 14 1346 109 10 2 654 113 85 1346 3 113 24 56 16
2710 3303 269 3246 3343 402 3094 3416 3417 3418
1546 89 454 95 243 1546 95 2 11 5
3094 3303 3346 269 3246 3343 402 3348 2710
127 13 2 332 127 354 1668 1 1668
3360 2710 269 3246 3343 402 3094 3356 3359
2 1629 371 307 361 1629 307 3 1
3427 3414 2710 3370 269 3246 3343 402 3381 3094 3415 3417 3418 3420 3422 3429
2 1 1712 2 288 112 344 1712 45 112 9 10 1 1 7 2
3438 2710 269 3246 3343 402 3381 3094 3447 3450 3451 3452 3453 3454
3 1712 288 61 254 1712 95 61 10 2 2 1 2 3
3488 3503 3492 2710 3500 269 3246 3343 402 3381 3094 3502 3483 3453 3487
7 4 7 1529 4 471 110 267 1529 43 110 1 48 73 12
3574 3560 3532 269 3343 3569 402 3572 2710 3567 3453
1 16 29 606 53 4 1394 4 1394 1 35
3618 3622 3624 269 3343 3632 402 2710 3608 3631 3579 3599 3453 3615
6 15 2 658 81 3 1342 1342 34 2 21 5 48 13
3680 3681 3618 3683 3624 3658 3650 3675 269 3343 3608 402 3669 2710 3672 3673 3579 3453 3615
5 10 124 10 138 11 99 4 1054 13 6 946 3 946 14 3 5 18 6
3744 3650 3747 3719 3624 3724 269 3694 3343 402 3699 3733 2710 3739 3742 3743
1 195 1 10 234 22 1077 87 45 923 40 7 923 3 2 5
3650 3624 3752 3755 269 3694 3343 3761 402 3758 2710 3770 3771 3772 3773 3742
306 101 2 14 1096 235 51 9 904 5 904 2 6 3 1 34
3650 3781 3624 269 3694 3343 3761 402 3796 2710 3799 3800 3801 3804 3805
162 3 335 649 60 65 28 1351 4 1351 2 7 13 1 1
3650 3624 269 3694 3343 402 2710 3832 3835 3838 3839
129 490 439 29 35 1561 1561 6 3 3 2
3650 3654 3655 3624 3658 3659 269 3656 402 2710
193 2 3 334 3 3 772 1 1228 1228
3650 3683 3684 3687 3624 269 3661 402 2710 3693
202 23 18 3 519 662 44 1338 1338 1
3650 3684 3687 3624 3689 269 3688 402 2710
213 107 79 229 4 960 3 1040 1040
3713 3650 3684 3687 3624 3689 3722 269 3694 402 2710 3737 3738 3739
5 308 49 17 142 17 3 895 13 1105 1105 8 4 2
3713 3650 3798 3783 3624 3786 3784 269 3793 402 3765 2710 3800 3801 3802 3794 3774
60 288 1 4 19 22 5 980 10 1020 13 1020 4 2 2 2 12
3840 3713 3650 3849 3850 269 3821 402 3838 2710 3837 3774 3807
7 70 204 3 1 691 32 1309 2 1309 9 44 28
3650 3908 3894 3911 269 402 2710 3898 3903 3807
676 5 5 1 1186 814 814 5 4 29
3650 3939 3942 3911 3944 269 402 2710 3931 3934 3807
413 2 6 8 2 1045 955 955 11 55 70
4000 4001 3650 4005 4006 4007 4008 4009 269 3982 402 3987 2710 3961 3962 3931 3997 3934 3807
1 1 307 7 3 1 1 1 816 4 1184 15 1184 41 34 123 4 167 30
3936 3650 3941 3942 3943 3944 3947 269 402 2710 3931 3938 3934 3807
11 206 6 4 2 3 1 431 1569 1569 284 9 114 82
3650 3958 3947 269 402 2710 3960 3961 3962 3931 3807
256 6 20 308 1692 1692 1 1 1 261 105
3650 4015 3978 4012 269 4014 3965 402 3987 2710 3931 3997 3970 3807
261 1 6 10 261 6 9 1739 1 1739 126 9 10 400
4050 3650 4035 4038 269 4046 4045 4048 4049 402 4051 2710 3807
3 398 33 9 398 2 8 1 4 1602 1 1602 577
4097 3650 4038 4098 269 4079 402 4085 2710 4087 4095 4093 4094 3807
5 282 16 1 282 13 1718 17 1718 5 4 3 1 785
3650 4132 4038 4140 269 402 4147 2710 4151 4152 4153 4155 4157 4158 3807
63 11 183 2 63 1937 6 1937 3 1 6 3 1 2 717
4224 4225 4195 4166 4171 4173 4206 402 4179 4213 2710 4217 4219 4220 4222 3807
3 2 14 45 49 23 24 2000 58 17 2000 7 19 3 2 537
