9 10 13 14 17 18
5 4 13 28 8 3
64 67 69 70 14 52 46 54 57 63
15 1 4 3 52 49 13 49 72 12
46 116 54 119 52 90
28 5 126 6 126 7
160 162 163 164 142 46
13 2 1 1 13 296
160 196 171 46 207 176 210 181 214 215 216 213
31 4 43 260 14 226 2 64 15 2 1 12
246 46 176 241 242 243 245 214 218
1 253 64 17 3 9 6 13 21
289 296 297 298 46 241 275
12 4 2 1 100 40 15
352 241 346 351
2 161 10 1
241 244 249
331 13 1
256 260 267 241 274 275 244 278 279 276 281
53 64 5 76 5 3 64 2 2 2 1
256 322 260 326 328 329 331 241 244 341 342 343 286
10 30 242 10 5 11 8 83 46 1 1 5 65
384 392 260 390 358 360 393 336 241 344 388 286
19 2 84 6 9 14 1 146 121 15 1 28
260 391 396 336 241 407 412 413 286
457 23 9 83 30 12 2 3 6
419 260 438 391 431 400 434 435 437 406 439
44 471 1 125 12 17 3 10 1 50 1
419 260 487 488 489 490 391 495 473 491
116 477 16 7 6 27 179 2 16 9
419 260 391 429 430 434 435 436
131 488 131 10 11 4 2 1
419 484 391 490 493 496 497 498 499 260
196 15 196 51 10 2 6 2 1 491
544 546 419 484 391 490 529 531 537 543 260 539 509 542 511
1 5 256 86 256 3 5 9 7 4 523 28 115 14 97
578 419 484 569 391 592 547 596 597 598 601 260 603 509 542 511
3 561 91 22 561 9 6 7 1 1 4 391 3 307 68 26
641 419 260 391 619 637 612 569 636 509 511
1 900 414 900 50 1 21 95 2 306 21
419 260 677 678 391 680 650 695 654 701 697 665 569 700 509
1569 49 4 20 1569 11 21 2 64 1 9 35 1 4 221
704 419 260 678 391 684 707 700 509 703
7 1723 45 28 1723 2 6 6 176 1
419 260 758 678 391 750 707 756 757 726 759 760 509
1795 37 1 37 1795 3 22 11 1 73 1 3 94
769 419 260 822 678 391 808 807 780 825 750 820 726 823 804 826 827
15 1948 38 1 38 1948 12 29 73 2 17 5 78 7 31 2 1
864 865 866 419 868 869 391 808 876 874 875 780 872 848 849 820 726 873
6 8 4 2000 3 9 2000 135 1 3 2 238 1 12 2 67 167 3
929 419 918 934 391 808 937 935 780 939 902 936 726 895
1 2000 5 2 2000 157 6 1 182 2 1 2 140 66
419 726 966 391 808 780 975 1009 1011 982 895
2000 23 70 2000 31 218 41 13 2 15 80
1056 419 1060 1062 966 391 808 1068 780 975 1083 1074 726 1078 895
1 2000 8 89 37 2000 1 20 211 23 3 1 34 1 5
1090 419 1062 966 391 780 1135 1136 1137 1138 1140 1114 1103
36 2000 91 127 2000 548 3 2 2 1 1 71 20
1153 1090 419 1156 1062 391 1161 1162 1163 780 1136 1143 1144 1114
2 45 2000 14 27 2000 8 1 2 765 2 18 11 34
1090 419 1062 391 1193 1191 780 1197 1199 1201 1183
28 2000 21 2000 1 3 360 4 3 3 9
1248 1249 419 391 1224 1228 780 1244 1240 1242 1212 1213
3 2 2000 2000 15 13 678 1 28 10 43 1
419 391 780 1299 1240 1305 1306 1212
2000 2000 378 6 17 10 2 13
1377 1314 419 391 1354 780 1332 1374 1364 1372 1310
1 23 2000 2000 2 176 58 9 6 1 31
419 1444 391 1416 1417 1390 780 1422 1391 1392 1427 1332 1429 1428 1436 1437 1310
2000 5 2000 13 3 10 35 14 8 64 11 86 2 22 1 12 29
419 391 780 1332 1429 1428
2000 2000 88 38 27 47
1442 419 391 1452 1460 1461 1463 1464 1428 1467
1 2000 2000 7 9 4 2 1 21 2
419 1477 1478 391 1481 1482
2000 6 5 2000 4 1
419 391 1488 1494 1498 1500 1501
2000 2000 57 10 8 8 1
419 391 1512 1514 1517 1518 1488 1522 1523
2000 2000 14 4 7 6 81 2 1
419 1573 1574 391 1546 1575 1488 1563
2000 3 4 2000 40 1 13 19
1633 419 1636 391 1546 1488 1621 1631
2 2000 3 2000 13 82 9 20
419 1639 391 1488 1652 1653 1655 1657 1663 1631
2000 14 2000 4 18 5 18 4 6 16
1698 419 1700 1701 391 1673 1699 1652 1655
4 2000 1 1 2000 7 5 38 38
1761 1762 419 1734 1735 1706 391 1763 1748 1655 1752 1652 1754 1755
1 1 2000 50 5 6 2000 1 8 14 6 14 29 2
1825 1826 419 1796 1829 391 1805 1808 1778 1820 1822
1 5 2000 25 1 2000 2 13 1 2 5
419 1796 391 1835 1805 1842
2000 18 2000 25 128 9
1890 419 1892 391 1868 1805 1842 1891 1886
2 2000 2 2000 32 30 20 1 24
1890 419 1925 391 1929 1930 1868 1904 1842
46 2000 5 2000 2 30 13 8 14
1952 1953 1986 419 1988 391 1987 1946
4 13 8 2000 4 2000 7 13
1953 419 391 1994 2028 2030 2034 2035 1946 2044 2045 2046 2047
104 2000 2000 105 22 11 4 3 42 1 2 1 2
1953 419 2081 2088 2057 1994 391 2092 2093 2095 2065 2098 2099 2071 2090
117 2000 13 13 8 69 2000 12 5 1 8 3 1 74 11
1953 419 391 2152 2156 1994 2092 2160 2161 2163 2071
75 2000 2000 2 1 36 39 3 1 2 27
1953 419 2212 2215 2218 391 2092 2228 2229 2230 2200 2207
40 2000 10 7 7 2000 78 5 2 3 8 22
2256 419 391 2092 2252 2285 2288 2290 2291 2293 2262 2200
15 2000 2000 198 26 10 6 1 1 1 75 23
2337 2338 419 2310 391 2311 2092 2317 2288 2323 2327 2329 2331 2334
3 1 2000 8 2000 7 218 3 15 4 8 7 3 2
2369 2370 419 2342 391 2092 2355 2360 2366 2367
5 1 2000 28 2000 353 2 17 1 2
419 2406 391 2408 2410 2411 2092 2360
2000 35 2000 26 3 1 328 23
419 391 2408 2474 2471 2092 2478 2479 2480 2472 2452 2446 2459 2461
2000 2000 43 4 1 518 6 1 1 1 59 58 13 16
419 391 2539 2092 2446 2544 2545 2485 2491 2493
2000 2000 1 733 86 9 8 84 122 71
2593 419 391 2092 2446 2609 2610 2579 2580 2613 2614 2552 2617 2491 2556 2493 2591
1 2000 2000 625 114 26 8 2 10 3 1 12 2 333 14 48 16
2690 419 2692 391 2664 2092 2446 2653 2632 2644 2682 2491 2493 2622
3 2000 1 2000 16 358 92 20 11 7 19 477 43 39
419 391 2632 2092 2733 2446 2653 2708 2741 2742 2745 2740 2746 2491 2716 2493
2000 2000 6 497 8 17 21 10 14 3 8 5 4 322 82 73
419 2757 2763 391 2791 2092 2446 2799 2800 2802 2740 2798 2491 2493
2000 18 5 2000 14 363 130 1 4 1 36 10 462 80
2817 419 391 2843 2828 2092 2446 2740 2805 2838 2840 2809 2491 2846 2847
58 2000 2000 23 47 460 319 62 13 18 4 9 358 5 2
2912 2817 419 2884 391 2860 2887 2092 2446 2898 2899 2740 2862 2838 2905 2809 2906 2491 2909 2910 2911
3 128 2000 11 2000 25 3 567 469 12 3 50 39 157 8 85 17 373 2 3 2
2817 419 391 2860 2923 2092 2446 2928 2931 2740 2862 2838 2491
81 2000 2000 29 17 889 681 11 4 87 87 81 142
2817 2946 419 391 2092 2446 2960 2963 2965 2967 2491
170 12 2000 2000 1090 1014 3 1 4 1 170
419 2981 391 2092 2990 2995 2996 2446 2998 2999 3002
2000 8 2000 724 61 1 5 724 27 24 5
419 3013 391 3020 3019 2092 3021 2446 3023 3024 3028 3029 3002 3004
2000 8 2000 7 19 586 24 586 2 1 3 2 20 107
419 3013 391 3083 2092 3085 2446 3088 3059 3094 3095 3096 3097 3002 3004 3066 3070
2000 18 2000 10 806 3 806 18 20 6 14 1 5 297 92 5 1
3138 419 3140 3013 391 3116 3083 2092 2446 3095 3128 3127 3002 3004 3098 3134 3135
2 2000 1 38 2000 25 35 673 673 18 4 13 406 125 147 18 6
3137 419 3169 3013 391 3164 2092 2446 3153 3127 3160 3161 3002 3004 3098 3134 3167
12 2000 5 53 2000 6 451 451 23 3 15 19 279 63 181 53 1
3137 419 3013 391 2092 2446 3185 3186 3187 3160 3002 3004 3098 3134
21 2000 5 2000 173 173 6 4 10 16 96 17 60 5
3137 3202 419 3250 391 3240 3241 2092 3245 2446 3215 3098 3259 3255 3224 3002 3247 3229 3253
57 45 2000 2 2000 25 4 156 20 156 43 3 2 1 41 3 15 8 2
3137 3202 419 3300 391 3241 2092 2446 3215 3288 3267 3287 3224 3002 3098 3295
8 118 2000 11 2000 43 50 50 6 10 33 39 237 9 9 3
3387 3202 3331 3301 3267 391 3379 3367 3310 3389 419 3385 3287 3224 3241 3002 3359 3098 3349
6 178 90 62 167 2000 40 16 27 1 2000 4 239 103 26 105 21 105 25
3447 3448 3202 3331 3301 3267 391 3433 3287 3441 419 3444 3450 3415 3224 3449 3002 3423 3098 3359
3 1 93 307 113 11 2000 69 113 1 2000 3 2 49 395 1 125 43 125 169
3202 3331 3301 391 3433 3498 3287 3490 3517 3512 3506 419 3509 3415 3224 3002 3515 3516 3098 3359
96 259 55 2000 222 1 55 4 1 2 2 2000 6 106 65 130 2 1 130 339
3202 3331 3301 391 3433 3287 3554 3537 419 3540 3415 3224 3002 3098 3359
32 153 27 2000 266 27 5 24 2000 25 57 27 154 154 482
3202 419 3558 391 3433 3581 3568 3569 3537 3331 3572 3576 3577 3002 3583 3098 3582 3359
23 2000 50 2000 365 5 1 53 131 12 8 1 1 9 1 9 5 844
3616 3617 419 3558 391 3433 3596 3537 3604 3606 3608 3611 3359
5 4 2000 144 2000 395 78 5 15 12 13 4 845
3649 419 3652 3558 391 3433 3596 3651 3635 3359
14 2000 9 233 2000 253 95 5 5 1162
419 3558 391 3692 3596 3667 3700 3701 3433 3705 3706 3359
2000 302 2000 45 64 34 1 6 172 5 1 1154
391 3596 3730 3732 3359 419 3750 3760 3763 3772 3774 3777 3782 3783 3784 3785 3787 3788 3667 3558 3433 3708
2000 23 25 56 1344 2000 70 1 19 5 25 6 6 1 1 1 2 1 52 258 95 41
3840 3809 419 3844 3750 3558 391 3845 3433 3847 3791 3730 3667 3732 3708 3774 3359
8 38 2000 2 12 251 2000 1 43 3 2 5 7 16 3 175 1356
3872 3809 3874 419 3876 3558 391 3848 3433 3882 3884 3885 3887 3880 3730 3732 3871 3774 3359
3 14 7 2000 5 416 2000 16 84 2 2 1 2 3 48 54 2 361 1157
3810 419 3812 3558 391 3433 3823 3826 3732 3828 3774 3359
24 2000 20 116 2000 6 4 15 110 3 423 799
3810 419 3812 3558 391 3857 3863 3865 3839 3774 3359
21 2000 54 149 2000 8 14 3 44 157 970
3810 419 3812 3910 3558 391 3912 3914 3911 3916 3907 3870 3915 3863 3898 3774 3359
36 2000 139 7 287 2000 1 5 4 2 5 27 1 22 27 292 969
3937 419 3812 3942 3558 391 3913 3947 3917 3870 3945 3898 3774 3359
8 2000 242 3 467 2000 43 8 39 60 1 60 322 1098
4002 419 3812 3558 391 4008 3913 4010 3980 3917 3955 4009 4004 3999 3774 3359
2 2000 241 576 2000 3 31 3 10 4 3 1 9 6 319 851
4034 419 3812 3558 391 3980 3917 4045 4019 4056 3999 3774 3359
42 2000 347 592 2000 46 10 23 69 6 87 458 760
4096 4098 419 3812 3558 391 4104 4095 4103 3980 4045 4019 4084 4094 4090 3999 4060 3774 3359
13 11 2000 557 767 2000 1 7 14 25 210 205 21 7 4 75 130 558 972
419 3812 3558 391 4104 4124 4045 4145 4146 4019 4148 3999 4060 3774 3359
2000 325 1127 2000 19 19 50 14 7 497 9 40 280 325 1407
4192 4196 419 3812 4197 3558 391 4193 4191 4171 4045 4019 4185 4164 4183 3999 4060 3774 3359
3 7 2000 286 2 1041 2000 1 2 26 31 542 30 40 1 41 337 286 1378
4225 419 3812 3558 391 4220 4205 4210 4019 4227 4222 4217 4185 3999 4060 3774 3359
1 2000 323 1073 2000 2 24 8 631 1 2 23 13 83 354 323 1427
4226 419 3812 3558 391 4264 4265 4236 4205 4019 4260 4245 4185 4217 4255 4060 3774 3359
8 2000 365 1352 2000 1 4 89 147 689 2 14 14 139 17 268 365 1620
419 3812 3558 391 4297 4236 4205 4019 4310 4311 4217 4313 4060 3774 3359
2000 559 1292 2000 23 57 42 538 2 2 484 1 149 559 1441
