35 40 43 45 46 49 50 51 53 28
45 24 16 5 63 6 2 2 1 7
99 40 108 46 111 112 81 55 28 95
10 29 1 73 2 2 7 16 61 17
160 46 143 28 158 159
1 25 11 22 5 1
200 184 198 158 190
4 7 2 4 2
234 223 204 231
2 23 24 9
258 235 204 269 243 278 281 282 283 284 285 286
12 172 41 10 2 5 8 2 1 1 1 1
258 235 322 310
21 62 12 6
327 363 364 339 373 377 378 379
63 7 14 63 36 1 1 3
384 427 327 395 430 431 432 339 405 373
2 1 13 26 12 3 1 121 89 13
453 454 395 339 405 445
37 2 62 138 35 9
480 491 487 488 490 395 492 493 494 495 339 405 445
87 3 34 9 4 104 3 2 4 2 82 12 12
480 514 516 518 519 395 524 526 529
42 3 74 9 13 112 5 3 4
587 516 395 589 591 593 594 547 567 580 539
5 36 339 6 17 1 3 8 15 37 37
641 611 649 618 395 591 594 643
4 44 11 6 684 57 184 8
653 674 683 676 678 681 395 658 654 591 594 665 671
7 54 1 4 42 8 431 22 202 19 223 19 14
747 708 678 395 748 654 733 594 665 731 701 735
1 6 24 597 4 129 15 105 101 4 28 7
795 678 395 786 654 785 594 789 758 665 731 796
7 40 301 12 377 15 121 16 47 66 95 1
801 834 678 833 395 812 594 654 785 818 758 825 731 798
11 1 4 7 125 25 63 507 24 47 39 9 63 47
896 395 654 798 812 818 825 833 594 851 731 860 869 876 878 879 885 758 887 891 892 894 895
1 5 898 51 83 51 304 34 5 28 5 2 32 6 23 13 4 29 1 7 9 4 1
812 818 878 946 851 654 950 952 825 954 955 798
51 66 19 30 99 892 2 1 495 2 1 66
996 997 998 812 946 654 818 851 825 798
7 54 1 104 19 1007 94 57 698 94
996 997 1000 1004 1002 812 654 818 851 1006 825 798
43 116 30 1 2 62 1369 76 177 2 1251 76
996 997 1000 812 654 818 851 1045 1049 1048 825 1050 1051 1052 798
51 44 78 11 1361 234 191 18 5 3 1056 1 1 2 234
1092 1091 996 1093 1094 1095 1000 654 818 851 1080 825 1084 798
3 7 109 2 1 1 82 974 61 124 13 842 33 61
1121 1122 996 1130 1100 654 1135 1136 1144 818 851 1102 1143 1080 825 1115 798
60 10 9 13 22 928 6 18 7 69 505 49 2 153 829 19 69
1121 1171 1162 1100 654 1168 851 1080 825 1178 1115 1150 1183
110 13 29 43 588 7 809 167 543 2 43 38 1
1121 1189 1191 1192 1193 1100 654 1168 851 1174 1080 825 1115
142 13 1 1 2 111 888 3 737 67 197 790 111
1121 1189 1235 1194 1100 654 1168 1233 851 1238 1239 1080 825 1115
101 27 4 17 290 783 39 5 805 1 1 186 783 290
1121 1252 1189 1273 1257 1100 654 1272 851 1271 1080 825 1115
52 25 70 7 9 150 1071 3 679 32 67 1071 150
1121 1115 1252 1189 1318 1324 1291 1100 1293 654 1325 1329 851 1327 1294 1302 1271 825 1307 1321 1326
43 26 67 37 9 8 26 26 24 1467 1 2 320 1 14 160 53 1467 17 3 5
1121 1334 1252 1189 1318 1384 1385 1100 1293 654 1359 1357 851 1302 825 1115 1388
22 78 18 68 145 20 3 2 78 1588 59 57 346 167 1588 2 1
1334 1189 1318 1387 1420 1293 654 1359 1357 1437 851 1302 1433 1432 825 1434 1398 1402
123 41 277 57 3 123 1714 24 66 3 279 277 1 3 1714 13 3 12
1472 1473 1474 1475 1334 1318 1387 1293 654 1357 851 1302 825 1434 1468 1437 1471
5 1 4 3 39 399 164 39 1670 43 330 399 1670 2 3 84 7
1504 1505 1318 1527 1387 654 1523 1520 851 1518 1302 1529 825 1530 1437
47 8 386 8 256 1539 6 7 461 17 386 6 1539 1 109
1568 1569 1538 1571 1540 1318 1544 1387 1572 654 1523 851 1518 1302 1527 825 1562 1437 1567
3 1 9 1 3 485 9 139 1 1397 17 603 52 485 19 1397 5 65 1
1600 1601 1318 1544 1387 654 1523 1302 825 851 1437
8 3 474 24 176 1171 69 474 1171 829 109
1602 1318 1639 1544 1387 1644 654 851 1646 1302 825 1627 1437 1631
39 292 9 34 160 4 1138 862 1 292 1138 11 160 21
1318 1544 1705 1387 1709 654 1725 1682 851 1714 1302 1719 825 1437 1631
231 171 24 268 16 1108 4 27 892 6 231 5 1108 268 25
1774 1763 1318 1771 1544 1770 1387 1772 1709 654 1768 851 1749 1302 1751 825 1437 1631
1 40 492 3 39 2 245 3 102 1280 2 720 82 492 80 1280 245 35
1764 1765 1318 1767 1544 1753 1387 1709 654 1757 1768 851 1749 1302 1751 825 1437
3 2 250 1 55 1 194 108 966 4 2 1034 37 250 91 966 194
1792 1803 1796 1318 1799 1801 1802 1387 1804 1709 654 1776 851 1781 1302 1785 825 1437
2 1 9 99 14 3 3 161 1 72 730 19 1270 17 99 15 730 161
1803 654 1302 1437 1825 1828 1318 1840 1844 1845 1848 825 1850 1851 1854 1855 1857 1859 1860 1861 1863 851 1387 1776 1781
1 828 171 221 1 94 171 30 12 10 17 828 2 1 5 1 4 1 3 1 1 1172 221 1 25
1867 1828 1862 1318 1895 1898 1387 1900 1901 654 1840 851 1878 1302 825 1875 1891 1437
91 67 24 76 17 15 138 3 2 808 99 1192 65 76 808 13 1 138
1952 1898 1867 1934 1840 851 654 1878 825 1951
11 51 19 17 198 1133 867 78 867 11
1995 2006 1990 1867 1934 1999 1840 851 654 1878 2007 825 1978 2005
10 4 11 152 80 20 311 734 1266 107 1 1266 17 2
2048 2038 2024 2025 1867 654 1999 1840 2007 851 1934 1878 2041 825 2046 2047
1 11 38 35 170 1414 62 332 20 586 198 160 6 1414 1 12
2112 2103 2024 2025 2058 1867 654 2095 1840 851 1934 1878 2007 825 2107 2109 2110 2111
2 6 57 86 125 405 1271 3 383 729 148 183 87 1271 17 4 4 1
2145 2171 2166 2118 2058 1867 654 2169 1840 851 1934 1878 2007 825 2170 2107
7 1 1 64 140 550 1216 1 488 784 38 118 86 1216 1 65
2192 2198 2118 2058 1867 654 1840 2193 851 1934 1878 2007 825 2107 2199 2197
24 2 125 177 730 1138 373 4 862 119 125 50 1138 77 2 1
2192 2242 2251 2118 2215 2058 1867 1934 2255 1840 851 2260 654 1878 2007 825 2107 2263 2261
38 3 7 234 10 138 482 162 1 488 716 3 1284 234 62 1284 70 2 1
2192 2118 2280 2281 2058 1867 2284 2285 654 1840 851 1934 1878 2007 825 2107 2261
35 87 12 4 243 672 1 1 1241 416 759 46 87 199 1241 35 51
2313 2058 1934 2192 2326 2327 2328 2332 2336 2352 2343 2347 2348 2350 1840 2354 2355 825 2107 2314 654 2118 1867 851 2261 1878 2007 2293
1 144 229 387 5 1 5 82 52 7 3 13 2 1 182 4 1 1649 387 36 1649 47 304 351 83 47 192 95
2058 1934 2192 2332 2336 1840 2357 825 2107 2118 1867 2387 654 1878 2007 2389 2404 2409 2412 2414 851 2420 2293 2422 2423 2261
449 107 386 199 77 449 20 1906 386 3 91 14 1906 3 43 14 14 3 6 10 94 1 60 1 1 178
2432 2058 2445 1934 2192 2332 2336 2467 2471 2473 1840 825 2107 1867 851 654 2007 2409 2293 2425 2427 2429 2261
42 259 69 21 350 54 95 16 2 2 259 1785 350 215 215 1785 168 47 425 9 26 17 178
2058 2519 2445 654 2192 2332 2336 2476 1840 825 2107 2497 1867 851 2261 2007 2522 2528 2530 2531 2532 2409 2293 2427
136 9 65 1776 93 66 88 62 136 1776 93 36 224 224 164 54 30 3 2 7 2 170 550 25
2561 2058 2445 654 2575 2192 2577 2581 2582 2584 2586 2587 2336 2476 1840 825 2107 2570 1867 851 2261 2007 2522 2535 2409 2293 2554 2427
27 97 120 1612 18 186 7 3 4 1 1 1 26 90 97 1612 186 2 388 388 214 110 126 13 278 601 13 28
2561 2058 2445 654 2192 2597 2476 2605 1840 825 2107 2620 2621 2626 2627 2628 1867 851 2261 2007 2522 2409 2293 2427
153 58 174 1549 174 2 11 23 58 1549 174 15 21 2 8 1 451 451 200 164 83 287 706 27
2688 2561 2690 2691 2689 2058 2445 654 2192 1840 825 2107 2621 2293 1867 851 2261 2007 2522 2409 2671 2677 2678 2680 2682
2 238 2 2 2 224 184 1524 184 224 1524 184 28 615 476 476 252 178 156 298 29 2 10 16 2
2561 2058 654 2706 2722 2724 2725 2726 1840 2739 2740 2741 2742 825 2621 1867 851 2261 2007 2522 2409 2293 2680
119 223 1347 30 1 8 38 29 223 4 2 1 1 1347 70 653 653 521 316 103 337 541 70
2777 2561 2763 2726 2759 2409 2058 1867 654 1840 851 2293 2774 2007 825 2522 2779 2261
4 92 7 46 43 157 170 400 1600 170 400 936 12 243 1600 7 2 448
2777 2800 2726 2759 2775 2058 1867 654 2813 1840 851 2293 2806 2007 825 2793 2812 2810 2409 2261
43 4 91 193 100 224 690 1310 2 224 690 855 2 552 1310 19 4 2 138 231
2867 2864 2775 2853 2726 2759 2409 2058 1867 2873 654 1840 2866 851 2868 2261 2007 2872 825 2814 2293
6 5 76 24 18 149 177 332 903 1 1097 332 3 903 15 220 726 2 1097 82 545
2864 2919 2923 2775 2917 2759 2920 2409 2058 1867 654 1840 851 2293 2007 825 2922 2814 2261
11 12 1 50 14 309 10 131 388 1110 890 388 1110 334 979 890 2 153 168
2993 2919 2980 2958 2759 2920 2775 2058 1867 2261 654 1840 2952 851 2293 2007 825 2990 2995 2814 2409
4 143 3 14 430 43 112 328 1191 12 809 328 69 1191 469 989 809 4 1 271 202
2952 2058 3031 2958 1840 2995 825 3011 3014 2759 1867 851 654 2775 3033 3038 2919 2920 2409 2293 2007 2814
8 262 5 19 262 14 722 26 23 777 1278 1278 722 233 5 8 89 17 108 460 1170 214
3104 3100 2759 3014 2775 2409 2058 1867 3085 654 1840 851 2293 2007 3095 825 3098 3099 3071 2814 3103
2 1 829 50 215 315 234 1502 2 498 234 1502 264 1187 48 498 1 12 4 49 1
2814 3139 2775 3109 2759 3152 2409 2058 1867 3149 654 1840 3147 851 2293 2007 3095 825 3146 3134 3125
33 12 16 38 896 1 339 418 1533 2 467 418 1 1533 49 1194 15 467 1 6 13
3200 3201 2058 654 1840 3125 825 2293 2759 1867 851 2007 3161 3167 3176 2409 3178 3179 3189 3193 2814 3199
1 2 361 424 361 63 424 63 913 1576 1576 1359 16 1 68 217 11 59 14 4 63 4
3234 3179 2759 3176 2409 2058 1867 654 1840 851 3252 3125 2007 3224 825 3199 2814 2293
6 219 1322 33 28 316 1548 452 316 1548 5 136 1520 28 452 7 136 136
3298 3179 3300 3267 2759 2058 1867 654 1840 851 2293 3286 2007 3224 825 3290 2814 3125
3 67 3 5 1565 246 1697 303 246 1697 57 1 1697 61 303 16 57 57
3329 3339 2759 3331 3337 2058 1867 654 1840 851 3125 2007 3224 825 3338 3297 3306 2814 2293
14 2 1402 5 8 547 1423 577 547 1423 30 1423 125 577 1 11 8 30 30
3395 3396 3397 3398 2759 2058 1867 654 1840 851 3125 2007 3224 825 3391 3385 2814 2293
4 1 1 3 1459 509 1459 541 509 1459 32 1459 34 541 1 3 32 32
3431 3457 3458 3459 3460 2759 2058 1867 3405 654 1840 851 3434 3414 2007 825 3452 3453 3422
1 4 1 1 1 1782 218 1782 28 218 218 1782 4 2 1782 218 3 11 12
3481 3489 3490 3499 2759 2058 1867 3501 654 3503 1840 3505 851 3502 2007 825 3434
20 26 6 1 1823 177 1823 6 177 1 177 2 1823 1 1823 177 2
2759 2058 1867 654 1840 851 3534 2007 3512 825 3547 3548 3530
1848 152 1848 152 152 1848 11 1848 13 152 8 1 9
2759 3530 1867 654 1840 851 3534 3574 2007 825 3579 3580 2058
1789 51 1789 211 211 1789 2 44 1789 211 28 2 211
3645 3585 2759 2058 1867 654 3581 1840 3602 851 3534 2007 825 3642 3615 3644 3530 3646 3605
2 43 1657 343 1657 343 49 343 28 1657 30 1657 343 7 5 3 160 3 20
3712 3585 2759 2058 1867 3660 3698 3534 3709 1840 3602 851 654 2007 3704 825 3662 3581 3646 3711
1 2 1626 374 1626 4 8 91 8 374 42 1626 374 1626 18 374 52 185 40 8
3719 2058 654 3729 3602 3736 3747 3750 3751 3756 3759 1840 3761 3762 3763 3764 825 3646 2759 1867 851 2007 3581
5 752 752 33 112 31 40 21 2 5 7 752 6 8 2 1 752 200 1248 1248 1248 1248 310
3719 2058 654 3729 3602 3750 1840 3767 825 3646 2759 1867 851 2007 3803 3811 3815 3820 3822 3823 3828 3581
24 714 714 151 9 7 714 5 714 31 1286 1286 1286 1286 9 16 17 7 5 2 3 223
3856 3874 3867 3750 2759 2058 1867 3719 654 3823 1840 3864 851 2007 3832 825 3866 3803 3581 3870
24 6 21 97 1511 489 1511 3 489 2 489 7 1511 1511 37 489 15 155 283 10
3929 3750 2759 2058 1867 3930 654 1840 3922 851 3918 3925 2007 3928 825 3866 3803 3581 3870 3903
2 13 1663 337 1663 1 337 337 1 1663 4 5 1663 1 337 123 97 315 81 19
3969 2058 3980 654 3985 3989 3994 3995 3996 3997 3998 3999 4003 4004 4005 1840 825 3903 2759 1867 851 2007 3929 3803 3581 3967
21 563 8 563 2 7 16 9 1 7 3 2 1 1 2 563 563 4 1437 1437 1437 1437 7 7 268 9
4038 2759 4040 2058 1867 654 1840 4050 851 4042 4055 2007 825 3994 3581
3 1396 32 604 1396 604 604 3 1396 4 3 1396 604 41 280
4107 4101 2759 4040 4105 2058 1867 4108 4109 654 4093 1840 4106 851 4110 4078 2007 825 3994 3581
1 2 1456 8 11 544 1456 2 2 544 36 544 2 1456 3 16 1456 544 142 198
4144 4135 4133 2759 4040 4105 2058 1867 4140 654 3581 1840 851 4078 2007 825 3994 4143 4142 4093 4127
3 11 32 1332 22 16 668 1332 3 668 82 668 1332 5 1332 668 60 6 7 23 19
2058 654 3994 4127 1840 4146 825 2759 4040 1867 4176 4178 851 2007 4184 4185 4189 4190 4192 4193 3581 4093
524 524 87 38 524 30 524 1476 9 1476 30 16 1476 1476 8 3 12 1 1 2 96 129
4176 4235 4246 2759 4040 2058 1867 654 3581 1840 4247 851 4244 4245 4234 2007 4248 825 4220 4093 4127
110 9 1 1520 73 480 1520 480 73 480 2 1520 6 3 19 1520 1 480 28 123 17
4176 4290 2759 4040 2058 1867 4300 4301 654 4093 1840 851 4310 2007 4280 825 4315 4220 3581 4318 4127
17 44 1671 34 329 1671 8 18 329 142 329 1671 7 1671 17 329 10 156 34 3 35
4290 4313 4307 2759 4040 4316 2058 1867 4301 654 4303 1840 851 2007 825 4314 3581 4220 4093 4311 4127
98 1 16 1665 24 1 335 1665 132 335 22 335 1665 1665 335 1 24 183 106 6 192
4353 4290 4324 4357 2759 2058 1867 4301 654 4368 4369 1840 851 4370 2007 825 4220 4093 4127
19 62 12 9 1756 244 1756 102 244 4 1 244 1756 1 1756 244 237 314 171
4407 4290 4420 4357 4421 2759 4424 4403 2058 1867 4301 654 4381 1840 4426 851 2007 825 4220 4093 4127
86 156 6 24 10 1518 3 52 482 1518 25 482 58 482 2 1518 1518 482 177 240 116
4407 4449 4290 1867 2759 4403 2058 4427 4301 654 1840 851 2007 4444 825 4220 4093 4127
71 71 166 1649 1649 138 351 50 129 351 351 1649 1649 16 351 183 325 27
4485 2058 4493 654 4502 4509 4510 4513 4514 4515 4516 1840 4403 4407 825 4290 1867 2759 4427 4301 851 2007 4449 4453 4220 4093
48 230 23 230 1 3 3 1 1 1 1 230 283 32 230 398 1770 1770 64 102 1770 1770 32 42 364 342
2058 654 4521 1840 4403 4407 825 4544 4290 4549 2759 4552 4553 1867 4556 4301 851 2007 4449 4453 4220 4093
253 253 96 253 292 42 253 14 352 11 1747 3 7 1747 1 155 1747 1747 42 98 417 292
2058 654 4521 1840 4403 4407 825 4290 2759 1867 4301 851 2007 4449 4579 4453 4588 4599 4600 4601 4220 4093
63 63 289 63 356 67 63 458 1937 1937 10 1937 1937 67 10 53 24 3 2 2 477 356
4608 4617 4644 4645 4521 4403 4662 4407 4665 4666 4667 4670 4671 4673 4290 2759 1867 851 2007 4449 4588 4220 4093
70 13 1 6 45 45 4 126 5 11 1 1 2 2 555 2000 2000 2000 2000 126 63 193 45
4608 4449 4290 2759 4407 1867 851 2007 4697 4666 4220 4701 4702
127 153 420 2000 153 2000 2000 2000 8 16 319 2 2
4608 4449 4290 4675 4708 2759 4407 1867 4701 4691 851 2007 4666 4220 4714
66 248 565 20 3 2000 248 2000 1 4 2000 2000 45 420 5
