2 68 70 71 10 66 16 17 51 22 58 59
6 2 1 2 7 1 21 33 1 21 2 10
101 102 104 116 85 89 122 59 124 125
37 13 19 5 10 19 6 4 11 2
101 104 170 173 174 175 176 177 178 85 168
97 49 1 2 2 2 1 3 1 2 1
224 225 229 230 104 203 175 217 220 222
10 16 7 3 109 56 29 10 17 2
224 225 291 295 270 280 220 255
14 15 2 5 6 7 16 31
225 359 356 373 362 363 370 366 349 338 372 341 365 348 317 255
44 4 7 1 4 6 7 12 43 4 2 38 1 79 27 32
225 419 421 362 397 404 407 348 349 415
19 5 1 64 14 12 4 44 143 8
458 451 453 465 362 462 463 433 468 469 470 349
11 9 8 2 37 1 1 28 1 8 3 240
362 493 495 498 499 349
251 73 1 2 2 137
512 514 515 518 520 521 362 502 349 511
9 3 8 6 7 2 268 28 64 19
544 362 526 561 502 572 349 574
2 441 50 29 57 4 139 3
641 642 582 362 623 628 629 598 632 635 349 639
1 1 60 435 48 17 15 60 10 1 75 1
708 582 679 680 362 654 628 686 598 697 692 349 702
4 133 3 20 526 20 247 7 12 4 13 6 3
736 737 710 582 680 362 654 628 724 726 729 697 731 733 735
2 2 31 35 44 1102 126 48 118 3 14 94 7 3 1
771 774 775 654 793 795 797 799 800 803 582 680 697 710 782 726 731 362 628 758 760 764 767
10 44 6 13 22 2 3 1 2 1 4 61 67 10 3 9 26 1164 61 12 28 10 11
833 774 838 680 841 362 812 846 847 848 582 628 760 842
77 25 7 66 8 989 54 1 2 1 22 66 69 37
833 898 900 870 897 362 880 883 885 760 891 892 842 894 895
155 2 3 83 8 945 13 8 9 10 1 8 105 4 54
833 930 900 934 870 897 968 362 971 972 935 967 919 961 966 955 892 842 895
213 40 148 101 9 27 1 1244 3 1 9 4 9 3 4 4 7 288 158
1024 897 930 900 934 1025 362 935 1026 1011 990 1018 892 842 1022 895
2 89 166 344 7 2 1151 20 3 6 7 1 20 340 15 125
1088 897 930 900 935 1087 362 1086 1074 1044 1022 1081 1050 1083 842 990 895
2 251 167 192 9 1 998 2 4 2 21 10 96 6 337 56 63
897 930 1091 900 362 1154 1150 1138 1130 1050 842 990 1119
241 189 40 112 909 2 2 5 7 37 138 59 9
1184 897 930 1188 900 1212 362 1198 1138 1091 1205 1207 1209 1210 1180 1194 990
4 307 148 19 158 1 1015 6 94 74 1 9 8 1 4 2 49
897 1091 900 1253 1254 1251 1257 362 1227 1245 1235 1258 1255
264 36 342 2 3 8 2 1307 52 3 109 1 6
897 900 362 1235 1237 1238 1239 1240
201 395 1578 437 9 3 1 2
1280 897 1287 900 1281 362 1291 1264 1265 1235 1284 1274 1290 1279
5 63 2 159 3 1843 2 59 18 745 10 9 2 5
900 362 1323 1293 1264 1330 1235 1333 1338 1279
48 1907 58 44 26 46 878 5 4 15
1376 1379 900 1381 1382 362 1330 1388 1293 1362 1235 1366
3 3 164 19 12 1967 2 1 139 8 534 4
1411 900 1381 1382 1415 1416 1417 362 1379 1293 1390 1235 1412 1418 1413
24 127 19 105 8 11 7 1935 41 169 24 445 8 1 1
900 1447 362 1431 1293 1454 1457 1458 1235 1463 1464 1468
31 41 1924 50 2 8 1 2 206 6 4 3
1474 900 1527 1480 362 1431 1488 1522 1235 1526 1463 1528 1514 1502
1 17 1 25 1965 17 21 10 261 2 108 1 20 33
1474 1539 1480 1545 362 1554 1235 1556 1463 1564 1532 1566 1567
4 21 21 15 1891 36 230 9 95 4 21 5 1
1605 1608 362 1611 1612 1614 1583 1235 1463 1610
9 1 1846 4 1 3 5 319 108 3
1675 1605 362 1463 1645 1678 1235 1667 1687 1689 1626 1691 1692
5 43 1700 93 8 27 307 7 2 5 15 1 1
1605 362 1675 1645 1711 1235 1463 1724 1733
79 1502 8 29 68 182 68 8 1
1765 1766 362 1711 1745 1746 1235 1749 1463 1605
3 1 1493 1 10 77 445 1 1 19
1800 1801 362 1804 1806 1807 1808 1809 1235 1779 1811 1802 1790
8 2 1368 2 9 3 6 2 696 8 2 2 7
1856 1857 1858 1859 1860 362 1808 1235 1854 1846 1779 1850 1851 1852 1790
3 2 1 4 3 1391 286 683 2 15 89 7 4 6 34
1920 362 1881 1808 1235 1779 1846 1879 1913 1915 1885 1918 1919
3 1670 16 651 981 25 28 14 15 4 16 4 1
1985 362 1964 1970 1808 1938 1235 1973 1846 1913 1978 1979 1948 1981 1982 1983
2 1608 25 16 396 34 1212 7 195 34 1 1 10 5 4 1
2016 2017 2019 2024 362 2029 1808 1938 1235 2005 1846 1913 2011 2026 2003
21 28 10 1 1615 1 536 2 1079 17 258 2 10 7 19
2017 2083 2084 2057 362 1808 1235 2069 1846 2077
214 1 2 49 1937 738 1199 7 208 24
2017 2152 2153 362 1808 2161 2162 1235 2165 1846 2136 2077 2143
146 15 15 1992 1150 1 10 842 1 153 23 34 14
2017 2212 2152 2217 362 2190 2218 1808 2216 1235 1846 2153 2136 2171 2077 2206
64 1 25 2 1982 1 1 969 2 1013 270 25 87 10 54 22
2203 2198 2152 2153 362 2190 1808 1235 2196 1846 2171 2204 2205 2206
2 1 10 10 1814 8 1071 743 11 271 32 2 2 1
2259 2216 2249 362 2251 2253 2255 1808 2257 1235 2260 2261 1846 2239
3 30 18 1966 9 6 7 1316 1 650 3 2 98 57
2320 2249 362 2317 2319 1808 2321 1235 1846 2296 2239
4 40 1962 3 7 1548 1 414 94 1 17
2352 2249 362 2365 1808 2332 1235 2387 1846 2359 2330 2383 2364 2378
30 78 1855 7 1563 16 292 3 51 10 7 4 10 11
2352 2373 362 2379 1808 1235 2387 1846 2393 2395 2396 2397
24 14 1536 94 1314 222 4 54 9 3 1 3
2352 2434 2435 2422 362 2379 2414 1808 2416 1235 1846 2426 2437
50 2 1 6 1066 182 165 910 8 156 40 1 3
2352 2434 2467 2470 2471 362 2379 2414 1808 1235 2485 1846 2487 2488 2442
284 32 49 6 1 895 134 254 502 393 2 78 2 2 12
2498 2352 2530 362 2379 2544 2434 2414 1808 2546 1235 2548 2549 2553 2554 2555
7 47 59 1102 10 15 105 36 979 3 123 1 7 2 3 1
2352 2596 2597 2598 2593 2600 362 2599 2414 1808 2577 1235 2587 2590 2591
167 1 1 2 26 1 1545 1 49 1250 41 295 10 11 3
2625 2631 362 2636 2606 1808 2617 2587 2634
45 24 1794 4 25 1794 21 8 16
2691 2663 2696 2665 362 2606 1808 2678 2697 2680 2634
2 24 1 7 1936 88 1936 3 1 4 36
2663 2664 2665 362 2669 2606 1808 2677 2679 2634
130 9 38 1992 10 68 1992 1 1 78
2663 2665 362 2727 2733 2701 1808 2739 2677 2742 2744 2745 2746 2634
6 13 2000 6 27 18 2000 9 18 15 4 4 5 96
2800 2805 2808 2792 2793 362 2796 2701 2799 1808 2744 2803 2773 2776 2779 2677
9 2 1 6 5 2000 7 20 1 2000 123 3 13 16 2 70
2800 2819 362 2701 1808 2744 2836 2677 2838 2776 2875 2844 2878 2879
56 38 2000 15 2000 238 7 97 44 81 5 18 8 1
2800 2914 2917 2918 2913 362 1808 2677 2838 2744 2906 2844 2910
4 6 2 1 3 2000 2000 19 43 253 34 21 17
2948 2941 362 2955 2956 2957 2958 2925 1808 2677 2744 2922
14 26 2000 18 1 2 1 44 2000 39 291 44
2992 362 2955 2925 2991 1808 2677 2744 2971 2922 2965
2 2000 6 110 4 2000 50 110 6 110 74
3040 3011 362 2925 1808 3000 3032 2965 2744 3039 2922 2677
2 5 2000 46 2000 46 43 31 67 1 46 52
3072 3056 3081 362 3051 3084 1808 2744 3032 2965 3000 3070 2677
1 6 2 2000 2 3 2000 91 11 26 156 5 43
3110 3089 3081 362 1808 3000 3123 2677 3113 2744 3130 3131 3132
8 4 129 2000 2000 76 8 165 15 231 16 4 2
3136 3184 3081 362 3179 3182 3183 1808 3123 2677 3177 2744 3163 3134 3167
19 2 23 2000 10 2 2 2000 209 32 5 177 27 75 2
3237 3081 362 1808 3123 3220 2744 3225 3226 3163 3134
2 21 2000 2000 102 13 149 3 61 55 40
3280 3299 3300 3301 3081 362 1808 3288 3123 2744 3289 3226 3163 3292 3134
12 3 3 2 88 2000 2000 12 314 56 15 62 83 8 91
3361 3330 3365 3366 3367 3081 362 1808 3123 3358 3321 2744 3289 3163 3292 3134 3359
3 11 7 2 3 75 2000 2000 207 4 11 73 3 21 55 125 5
3365 3431 3081 362 3435 1808 3416 3123 3414 3433 2744 3321 3419 3434 3134 3429
76 11 76 2000 5 2000 29 434 37 11 92 41 43 1 183 20
3489 3480 3459 3365 3463 3081 362 3458 3490 1808 3416 3123 3444 3414 2744 3482 3134
3 8 5 216 26 25 2000 16 2 2000 41 450 3 182 95 5 216
3365 3463 3081 362 3533 3534 3535 1808 3537 3123 3414 2744 3134
112 19 63 2000 8 3 3 2000 2 351 81 102 112
3585 3365 3559 3081 362 3533 3566 3571 1808 3574 3602 3123 3605 3414 2744 3579 3613 3134
6 78 87 8 2000 16 3 19 2000 10 13 571 16 78 35 178 5 78
3616 3649 3650 3651 3652 3365 3654 3559 3643 362 3566 1808 3635 3123 3646 3414 3579 3134 3653
66 3 1 6 10 154 1 160 2 2000 55 2000 5 311 8 154 85 154 3
3616 3699 3365 3559 362 3566 1808 3665 3698 3123 3700 3646 3414 3579 3678 3690 3134 3701
9 1 15 136 2000 104 2000 5 3 279 3 33 15 95 15 17 15 2
3714 3727 1808 3733 3741 3744 3747 3365 3752 3754 3755 3757 3758 3123 3646 3134 3414 3559 362 3566 3701 3579
22 2 2000 15 7 30 3 5 2 4 1 4 3 285 104 5 5 202 2000 203 115 59
3779 3787 3559 362 3783 3794 3566 1808 3762 3123 3796 3701 3579 3754 3646 3797
16 14 127 2000 36 3 33 2000 6 353 20 104 158 25 11 12
3813 3846 3848 3849 362 3851 3822 3701 1808 3123 3796 3797 3830 3832 3579 3850 3829
18 3 1 1 2000 4 18 1 2000 97 38 88 26 7 97 5 25
3907 3908 3909 3878 3911 362 3887 1808 3123 3910 3797 3579 3850
18 4 1 8 1 2000 36 2000 113 1 331 113 25
3907 362 3887 1808 3123 3797 3926 3928 3929 3579 3850
36 2000 73 2000 51 296 7 1 13 51 36
3977 362 3887 1808 3953 3123 3956 3797 3579 3967
1 2000 120 2000 11 40 29 205 40 3
4004 362 3887 1808 3986 3123 3797 3579 3987 4010
25 2000 64 2000 98 95 98 95 57 2
4064 3123 4066 4036 4065 362 4044 4045 3887 1808 4049 3986 3987 3797 4056 4057 4058 3579 4060 4062
3 42 1 3 1 2000 1 24 16 2000 10 3 89 3 11 26 12 42 8 1
3123 4135 4105 362 4139 4142 4143 1808 4049 4114 3987 4137 4088 3579
60 4 10 2000 6 7 3 2000 11 5 149 1 30 60
3123 4163 4169 362 4175 1808 3987 3579 4170
26 33 11 2000 1 2000 88 26 4
4194 4163 4198 362 4206 1808 4209 4210
11 41 18 2000 3 2000 1 1
4227 4243 4230 4198 362 4203 1808 4241 4242 4163 4244 4245
95 10 18 6 2000 29 2000 2 2 47 4 1
4272 4163 4292 4293 4291 362 1808 4307 4306 4227 4252
52 158 5 4 2 2000 2000 1 5 7 32
4320 4272 4163 4292 4325 4328 4329 362 4352 1808 4355 4342 4347
16 12 222 62 51 21 8 2000 2 2000 2 5 15
4336 4354 4163 4292 4325 4353 4328 4329 362 1808 4344 4345 4350
11 2 111 22 24 1 87 41 2000 2000 4 29 4
4384 4386 4387 4388 4328 4329 362 1808 4362
7 7 5 1 88 121 2000 2000 37
4432 4391 4328 4329 362 4397 4431 1808 4400 4435 4436 4410 4362
9 68 46 68 2000 77 10 2000 2 1 1 48 110
4481 4485 4391 4329 362 4397 1808 4472 4440 4473 4475 4362 4478
19 2 624 103 2000 96 2000 3 5 6 1 4 9
4528 4391 4329 362 4524 4397 4525 1808 4504 4509
3 601 1 2000 23 47 2 2000 66 68
4560 4391 4552 4329 362 4555 4397 4559 1808 4561 4563 4553 4509
6 729 22 8 2000 3 26 3 2000 8 2 6 8
4579 4391 4585 362 1808 4573
9 931 6 2000 2000 51
4640 4644 4391 362 1808 4630 4601 4573 4639
2 5 1136 2000 2000 8 52 168 21
4673 4677 4678 4679 4680 362 4391 1808 4601 4666 4573
11 8 8 3 2 2000 713 2000 54 1 217
4715 4710 4678 4391 4713 362 4711 4716 1808 4689 4697 4601 4700 4573
2 12 46 590 3 2000 8 1 2000 72 14 42 57 173
4795 4391 4744 362 4779 4718 1808 4689 4788 4791 4792 4601 4794 4731 4573 4734
1 573 3 2000 11 97 2000 167 4 8 6 118 1 77 120 1
