1 42 44 54 52
15 11 22 1 1
97 98 94 86 78
20 5 22 37 24
160 98 130 157 152 148 117 120 116 156 125 158
1 50 12 4 6 5 50 17 28 10 19 10
193 98 227 197 225 203 130 207 211 117 223 220 222 229
59 22 6 18 3 20 34 9 9 20 1 6 4 1
193 259 203 269 270 117 267
134 11 33 1 1 28 4
288 193 289 203 278 284 286
4 123 2 193 8 8 9
289 203 193 329 331 333 334 301
75 81 140 15 5 4 1 17
289 354 358 193 329 203 366 368 369 341 361 349
3 30 1 99 26 50 5 1 5 24 22 3
193 329 427 429 431 361 411
46 68 11 2 1 27 22
193 454 449 361 472 479
62 61 37 90 2 10
515 517 454 361 518 463 498 506 507
1 2 58 25 1 19 44 4 13
569 572 574 454 553
19 4 1 16 16
454 582 553 591 592 593 594
79 78 79 27 1 2 1
645 454 553 582 654 657 658 628 634 606
28 4 4 88 11 2 3 10 12 42
708 582 710 654 664 666 606
4 203 1 22 18 65 144
708 582 778 749 783 784 785 766 664 666 606
23 268 11 15 1 1 7 1 16 83 162
708 838 582 839 840 845 814 791 666 826 606
55 13 293 17 2 4 18 112 21 2 5
708 869 582 873 845 886 791 666
82 39 338 34 53 3 6 152
929 930 899 708 933 582 910 931 791 666 925
5 1 50 29 5 173 36 2 58 59 2
962 899 708 582 963 950 791 952 964 954 958
3 79 3 386 8 25 103 8 1 21 2
993 996 582 1001 983 1004 791 952 954
11 17 272 18 21 2 289 36 57
582 1047 791 952 1051 1052 1021
266 9 498 128 2 6 12
1093 582 1068 1094 791 952 1084 1021
4 11 54 2 440 28 7 28
1089 1090 1091 1093 582 1096 1098 1068 791 952 1021 1087
19 2 1 9 30 9 4 22 481 70 70 73
1152 1089 1154 1123 582 1153 1155 1140 791 1118 1087
1 66 2 5 320 2 3 24 509 16 13
1185 1218 1219 582 1089 1163 1196 1168 1201 1204 1205 1206 791 1212 1215
11 1 2 191 73 57 2 80 8 2 4 13 761 1 2
1185 582 1089 1226 1207 1230 1168 1201 1238 791 1243 1244 1245
62 171 23 38 3 61 69 3 18 701 21 2 1
1248 1264 1252 582 1258 1230 1263 1168 1238 791 1243
4 1 85 11 7 172 12 68 11 954 136
1252 582 1293 1230 1263 1168 1266 1299 1300 1269 1238 791 1243 1301
186 5 3 163 4 171 30 15 2 14 5 804 90 1
1252 1350 1351 1299 1321 1230 1168 1352 1331 791 1342
295 7 4 15 46 282 319 1 31 1202 2
1408 1252 1388 1230 1168 1361 791 1400 1403 1372 1406
2 382 42 45 589 10 1391 1 6 22 2
1456 1411 1252 1446 1388 1168 1459 1461 791 1406
4 230 115 3 19 804 2 2 1470 88
1411 1252 1509 1510 1512 1485 1168 1491 791 1464 1501 1406
100 57 2 4 3 7 1196 37 1789 75 58 14
1584 1411 1512 1515 1581 1582 1168 1587 1491 1588 1589 791
13 329 30 81 16 13 1221 1 32 1 1 1549
1632 1600 1411 1515 1581 1168 1491 791 1592 1593
2 3 131 193 6 1155 42 1816 3 39
1664 1680 1411 1670 1676 1515 1644 1678 1168 1682 1635 1667 791
27 8 140 14 1 410 52 2 1434 1 125 38 1718
1664 1712 1411 1707 1667 1704 1515 1644 1168 1635 1716 1699 791 1723 1724
84 16 126 1 27 38 400 27 1503 37 22 36 1816 2 2
1664 1712 1635 1771 1768 1769 1515 1411 1741 1168 791 1778 1747 1779 1782 1783 1704 1776 1781
92 96 117 7 10 6 270 9 4 1644 1947 10 56 7 1 2 32 7 2
1664 1712 1794 1635 1829 1830 1831 1704 1834 1515 1836 1826 1838 1837 1168 1747 791 1784 1786
135 193 46 182 10 2 2 73 9 235 5 12 3 3 1454 48 1927 7 50
1664 1712 1794 1635 1704 1867 1515 1836 1168 791 1880 1786 1883 1884 1885
58 107 17 120 221 16 141 36 1363 1779 20 263 2 1 1
1664 1712 1635 1895 1704 1515 1168 1905 1911 1908 791 1786
101 93 62 73 192 62 1326 8 1 1 1808 344
1664 1712 1954 1635 1957 1958 1895 1704 1515 1914 1168 1952 1973 791 1976 1977 1786 1949
124 46 3 74 9 3 18 345 74 2 1207 10 5 1655 7 1 397 10
1664 1984 1635 2000 2017 1704 1515 1997 1168 2002 2004 1973 2006 791 1786 2014 2015
383 7 152 11 1 90 152 16 1548 9 11 35 10 1910 510 4 4
1664 2064 1635 1704 1515 2060 1997 2027 1168 1973 791 2040 1786
295 1 87 238 87 50 57 18 1458 10 1762 37 351
1664 1635 2087 1704 1515 2060 1997 2093 1168 2065 2083 1973 2102 791 2105 1786 2076 2106
565 110 44 239 110 17 48 20 1612 38 27 88 5 1761 1 629 53 1
1664 2112 1635 1704 2140 1515 2127 1168 2065 2132 1973 791 2136 2137 1786 2108 2138
650 27 144 103 3 144 30 1856 39 15 2 1897 7 11 724 52 2
1664 2177 2178 1635 2179 2150 1704 1515 2156 1168 2065 2171 2132 791 2169 1786 2167 2108
594 2 1 405 1 8 11 405 3 1989 22 2 48 1989 1 676 34 217
1664 2177 1635 2180 2204 1515 1168 2196 791 1786 2108 2206 2207
191 24 562 5 2 562 2000 12 2000 831 532 2 1
2272 1635 2257 2268 1515 2222 1168 2264 2275 2196 2262 791 2232 2233 1786 2108 2270 2207
4 686 8 9 686 33 2000 3 2 26 13 2000 12 55 582 278 4 56
2320 2306 1635 2108 2314 1515 2317 1168 2322 2196 791 2315 2324 1786 2300 2207
9 24 921 193 71 921 11 2000 6 14 2000 7 1 436 157 148
2327 2369 2306 1635 2372 2343 2108 2314 1515 2380 2381 1168 2385 2384 2388 791 1786 2300 2207
54 5 65 679 18 1 281 54 679 20 7 2000 9 2 1 2000 479 43 110
2327 2416 1635 2449 2300 2314 1515 2380 1168 2456 2451 2452 791 2424 2457 1786 2108 2207
66 7 950 1 105 58 950 4 2000 7 1 10 2000 36 1 447 206 26
2455 2314 791 1168 2452 2327 2458 2207 2472 2474 2479 2485 2487 2488 2489 2108 2493 1635 2492 1515 1786 2300
151 189 2000 2000 73 44 116 4 80 28 6 1 21 2 2 102 2 1384 3 1384 156 281
2314 2455 1168 2452 2327 2458 2472 2474 2487 2108 2496 2507 2508 791 2515 2519 1635 2533 1515 2543 2545 2548 2549 1786 2300
283 31 2000 189 56 176 77 68 2 87 2 21 2 2000 5 21 1250 30 1250 6 3 1 1 95 321
2314 791 2576 2577 2578 2452 2327 2458 2587 2589 2592 2594 2472 2474 2108 1168 1635 1515 2543 2580 1786 2300
347 2000 30 8 12 61 11 116 3 1 10 3 79 85 11 2000 1566 1566 36 1 11 280
2603 1635 2472 2314 1515 2607 1168 2452 791 2612 2458 2300
4 1621 19 269 1621 15 2000 44 2000 7 155 174
1635 2314 1515 1168 2452 791 2618 2619 2300 2458
1523 248 1523 2000 169 2000 27 2 75 75
2675 2659 2663 2652 2314 1515 2671 1168 2679 2674 1635 2452 2677 2678 791 2676 2618 2300 2458 2623
3 21 14 11 20 1724 14 2000 1 10 1724 146 1 1 2000 13 91 21 21 123
2720 1635 2692 1515 2701 1168 2705 2452 791 2713 2618 2719 2716 2682 2623
1 1633 130 1633 7 2000 22 455 2000 2 128 1 1 73 3
1635 2692 2731 2730 1515 2733 1168 2452 791 2618
1756 79 3 12 1756 9 2000 604 2000 74
1635 2692 2757 2730 1515 2733 1168 2452 791 2778 2782
1762 4 54 32 1762 81 2000 647 2000 10 2
2839 2818 1635 2820 2757 2730 1515 2798 2845 1168 2835 2452 2837 791 2842 2843 2794
19 26 1740 21 8 80 1740 8 2 2000 10 408 22 2000 2 2 11
2818 1635 2884 2858 1515 2882 1168 2871 2867 2452 2837 791 2730 2846
44 1702 4 18 1702 3 2000 1 18 419 70 2000 232 57
2818 1635 2886 2730 1515 2924 2927 1168 2929 2935 2452 2837 2934 791 2937 2922
199 1734 7 98 1734 2 1 2000 2 1 250 62 1 2000 2 13
2977 2818 1635 2981 2941 2984 2953 2922 1515 2956 2989 2986 2973 1168 2452 2837 791 2988 2939 2972 2730
20 62 1840 4 23 4 19 24 1840 45 2 7 20 2000 216 259 2000 4 144 57 13
3040 3024 2818 1635 3041 2922 1515 2956 3023 1168 2452 2837 791 3002 2939
2 16 48 1954 1 66 1954 51 15 2000 91 126 2000 82 127
2818 1635 3047 3052 3050 1515 2956 3069 1168 3058 2452 2837 791 3065 3002 2939 3068 3066 3061
18 1840 32 8 3 1840 189 1 2000 5 64 120 2000 6 284 77 2 2 8
3104 3106 1635 3076 3083 3113 3082 1515 2956 1168 3114 2452 2837 791 3002 3100 3066
15 13 1588 4 5 5 22 1588 107 2000 1 43 293 2000 48 15 15
3168 3166 1635 3076 3173 1515 2956 1168 3083 2837 791 3172 3002 3165 3134
2 7 1722 64 1 1722 83 2000 34 386 2000 2 43 4 101
1635 3076 3145 3146 1515 2956 1168 3147 3148 2837 791
1722 54 8 5 1722 196 2000 6 1 240 2000
1635 3176 3209 3146 1515 2956 3150 1168 3208 3187 3211 2837 791 3192 3198
2000 5 1 12 2000 161 13 2000 2 77 1 325 2000 5 7
3248 3234 1635 3219 3251 1515 2956 3218 3150 1168 3250 3187 2837 791 3227
3 5 2000 4 2 2000 113 7 142 2000 1 98 375 2000 21
1635 3300 3318 3315 3305 1515 2956 3150 3311 1168 3314 3283 2837 3254 791 3321 3322 3227 3324
2000 10 2 1 2 2000 284 24 7 2000 1 10 252 146 2000 2 2 51 2
1635 1515 2956 1168 3346 3347 3348 2837 3254 791 3339
2000 2000 432 2000 73 5 3 180 75 2000 13
3360 3383 1635 3393 1515 2956 1168 3395 3392 2837 3254 791 3385 3386 3387 3359
38 14 2000 5 2000 679 2000 2 1 64 72 2000 5 2 8 50
3360 3424 3426 1635 3428 3429 3430 3431 3432 1515 2956 1168 3410 2837 3254 791 3419 3387 3421
376 7 1 2000 7 1 1 2 1 2000 568 2000 1 30 5 2000 42 20 2
3360 1635 3460 3433 1515 2956 3485 1168 791 3482 3419 3453 3487
499 2000 33 20 2000 565 10 2000 2000 13 49 53 1
3360 3489 1635 3521 3433 1515 2956 1168 3569 3572 3568 791 3419 3516 3517 3547 3573
593 23 2000 90 201 2000 559 2000 5 1 20 2000 115 6 2 5 1
3360 3521 3618 1635 3620 3621 3622 3489 3624 3433 1515 2956 1168 3604 3573 791 3610 3419 3612
837 223 1 2000 1 6 3 27 3 38 2000 527 2000 1 26 2000 25 97 2
3360 3521 1635 3660 3621 3676 3658 1515 2956 1168 3573 3638 791 3672 3419 3675 3644 3677 3678
897 177 2000 39 142 1 6 2000 569 2000 30 11 2000 1 15 5 63 2 1
3360 3521 3724 1635 3723 3621 3719 3681 3688 2956 1515 3660 1168 3573 3702 791 3721 3701
1231 245 2 2000 3 178 2 60 20 419 2000 178 2000 82 4 2000 1 5
3360 3521 1635 3621 3752 2956 1515 3660 3725 3758 3757 1168 3747 3573 3734 791 3742
1084 363 2000 140 24 366 2000 140 31 2 15 2000 1 87 14 2000 83
3360 3521 1635 3813 3814 3815 3816 1515 2956 3725 3757 1168 3796 3573 791 3800 3770 3742 3807
1184 300 2000 4 5 1 3 2000 316 48 21 2000 5 13 2000 26 8 17 14
3360 3521 1635 2956 1515 3852 1168 3796 3862 791 3770 3867 3868 3866 3742
772 159 2000 381 2000 24 2000 182 3 2000 191 3 2 10 10
3360 3521 1635 3873 3914 1515 2956 1168 3889 3911 3907 3796 3862 791 3866 3770
421 69 2000 3 1 2000 202 2000 1 2 35 91 9 2000 30 760
3360 3521 1635 3948 3915 1515 2956 3952 3945 1168 3953 3954 791 3770 3947 3866
466 89 2000 9 13 2000 28 3 7 2000 2 1 2000 940 16 49
3360 3521 3970 1635 3915 2956 3981 3982 3983 1168 3957 791 3770 3947 3866 1515
700 34 4 2000 71 71 4 4 1 2000 12 2000 882 3 122 2000
3360 1635 4005 3915 1515 2956 4013 4014 1168 4035 4020 4021 791 4024 4025 3770 4027 3866 4030 4031
507 2000 34 233 2000 233 7 14 2000 1 4 6 2000 2 42 710 8 60 8 3
4097 4100 4101 4104 4105 2956 1168 791 3866 3360 4005 4014 3770 4027 4035 3915 4066 1635 4070 1515 4077 4080 4087 4092 4093
10 5 4 2 2 105 2000 2000 102 469 47 140 1073 110 110 105 57 2000 4 2000 4 20 5 4 1
4100 2956 1168 4142 791 3360 4005 4137 4141 4014 4143 4147 4151 4152 4153 3770 4027 4035 3915 4066 1635 1515 4092 4093
71 195 2000 23 2000 438 27 32 19 87 10 1 9 2 4 1137 6 6 195 18 2000 2000 51 35
3360 4161 1635 4100 4005 4199 4176 4201 3915 1515 2956 1168 4212 791 4216 4217 3770 4219
111 77 2000 14 31 28 17 9 45 2000 45 2000 1 2000 5 7 1434 2
3360 4161 4226 1635 4005 4225 4176 3915 1515 2956 1168 791 4216 4217 3770
168 56 3 2000 23 7 74 23 2000 23 2000 2000 52 34 1024
3360 4176 1635 4275 4161 4265 1515 4269 4270 1168 4231 4274 4227 791 4216 3770 4272 4279
109 139 2000 1 25 3 2000 5 7 2000 11 1 19 2000 109 1132 6 3
3360 4176 1635 4324 4325 4161 4328 4330 1515 4300 4320 1168 4280 791 4216 3770 4317 4311
115 86 2000 8 6 18 2 2 2000 45 17 2000 126 2000 115 975 9 15
3360 4368 1635 4358 4359 4176 4362 1515 4300 4366 1168 4369 791 4216 3770 4350
52 1 2000 7 4 13 26 2000 34 3 2000 1 2000 52 1240 14
3360 1635 1515 4300 1168 4433 4436 791 4216 3770
56 2000 2000 56 2000 3 2 2000 56 1121
4480 3360 4482 1635 4438 1515 4300 1168 4469 4474 791 4216 3770 4475 4442 4447
16 52 2 2000 26 2000 52 2000 4 9 2000 52 1313 4 18 1
3360 4513 4514 1635 4485 1515 4300 4495 1168 4497 4509 4512 4500 4501 4474 791 4216 3770 4508 4506
89 2 1 2000 12 2000 89 61 2000 31 1 3 17 12 3 2000 89 1228 1 19
4495 1168 791 3360 4515 4516 4524 4534 3770 4575 4545 4300 4567 4569 4570 4572 4573 4538 4576 1635 1515 4216
121 2000 2000 29 10 77 1 49 915 3 19 29 23 2 6 2 2 49 2 2000 2000 29
