32 4 38 41 42 44 47 49 51 52 30
55 28 4 17 12 2 1 1 1 1 19
32 97 98 4 101 102 103 72 42 94 100 30
121 4 1 56 1 1 1 83 36 1 2 46
32 97 135 72 139 141 142 125 146 147 148 118 156 157 159
311 61 11 90 32 38 13 16 23 5 20 18 3 3 2
32 97 72 210 202 139 178 142 209 146 217 185 218 125
417 138 98 23 3 65 32 23 2 48 7 20 1 138
32 257 259 260 146 97 266 139 210 239 178 244 185 250 125 263
518 32 6 3 4 106 4 40 44 54 113 21 44 19 106 1
32 97 293 257 139 288 301 239 304 178 244 306 250 125
489 162 47 43 43 24 26 47 2 52 65 3 25 162
32 257 354 359 293 97 360 361 139 288 333 239 320 336 178 244 301 343 125 350 357
629 223 1 2 101 24 2 1 223 66 60 175 33 2 23 39 101 9 24 61 4
32 257 97 139 333 288 401 178 416 244 417 407 408 377 239 412 125 350
398 259 25 259 34 53 9 11 1 74 1 47 3 43 16 1 25 9
32 257 450 419 452 448 139 429 244 407 447
184 259 2 48 2 7 259 6 122 46 31
32 257 419 484 481 139 498 463 496 466 244 502 471 505 507 508
219 99 18 35 32 99 4 17 17 28 54 3 2 1 1 1
32 257 419 139 547 244 534 537 541
185 38 44 38 3 62 9 12 1
32 609 587 619 550 257 616 139 620 244 534 576
233 28 3 7 69 79 13 79 1 76 43 46
32 257 550 657 616 648 139 653 655 625 244 534 609 633 640
124 39 46 3 44 4 39 6 9 30 4 106 11 21 6
32 706 709 711 616 713 682 712 690 534
297 7 1 4 12 1 35 2 8 50
32 534 706 739 741 744 745 682 747 748 723 726 727 728 731 746 734
413 1 10 2 3 3 1 22 1 3 31 9 2 11 24 4 12
32 800 802 804 805 807 776 795
253 4 1 8 2 1 35 4
32 866 870 872 873 776
88 17 8 1 2 28
32 928 932 938 939 908 878 923 924 925
263 1 4 4 1 19 117 10 27 7
32 908 878 943 944 985 986 989
181 10 35 39 39 35 5 2
32 1025 1027 1024 1005 878 943 944 1012 1006
221 1 3 14 5 29 35 35 43 2
32 1056 1033 878 943 944 1051 1054 1055
131 1 79 79 29 29 17 42 5
32 1094 1033 1066 878 1110 1112 1116
149 44 106 40 106 25 2 2
1184 1187 1094 1161 1182 1183
11 1 112 79 26 2
1220 1222 1094 1223 1161 1202 1210 1182 1221
7 2 149 3 100 12 37 33 1
1094 1255 1161 1266 1261 1202 1268 1240 1274 1275 1182
195 2 6 10 6 62 4 19 4 1 6
1280 1281 1283 1285 1094 1287 1291 1266 1240 1278
10 30 2 6 7 1 1 5 9 8
1240 1325 1302
7 3 34
1377 1352 1353 1325 1329 1331 1302 1373 1374
4 25 6 25 36 14 9 1 4
1329 1385 1382 1353
47 1 18 10
1411 1353 1418 1389 1329 1443 1429 1400
24 66 5 22 28 12 17 32
1477 1353 1501 1492 1502 1462 1495 1400 1497 1498 1499 1469 1470 1493
18 34 2 1 3 66 1 85 2 4 4 6 1 2
1400 1480 1492 1508
48 11 8 1
1538 1539 1512 1523 1492 1527 1532
2 2 4 16 30 14 6
1571 1523 1492 1574 1572
13 15 15 4 4
1634 1640 1641 1642 1579 1614 1619 1623 1629
1 2 8 9 7 13 14 14 35
1699 1700 1704 1642 1667 1684 1629 1695
8 3 1 242 70 7 26 13
1667 1642 1717 1722 1723 1629
281 186 21 1 1 108
1667 1769 1642 1773 1774 1775 1776 1749 1723 1629 1717
153 11 204 1 19 10 1 23 23 125 33
1667 1798 1801 1642 1816 1809 1717 1784 1817 1818 1819 1629
6 34 67 475 1 2 77 16 1 1 4 126
1824 1642 1837 1848 1717 1846 1847 1784 1849 1629 1845
104 466 61 3 21 3 3 12 1 83 5
1824 1888 1889 1642 1629 1717 1877 1878 1882 1884 1885 1887
262 1 3 714 20 8 43 67 3 13 3 2
1824 1921 1889 1928 1897 1642 1931 1933 1934 1935 1877 1878 1911 1916 1930
159 113 59 7 59 644 4 10 14 3 59 190 12 3 9
1824 1921 1956 1642 1964 1967 1970 1940 1878 1975 1976
242 69 11 956 11 1 23 43 91 1 2
1824 1921 1956 1642 1970 2004 2005 1878 2010 2011 2013 2014
146 67 13 1033 27 4 4 140 3 2 4 1
1824 1921 2050 1642 2059 2028 2069 2072 2042 2058
53 139 6 773 3 4 3 1 4 4
1824 1921 2120 1642 2126 2095 2101 2102 2127 2109 2111
4 368 5 432 4 39 2 13 1 6 33
1921 2146 2152 2153 1642 2095 2129 2134 2154 2142 2143
463 25 1 3 322 25 21 10 5 21 6
1921 1642 2188 2191 2196 2197 2198 2170
439 258 36 6 24 1 3 10
2208 1921 2215 1642 2221 2224 2228 2229 2230 2231 2170
32 314 88 250 19 1 2 5 4 1 101
1921 2242 2276 2248 1642 2283 2284 2221 2288 2233 2170
592 77 14 12 245 42 1 67 3 13 6
1921 2242 1642 2283 2221 2334 2327 2330 2331 2333 2302 2335
523 5 278 22 149 6 1 1 3 2 45 3
1921 2371 2342 2345 1642 2283 2380 2221 2353 2363 2346 2334 2335
416 38 2 20 468 181 2 82 2 94 14 58 48
2432 1921 2283 2437 2433 1642 2443 2444 2221 2447 2448 2371 2421 2425 2363 2428 2346 2334 2335
31 197 17 13 8 377 8 3 156 6 2 8 10 7 53 7 52 73 25
1921 2505 2346 2475 2221 2511 2448 2521 2523 2524 1642 2334 2335
64 12 165 5 141 7 13 14 3 5 561 10 12
1921 2594 2595 1642 2221 2543 2589 2334 2591
56 1 3 447 114 170 1 38 3
1921 2631 2648 1642 2221 2543 2640 2641 2645 2647 2616 2334
3 2 1 281 393 75 9 2 1 1 42 27
2701 2693 1642 2700 2221 2702 2543 2640 2673 2707 2708 2711 2616
2 4 278 2 21 17 97 88 32 2 7 1 84
1642 2702 2640 2744 2616 2781 2750
273 22 38 17 69 22 8
2822 2823 2824 2825 1642 2839 2640 2616 2834 2807 2744
5 6 3 5 85 2 220 9 2 15 77
1642 2640 2865 2846 2744 2873 2843 2877 2878 2879
172 54 4 35 3 6 2 3 5 2
2948 2950 2953 1642 2956 2957 2640 2878 2936 2905 2940 2877 2846
5 1 10 156 2 1 93 9 10 8 9 55 199
3014 3015 3016 3017 1642 2983 2640 2974 2877 2846 3007
5 11 14 2 362 26 60 26 41 95 12
3041 1642 3051 3055 3057 3059 2846 3007
17 212 2 20 5 1 147 96
3072 3041 3106 3108 3110 3104 1642 3084 3119 3088 3121 3122 3095 3097 2846 3007
40 36 13 8 2 3 71 38 2 52 2 2 7 5 61 72
3072 3041 3144 3164 1642 3122 3123 3159 3163 3132
31 86 13 1 358 33 170 28 1 154
3041 3204 3208 1642 3179 3122 3123 3159 3192 3195 3132 3210 3198
52 10 2 94 55 9 131 37 38 9 131 2 26
3264 3041 3237 3240 3179 3248 3123 3262 3192 3226 3132 3261 3230
1 106 11 30 6 6 47 5 30 98 47 13 8
3041 3304 3309 3310 3312 3313 3314 3123 3226 3132 3294
76 1 1 2 1 4 3 19 76 19 9
3392 3041 3394 3335 3304 3376 3123 3348 3385 3226 3132 3386
2 126 2 75 5 2 72 2 1 126 72 1
3041 3458 3427 3425 3123 3434 3335 3459 3442 3443 3422 3414 3226 3132 3453 3454
66 1 1 44 29 36 77 1 1 26 9 49 66 29 4 8
3520 3041 3523 3524 3527 3335 3528 3529 3466 3499 3425 3443 3479 3226 3484 3422 3519
3 95 6 1 1 25 11 1 117 7 9 4 4 95 20 47 8
3041 3335 3466 3425 3536 3539 3541 3542 3226 3422 3519
60 156 10 156 6 3 2 1 60 78 3
3425 3041 3335 3570 3573 3226 3580 3581 3422
289 11 289 7 2 11 1 1 15
3425 3335 3595 3628 3629 3631 3632 3633 3634
529 529 47 8 1 1 2 2 3
3425 3653 3335 3657 3595 3665 3666 3644 3645
585 6 585 6 45 6 1 2 30
3425 3682 3335 3690 3696 3698 3704 3706 3644
533 49 533 18 6 10 1 2 24
3425 3682 3335 3708 3755 3724 3757 3758 3759 3760 3733 3714 3706 3644
557 16 557 48 9 4 7 10 1 4 21 6 23 115
3808 3425 3804 3335 3785 3755 3733 3798 3644 3805 3807
2 454 3 454 29 4 78 11 143 1 2
3425 3335 3785 3850 3733 3831 3644
316 316 7 4 7 5 225
3425 3877 3335 3785 3855 3888 3894 3892 3733 3862 3644
96 49 96 31 28 13 4 3 31 12 161
3425 3900 3785 3335 3920 3733 3935 3932 3644
8 22 63 8 28 63 8 14 225
4000 4001 3940 3976 3785 3996 3980 3983 3986 3733 3991 3995 3644 3997 3998
1 1 45 16 38 4 11 19 15 38 2 8 510 8 1
4034 4037 3644 4042 4041 4025 4028 4029 4031
5 6 927 3 5 14 42 32 4
4068 4037 4070 3644 4050 4028 4029 4062
3 32 1 1062 9 42 171 3
4097 4098 4068 4104 3644 4082 4059 4028 4029
7 8 33 1 1187 2 34 14 124
4128 4138 4140 4149 4059 3644 4029
40 1 17 13 9 1503 250
4128 4161 4187 4192 4173 4189 4180 4181 4182 4183 4059 3644 4029
24 33 12 2 37 8 30 11 25 13 58 1563 561
4192 4235 4236 4237 4180 4215 4219 3644 4029
46 5 8 1 124 2 47 1822 326
4192 4290 4291 4293 4297 4299 4300 4285 4275 4180 4281 3644 4029
31 9 15 6 1 1 3 1 17 103 23 1989 289
4328 4329 4331 4332 4335 3644 4029
17 15 3 2 1 2000 277
4378 4386 3644 4029 4382
3 1 2000 308 39
4416 4418 4419 4420 4421 4424 3644 4412 4029
2 12 4 1 7 3 2000 75 329
4418 4455 4412 4459 4460 4461 4462 3644 4029 4446
97 28 16 2 3 1 1 2000 375 15
4418 4491 4484 4488 4459 4029 4496 4468 4495 3644 4477
72 17 4 12 57 269 1 25 2 2000 23
3644 4554 4459 4525 4558 4029 4553 4541 4557 4508 4477
2000 8 42 23 1 292 9 1 2 7 156
4611 4581 4614 4617 4459 4477 3644 4029 4574
16 1 1 1 58 134 2000 305 25
4611 4459 4621 4029 4637 4630 4635 3644 4477 4638
46 100 24 59 1 15 12 2000 57 1
4646 4679 4682 4459 4684 4029 4689 4691 4630 4696 4697 4698 3644 4477
12 5 29 235 7 18 5 5 297 1 1 2 2000 123
4749 4747 4745 4746 4459 4717 4750 4029 4739 4630 3644 4477
1 9 4 3 374 73 1 38 1 160 2000 611
