66 27 38 67 52 53 54 57 59 60 61
1 29 8 2 5 2 26 3 15 4 3
91 101 102 76 109 118 120 90 27
24 19 19 22 23 5 2 2 17
129 102 166 167 173 176 177 178 179 153 91
66 274 12 19 3 4 7 1 1 29 14
214 166 102 167 201 202 173 213 182 217 216 153 218 219 197
1 35 311 41 1 8 59 3 22 1 1 69 3 1 5
256 259 261 102 263 264 266 267 173 182 247 153
11 2 4 177 1 3 1 1 37 2 64 2
320 288 325 102 328 301 271 247 312 319
31 13 4 80 4 14 31 148 17 34
102 363 364 366 271 337 341 247 319
132 11 26 3 9 21 37 20 94
421 102 363 428 434 398 271 337 370 436 341 247 441 439 442 414 319
47 3 66 15 13 2 7 113 113 6 11 7 12 1 1 1 28
421 486 487 363 434 494 493 337 370 474 444 478 319
86 4 4 220 12 2 3 86 86 65 1 12 14
515 487 421 536 519 363 337 370 499 534 535 504 474 478
37 34 42 2 21 96 42 42 48 1 1 74 153 54
547 421 487 584 589 337 370 499 597 598 600 474 595 602
102 23 29 2 17 23 23 146 4 2 2 166 4 3
611 612 421 337 649 620 658 654 655 656 547 370 499 630 631 633 474
49 22 6 6 13 23 1 2 8 8 25 6 196 43 32 14 144
673 706 708 709 620 657 690 499 696 633 474 700
94 7 9 1 70 86 41 253 6 17 20 10
741 742 753 746 657 690 499 762 700
25 5 31 36 57 135 140 2 50
741 778 753 690 499 788 787
33 10 5 233 116 8 1
690 499 692 693 694 695
370 101 16 3 2 2
705 755 695 749 690 499 692 759 762
88 9 14 9 304 135 103 5 4
705 804 808 809 815 816 817 690 499 692 792
39 9 2 3 1 2 1 293 346 352 68
867 869 870 841 499 690 851 692 809 792 859
3 7 3 48 296 60 46 663 22 463 2
896 899 900 869 888 499 692 792 889 894
4 2 3 39 31 178 353 745 2 2
896 929 930 900 910 499 692 919 792 925
82 1 2 123 19 57 548 1 574 8
896 961 943 692 982 792 985
70 9 12 593 9 466 1
896 999 1000 1001 943 692 792 988
8 12 5 2 78 411 143 34
1024 1030 1034 1037 943 692 1013 1014 792 1017 1039
11 5 7 1 20 541 61 20 40 13 1
1058 1078 1034 1069 692 1013 1046 1079 1080 1077
56 4 40 19 687 197 7 1 1 1
1088 1058 1091 1095 1034 692 1013 1078
35 38 8 15 189 732 239 27
1088 1058 1123 1127 1128 1034 1132 1138 692 1013 1078 1143 1144 1145 1146
107 111 6 5 15 109 14 3 902 15 34 5 1 2 3
1088 1153 1058 1127 1128 1034 692 1013 1078 1143 1176 1177 1146 1178
115 3 214 58 21 96 830 21 103 40 2 7 108 1
1058 1222 1127 1128 1225 1223 1201 1199 1224 692 1013 1078 1143 1210 1180
120 2 17 62 2 6 27 16 3 774 62 28 27 6 24
1249 1058 1128 1201 1267 692 1013 1078
16 3 73 47 3 924 73 16
1233 1128 1225 1230 1231 1201 692 1013 1240 1241 1214
1 20 5 10 6 143 933 20 2 2 11
1284 1128 1291 1294 1263 1201 1299 692 1013 1271 1276 1214
16 114 25 10 19 82 10 693 114 13 35 8
1313 1314 1315 1333 1128 1322 1291 1263 1201 1330 1299 692 1013 1271 1300 1320 1214 1311
32 6 1 2 127 1 9 217 205 1 20 410 127 65 13 7 111 9
1376 1377 1371 1374 1128 1263 1201 1363 1300 1013 1271 692 1370 1327 1214 1375
4 3 5 2 135 176 290 5 90 135 46 468 16 32 197 2
1128 1395 1263 1201 1363 1300 1013 1398 1399 692 1370 1403 1404 1401 1214 1397
36 7 345 169 49 65 36 5 3 251 98 9 1 3 147 5
1409 1411 1395 1128 1418 1451 1443 1263 1201 1363 692 1013 1431 1300 1370 1453 1437 1214 1413
2 55 53 85 12 7 19 464 266 57 224 85 99 167 38 3 8 57 8
1474 1300 1128 1463 1491 1263 1201 1395 692 1013 1431 1465 1370
19 260 61 13 7 315 386 29 260 61 57 17 1
1508 1549 1263 1552 1201 1554 692 1525 1526 1431 1300 1530 1551
26 1 186 2 333 3 120 18 9 24 120 17 1
1593 1575 1263 1584 1201 692 1525 1526 1591 1560 1300 1567 1596 1597 1598 1557
10 16 36 11 639 64 13 119 9 75 64 22 1 8 2 37
1665 1667 1669 1670 1201 1575 1643 1614 1263 1584 1617 692 1526 1649 1560 1300 1660 1662
2 2 8 1 498 1 25 15 18 1 51 162 211 13 88 162 2 11
1700 1649 1643 1708 1614 1617 1201 1716 692 1685 1526 1560 1300 1695 1724 1662 1717
28 25 56 4 25 3 262 12 142 59 108 247 142 7 1 3 6
1760 1762 1766 1767 1643 1743 1201 692 1685 1526 1560 1300 1759 1756 1749
1 4 6 2 161 5 396 162 79 223 346 162 10 6 8
1813 1799 1801 1643 1201 692 1685 1526 1815 1560 1300 1777 1759
5 51 52 160 143 158 137 52 1 539 158 9 93
1813 1799 1801 1643 1840 1201 1842 1843 692 1685 1833 1560 1300 1841 1759
140 30 74 200 32 154 5 1 161 142 25 335 161 10 142
1201 1801 1643 1841 1863 692 1813 1877 1560 1300 1759 1685
32 6 120 59 3 307 68 4 311 307 45 45
1899 1927 1929 1930 1643 1932 1933 1201 692 1813 1560 1300 1905 1877
55 18 1 11 9 1 1 57 654 32 204 654 25 32
1952 1986 1988 1990 1961 1899 1201 692 1973 1877 1943 1300 1978 1813
31 4 15 2 5 29 39 755 15 1 21 755 48 1
2026 2027 1998 1201 2034 692 2038 2041 1300 1978 2012 1994 2047
8 28 50 69 8 955 30 5 955 61 114 8 2
2080 2083 2084 2085 2086 2056 1998 2063 1201 692 2038 1300 1978 2012 2078
2 4 4 3 1 56 98 22 30 1007 5 1007 62 256 71
2132 2056 2108 2122 2124 2063 2128 2130 2131 692 2110 2105 1300 2012 2078 2079
2 3 1 29 24 40 4 2 2 1264 6 31 1264 267 209 78
2182 2187 2174 2192 2161 692 2142 1300 2138 2012 2078 2079
2 2 6 1 26 1182 68 1182 38 249 396 244
2240 2242 2211 2187 692 2238 2233 1300 2138 2235 2012 2078 2079
2 1 2 87 847 3 24 847 55 6 471 234 212
2325 2292 2324 2187 2317 2318 2319 2323 692 2078 2294 1300 2138 2235 2012 2238 2079
5 4 9 209 10 3 11 6 704 26 2 704 27 57 182 42 26
2138 2187 2238 2353 692 2357 2361 2360 1300 2362 2012 2333 2334 2335
24 261 100 25 527 31 16 4 527 3 238 27 53 11
2401 2403 2405 2406 2376 2012 2187 2353 1300 2334 2361 692 2396 2238 2409
6 7 15 6 64 413 76 6 206 19 67 206 4 231 13
2409 2410 2187 2477 2478 2479 2353 2450 2451 1300 2455 2456 692 2459 2012 2238
48 84 103 1 2 2 92 23 3 47 16 18 47 5 497 314
2410 2187 2509 2543 2544 2353 2450 2451 1300 2487 2456 692 2012 2238
46 53 8 9 1 9 15 10 15 15 42 15 551 348
2561 2571 2585 2569 2410 2187 2578 2543 2577 2450 2451 1300 2487 2584 692 2555 2012 2238
6 9 1 12 70 7 8 10 10 40 10 40 40 9 40 49 431 133
2619 2594 2187 2599 2410 2571 2611 2615 2617 2555 2012 2238
2 5 21 29 34 57 14 2 4 21 234 161
2688 2689 2690 2691 2692 2599 2684 2410 2571 2686 2012 2238 2687
1 3 3 1 1 95 1 6 128 11 40 34 3
2723 2731 2599 2571 2733 2735 2736 2706 2715 2716 2718
8 2 51 247 6 1 1 8 3 3 14
2811 2769 2791 2599 2571 2813 2801 2806 2810 2779 2749 2799
6 8 11 101 337 1 33 1 1 33 26 2
2859 2852 2599 2857 2571 2860 2801 2779 2845
11 16 82 32 112 1 82 59 50
2859 2852 2887 2890 2571 2893 2862 2895 2896 2801 2891 2869 2894 2876 2845
17 42 11 7 151 4 123 4 1 220 5 19 3 8 301
2852 2917 2571 2862 2941 2801 2932 2935 2938 2939 2940 2845
4 34 63 54 1 327 15 2 22 4 3 189
2980 2917 2983 2996 2571 2862 2991 2992 2801 2994 2995 2932 2966 2969 2938 2971 2845 2943
7 32 5 4 34 213 3 7 383 1 1 34 26 24 20 15 414 58
3043 3044 2917 3046 3050 2571 2862 2801 3027 3030 3031 3033 3012 2845 2943
8 19 23 5 1 44 601 266 18 1 12 14 5 707 98
3074 3081 2571 3052 2862 2801 3091 3092 2845 2943
36 2 24 11 540 225 18 1 540 125
3105 3171 3177 3178 2571 2862 3119 3179 2801 3091 3156 2845
16 17 3 3 42 686 15 1 357 74 13 686
3105 3171 2571 3212 2862 3215 3216 2801 3218 3091 2845 3198
174 21 21 1 587 18 9 700 1 33 587 5
3105 3266 3235 3239 3274 3275 2862 3280 2801 3267 3252 3221 3227 2845
81 12 45 28 2 3 1130 3 591 1 5 45 81 1130
3329 3235 3332 3334 3105 3239 3339 3341 2862 2801 3342 3316 3221 3319 3338 3227 3292 2845 3327
10 124 4 1 4 4 5 2 1106 766 2 6 124 20 2 179 62 1106 15
3362 3235 3364 3366 3369 2862 3376 2801 3379 3221 3382 3385 3227 2845 3349
21 99 8 13 5 1507 2 493 17 99 3 2 620 1507 20
3362 3235 3428 3441 3432 3433 3434 3447 2862 2801 3444 3445 3446 3401 3349 3396 3227 2845 3221
32 35 4 1 1 20 3 2 1425 575 6 1 4 33 15 35 866 1425 35
3488 3362 3483 3463 3433 2862 3485 2801 3227 2845 3486 3487
1 23 31 23 43 1728 6 272 940 1728 1 3
3362 3531 3524 3493 3527 2801 3528 3433 3530 3463 3532 3533 2862 3517 3522 3505 3523 3227 2845
13 3 4 82 3 73 4 47 6 13 1 3 1927 2 4 26 1 1298 1927
3555 3493 3433 3563 3532 2862 3572 3576 3227 3580 2845 3582
80 167 194 45 11 2000 3 3 1607 1 2000 2
3555 3493 3623 3433 3563 2862 3605 3641 3614 3227 2845 3582
159 217 14 390 171 2000 28 46 2 1654 2000 33
3681 3555 3684 3493 3686 3623 3433 3563 2862 3605 3227 2845 3582 3685
3 494 7 63 1 178 303 63 2000 58 1200 2000 7 7
3555 3493 3623 3752 3433 3563 3767 2862 3760 3605 3769 3768 3737 3227 2845 3749
563 6 108 12 188 6 3 2000 3 18 1 1 11 1329 2000 3
3809 3810 3555 3814 3623 3816 3433 3815 2862 3805 3605 3227 3804 2845
19 3 249 15 283 2 112 4 2000 15 5 1468 10 2000
3809 3555 3623 3433 3850 3851 3820 2862 3833 3227 3804 2845 3839
15 348 364 107 3 4 9 2000 11 1288 24 2000 50
3872 3555 3623 3433 3853 2862 3892 3863 3227 3804 2845
67 327 243 41 68 2000 1 11 1430 128 2000
3872 3555 3623 3932 3898 2862 3933 3925 3923 3918 3894 3930 3227 3804 2845 3935
97 267 293 3 6 2000 2 1 2 3 11 2 1440 3 2000 2
3555 3623 3976 3943 3995 3986 2862 3954 3989 3994 3227 3996 2845
351 514 27 4 1 6 2000 5 20 7 1135 1 2000
4032 4033 4034 3555 3623 3976 2862 3986 3994 3227 2845
1 1 1 132 363 38 2000 110 44 1505 2000
3555 4004 4015 3623 3976 4011 2862 4029 3986 3994 3227 2845
159 15 3 146 211 7 2000 16 179 69 1695 2000
4065 4069 4070 3623 3976 4011 2862 4029 4048 3986 4058 3994 3227 2845
5 1 3 45 503 14 2000 17 41 457 8 41 1955 2000
4128 4129 4118 3623 3976 4138 4109 2862 4125 4136 3986 4110 4086 3994 3227 2845
4 6 40 17 494 1 134 2000 1 2 255 18 168 39 1983 2000
3976 4109 4110 3986 4118 3994 3227 2845 3623 2862 4086 4166 4188 4191 4199 4202 4204 4205 4207 4209 4210 4212 4213 4214
320 167 12 131 10 86 1954 2000 46 2000 50 13 33 7 4 14 11 2 2 5 2 1 1 1
4225 4251 4246 4242 3976 4109 2862 4237 3986 4250 4238 4086 4247 4248 3994 3227 4252 2845 4245
5 5 4 3 198 189 2000 11 80 3 18 5 5 2 194 2000 1 2000 9
4323 4328 4330 4331 4332 4109 4238 3976 3986 2862 3994 3227 2845
17 12 4 1 2 40 245 40 131 2000 221 2000 2000
3976 4330 4109 4238 4335 4336 4328 4338 2862 3994 3227 2845 3986
21 6 21 223 17 1 51 1 2000 43 2000 2000 97
4387 4406 4391 4360 4238 4335 4400 2862 4342 4408 4409 3227 2845 4405
15 2 29 95 306 91 1 2000 5 2 2 2000 2000 3
4416 4417 4420 4423 4360 4426 4391 2862 4335 4433 4435 4238 3227 2845 4405
36 53 9 17 134 4 4 2000 227 6 1 211 2000 2000 6
4416 4417 4483 4487 4488 4489 4458 4491 4460 4238 4335 4360 2862 4477 4474 3227 2845
30 109 4 2 4 1 27 1 9 424 27 6 2000 23 7 2000 2000
4417 4482 4481 2862 4477 4238 3227 2845 4479
189 5 2 2000 96 605 2000 2000 6
4417 4518 4520 4521 4522 4524 4525 4238 4498 2862 4505 4506 3227 2845
13 4 3 2 2 5 2 670 28 2000 1 11 2000 2000
4581 2862 4498 4238 4568 3227 2845
13 2000 17 969 9 2000 2000
