1 11 12 7
87 2 1 47
1 49 50 51 52 54 56 57
2 1 3 1 1 5 2 3
84 83 76
2 7 19
130 115 131 101
2 34 1 65
193 194 196 197 177 183 155 101
42 1 1 1 26 1 20 222
222 193 101 177 221
1 160 41 25 31
288 193 177 249 250 285 286
2 23 92 42 29 2 3
288 193 329 333 335 177 286 249 313 318
24 10 34 7 2 68 31 66 20 30
352 354 333 335 177 350 342 313 344 249 349 318 351
2 2 7 17 5 3 25 75 3 93 10 25 1
416 417 354 419 359 362 391 418 335 400 372 342 413 415
1 3 11 1 17 14 21 1 110 8 20 49 5 3
457 458 427 429 462 335 466 468 446
5 3 21 36 15 18 3 1 6
485 470 502 427 525 335 530 531 534 535 538
61 4 15 9 6 71 11 7 9 15 1
544 545 485 590 335 592 594 597 502 569
18 85 183 3 96 22 3 1 72 27
545 610 611 485 590 592 594 569 607
3 1 1 114 10 17 49 42 14
651 644 645 665 618 663 590 656 659 660 654 662 631 569 485
6 10 6 1 13 3 45 18 5 4 6 1 6 99 171
716 485 710 711 712 713 714 684 590 720 721 722 693 569 618
1 87 17 1 2 7 7 6 304 2 1 1 25 17 132
485 710 714 684 749 590 751 753 754 755 569 618
117 32 38 34 2 359 1 6 1 1 34 104
772 485 590 783 785 786 787 757
14 103 219 15 17 2 1 12
772 485 838 839 842 843 844 845 590 785 846 804
45 59 3 37 6 2 2 1 124 45 2 53
772 485 785 843 877 590 880 849 883 884 878 804
47 118 46 72 1 57 6 47 4 5 5 8
485 935 843 941 917 919
114 17 66 6 15 36
997 1002 843 1004 974 946 919 965 485
6 3 7 1 16 34 263 15 41
485 968 970 843 972 974 975 976 919 965
64 10 8 25 23 1 4 2 212 173
995 965 999 972 1010 1012 919 1016 1017 1018 1019 485
65 115 39 59 16 2 113 1 6 4 1 37
995 485 999 1065 972 1069 1070 1041 1074 1043 919 1073 965
27 41 39 8 193 1 2 40 2 78 252 3 211
1089 1091 995 485 999 972 1079 1100 1106 1043 1108 919 1113 965
12 1 32 51 1 238 1 10 9 74 2 528 1 238
1154 1155 485 1160 972 1133 1134 919 1117 965
14 9 58 3 414 29 3 479 14 414
485 1193 972 1133 1134 919 1177 1181 965
146 22 489 70 7 549 11 51 489
485 1225 972 1133 919 1240 965
100 93 601 60 486 7 601
1280 1281 965 1225 972 1261 1267 919 1276 1277 1246 1279
2 1 785 209 785 10 17 495 3 1 18 1
965 1225 1335 1324 1309 1332 919 1338 1339 972
1011 297 3 33 57 10 535 1 1 1011
1347 1225 965 972 1354 1355 1324 1373 1360 1366 919 1348 1370 1340 1309 1374
30 146 1163 1163 2 15 305 2 2 8 481 12 6 52 101 1
1417 1347 1413 1414 1225 1324 1309 1392 1393 1411 1396 1397 919 1340 972 965
4 6 29 5 221 278 122 1 34 4 32 6 689 25 1038 1038
1442 1411 965 1324 972 1454 1445 1393 1396 919 1225 1309 1439
5 46 996 160 996 8 9 36 43 805 268 189 7
1411 965 1225 1495 1324 1485 1309 1458 1493 919 1496 1487 972
30 936 425 13 210 18 425 16 8 912 1 27 936
1536 1538 1540 965 1225 1324 1527 972 1493 919 1309 1535
7 21 3 868 152 118 20 868 91 1063 152 26
1600 1538 965 1225 1578 1527 972 1591 1324 1589 919 1592 1599 1596 1309 1535
1 87 753 40 11 16 753 1 17 5 1221 1 5 2 40 97
965 1225 1578 972 1613 1629 1617 1618 1620 919 1626 1628 1309 1535
866 43 369 866 106 1 81 3 10 1134 8 3 43 19
1667 965 1578 972 1613 1617 1651 1620 1685 919 1690 1693 1694
23 1158 85 1158 256 52 60 54 21 842 2 3 1
1728 1697 1698 965 1578 972 1613 1617 1651 1620 1715 919 1720 1730 1717
3 20 135 1202 46 1202 242 9 69 52 33 798 5 2 17
1651 1698 965 1766 1769 972 1613 1747 1620 919 1720 1762
8 156 1385 2 8 1385 134 41 27 615 4 8
1698 965 1801 1802 1785 972 1806 1807 1808 1620 919 1816 1780 1790
180 1534 12 13 20 1534 4 10 15 76 466 1 16 16
1857 1698 1859 1860 965 1801 1866 972 1865 1807 1620 1854 919 1849 1790 1823
2 454 8 1 1733 18 1 1733 1 24 18 6 267 11 76 73
1698 965 1926 1927 1928 1932 1930 1931 972 1903 1929 1905 919 1912 1849 1915 1790 1823
356 1667 4 1 7 1 11 2 1667 49 1 61 333 1 154 16 160 24
1931 1934 1936 1941 919 1944 1948 1698 1960 1966 1967 1973 1976 1849 1979 1981 1982 965 972 1954 1905 1915 1790
9 32 14 3 236 21 27 215 14 2 20 4 7 149 4 3 6 1764 1764 42 98 149 98
2016 2017 1698 1915 1988 965 972 2018 1998 2019 2006 919 1849 2011 1948 1790
3 4 30 184 35 1673 1673 4 62 1 11 327 184 23 92 113
1698 2075 1988 965 2073 2024 2028 2026 972 1998 2063 2068 2011 919 1849 1915 1948 2077 1790
28 2 21 1625 5 33 33 5 1625 137 1 11 2 375 255 255 45 2 26
2114 1988 965 2086 2119 2026 972 1998 2098 2099 919 1849 1915 2118
16 343 1872 36 1 44 1872 16 53 17 128 61 61 15
2114 1988 965 2154 2159 972 2173 2160 2161 2098 2169 919 1849 1915 2141 2174
65 820 1745 29 1 1745 3 9 8 94 5 255 161 161 60 1
2114 1988 965 2154 972 2098 2196 2198 919 1849 1915 2141
14 579 1935 113 1935 29 56 2 65 36 36 26
2210 1988 965 2257 2258 2249 2154 972 2221 2254 2248 2098 2259 2260 919 2196 2244 2236 2141 2213
6 761 1895 5 2 4 41 1895 11 3 1 105 3 5 105 24 6 5 25 25
1988 965 2154 972 2098 919 2233 2234 2235 2236 2218 2213
521 1879 58 1879 121 121 18 3 1 3 2 1
1988 965 2154 2263 972 2253 2285 2288 2289 2098 919 2287
541 1859 84 7 1859 24 8 1 1 141 141 2
1988 965 2310 2312 2316 2154 972 2098 919
474 1982 13 7 2 88 1982 18 18
1988 965 2344 2154 2347 972 2351 2352 2098 2356 2358 919 2361
517 1962 3 60 30 1962 3 4 38 7 4 38 2
2400 1988 965 2408 2409 2410 972 2416 2417 2418 2419 2420 2390 2361 2405
9 472 2000 31 6 13 2000 8 19 1 2 1 14 56 6
2466 1988 965 2472 2473 2474 2475 972 2361 2458 2459
14 404 2000 7 8 5 3 2000 37 17 6
2496 1988 965 972 2478 2494 2495
1 334 2000 2000 11 1 2
2498 1988 965 972 2478 2515 2524 2525
49 147 2000 2000 97 11 4 2
2595 1988 965 2598 972 2605 2478 2607 2610 2611 2580 2583 2612 2590
8 8 2000 2 2000 4 138 2 1 1 33 20 1 9
2628 965 2633 972 2478 2580 2648 1988
15 2000 13 2000 78 106 15 12
2689 2690 965 2695 2700 972 2701 2478 2673 2580 2697 2681 2655
11 9 2000 12 3 2000 3 215 1 45 2 2 9
2752 2715 965 972 2478 2740 2742 2743 2747 2748 2750 2751
1 4 2000 2000 54 2 4 6 7 6 4 1
2779 965 2760 972 2478 2771 2776 2777 2778 2715
1 2000 3 2000 9 94 10 2 5 29
2816 2818 2820 965 2822 2795 972 2478 2771 2821 2806 2815
12 6 15 2000 1 35 2000 19 116 5 17 12
2852 965 2855 2856 2857 2858 972 2836 2806 2853
22 2000 3 4 2 2 2000 92 22 1
2884 965 2857 972 2865 2902 2806 2904 2905 2907 2908
36 2000 8 2000 64 2 23 4 6 2 1
2944 965 2929 2857 972 2865 2930 2943
2 2000 22 54 2000 15 12 1
965 2983 972 2990 2992 2929 2995 2996 3000
2000 7 2000 2 2 11 14 4 1
3040 3042 965 3046 3047 3049 972 3022 3034 3039
9 6 2000 2 3 1 2000 5 38 6
965 3080 3084 3082 3083 972 3065 3034
2000 3 2 2 1 2000 15 31
965 3113 972 3118 3119 3122 3123 3097 3103
2000 14 2000 3 1 2 2 5 5
965 972 975 978 980 981 983 984 985
2000 2000 10 1 2 5 2 1 2
965 972 1040 1042 1043 1016 1017
2000 2000 4 2 1 24 94
965 1063 1067 972 1069 1070 1016 1017 1052 1055
2000 4 1 2000 1 1 26 163 47 16
965 1097 1099 972 1101 1102 1103 1104 1016 1017 1084 1055
2000 6 3 2000 2 3 2 2 105 25 17 17
965 1097 972 1134 1140 1141 1016 1084
2000 9 2000 6 15 2 300 10
1186 965 972 1194 1195 1164 1134 1176 1148 1016 1084 1181 1189
2 2000 2000 1 3 58 156 3 6 84 34 9 2
1186 1219 965 1235 1212 972 1134 1203 1236 1207 1016 1084 1221
70 26 2000 12 18 2000 105 81 2 44 232 113 6
965 1235 1084 972 1134 1233 1234 1203 1207 1016 1212 1221
2000 1 111 2000 115 7 1 144 41 239 106 70
1280 1281 965 1257 972 1134 1203 1268 1207 1016 1278 1279
1 1 2000 19 2000 276 130 9 124 264 11 2
965 1331 1335 972 1134 1327 1329 1203 1300 1334 1207 1016 1317
2000 23 2 2000 150 12 5 100 63 3 17 176 8
965 1350 1386 1355 972 1134 1368 1203 1300 1016 1364 1372 1375
2000 18 2 32 2000 171 6 144 41 173 2 3 10
1344 1347 965 1323 972 1134 1203 1300 1337 1016 1332 1342 1343
2 4 2000 23 2000 231 198 31 4 198 12 1 1
1344 965 1353 1395 972 1134 1391 1203 1300 1390 1016 1396
4 2000 82 9 2000 275 6 70 19 5 70 2
1444 965 1449 1450 1451 972 1134 1203 1300 1390 1016 1452
21 2000 4 4 3 2000 226 31 69 15 31 1
965 1478 1482 972 1134 1487 1456 1489
2000 48 2 2000 118 2 51 6
1537 1539 965 1512 972 1134 1522 1529 1532 1534 1535
3 1 2000 39 2000 79 3 7 2 2 5
965 1578 1579 972 1134 1583 1584 1589 1562 1535
2000 22 4 2000 126 3 11 3 34 2
1603 965 1578 1643 972 1134 1615 1648 1649 1650 1646 1590 1562 1647 1610 1599
41 2000 18 18 2000 37 63 5 3 1 2 41 19 2 15 3
1603 965 1702 1610 972 1134 1590 1694 1701
11 2000 5 75 2000 25 11 25 2
1730 965 1610 972 1743 1750 1749 1718 1721
1 2000 17 2000 4 1 3 4 41
965 1767 1770 972 1721 1765
2000 3 3 2000 104 11
965 1803 972 1809 1811 1812 1721
2000 24 2000 1 4 2 149
965 1836 972 1840 1841 1843 1844 1721 1822 1823
2000 3 2000 2 6 1 1 21 3 5
1889 1890 1892 965 1896 1897 1898 972 1872 1880 1849 1887 1823
8 23 7 2000 4 1 3 2000 21 12 21 33 63
965 1928 972 1937 1939 1914 1919 1823
2000 42 2000 12 2 3 3 111
965 1928 972 1980 1981 1823
2000 90 2000 13 4 40
2016 2017 965 2023 2024 972 1928 1989 2021
125 5 2000 13 2 2000 41 23 6
