36 10 11 45 46 47 48 50 20 53 52
5 6 126 1 2 4 2 2 85 1 1
36 71 11 76 80 82 84 85
30 11 217 65 13 3 1 2
97 98 131 36 134 135 137 11 76 130 124 126 127
89 53 1 32 1 1 2 93 68 1 11 2 11
97 162 36 98 170 11 172 173 151 152 164 155 124 159
138 17 41 25 5 42 1 2 27 26 8 1 4 4
97 235 198 231 232 11 209 211 183 218 221
262 1 21 2 12 29 20 19 87 10 11
97 291 292 263 298 295 239 240 276 278 183 299 286 287
309 7 6 16 1 2 16 6 53 11 99 1 27 4
97 354 353 361 332 365 333 347 350
410 4 14 2 1 2 4 24 4
97 387 389 390 353 391 398 401 402 403 376 347
380 3 19 5 44 1 2 9 1 3 17 66
97 387 453 353 461 463 472 466 469 408 441 475 389
222 2 21 5 6 12 4 2 4 133 11 1 104
481 514 389 518 97 488 519 493 463 408 472 473 461 510 517
64 11 105 1 163 6 2 41 23 450 122 19 1 1 2
97 389 463 472 563 565 567 408 570
63 63 38 90 10 10 4 503 1
640 97 612 389 616 619 620 463 472 630 631 408 633 638
1 135 7 135 11 2 25 8 150 3 3 239 2 9
640 97 674 676 389 678 679 680 648 463 408 662 663 472 672 671
73 25 2 2 25 2 2 2 7 11 64 21 1 245 27 22
672 640 709 710 711 683 684 408 691 472 705 704 698
60 49 1 12 9 3 2 196 4 164 4 8 3
672 710 743 745 746 748 749 750 472 408 732
295 6 13 4 2 1 2 1 245 54 14
672 803 743 808 750 472 793 732
274 17 14 4 42 68 64 71
672 864 803 872 874 750 472 793 826 829 863
54 38 78 1 6 221 83 8 11 5 32
472 905 885 750 903
10 6 69 630 37
928 929 910 750 911 885 919 472 922 924
2 4 28 785 1 9 3 132 11 3
961 931 935 936 969 750 976 472 955
28 31 192 25 23 417 2 64 23
935 936 1002 1004 750 1008 1012 472 955
277 51 12 12 163 5 1 163 94
1051 935 1002 750 1041 1045 1047 472 1049 955
1 177 19 166 28 4 1 237 5 166
1089 1058 1091 1092 935 1098 1099 1100 750 1071 1104 1102 472 955 1052 1085 1086
11 40 13 7 368 2 3 11 5 30 5 1 238 5 59 48 17
1091 935 1071 1136 1138 1141 472 1052
132 259 9 5 7 3 341 173
1154 1091 1158 935 1161 1159 1164 1165 1071 1163 472 1146 1052
10 140 2 742 7 7 4 2 80 2 134 9 237
1091 935 1071 1235 1236 472 1052
192 958 35 3 2 36 179
1283 1285 1286 935 1276 1259 1270 1239 1275 1052
3 1 1 1409 3 2 34 6 6 156
1312 1313 1284 1317 1319 935 1297 1298 1301 1307 1052
11 2 10 18 5 1070 2 17 22 7 94
935 1324 1362 1361 1298 1363 1365 1366 1367 1368
1196 44 7 1 79 9 4 1 1 2
1409 935 1416 1417 1419 1324 1298 1420 1371
4 1366 3 3 1 85 85 2 8
1409 1445 935 1418 1324 1454 1459 1464 1466 1467 1468 1450
69 79 1361 125 42 11 5 3 1 2 1 58
1537 1538 1539 1445 1510 935 1480 1418 1530 1533
3 2 1 40 88 1478 37 101 13 15
1579 1539 1573 1510 935 1418 1575 1571 1563 1566
1 28 9 7 1696 154 3 4 4 46
1638 1575 1640 1418 935 1639 1593 1629 1566 1631
8 210 4 92 1594 2 42 30 92 19
1670 1575 1418 935 1645 1680 1681 1683 1684 1593 1629 1566
13 192 114 1413 109 21 13 4 1 67 13 114
1703 1575 1704 1418 935 1645 1713 1726 1725 1566
4 457 18 8 1205 19 4 3 3 8
1729 1765 1575 935 1773 1774 1775 1778 1779 1780 1759
5 41 437 837 4 6 5 3 8 6 3
1824 1795 1765 1575 935 1814 1816 1817 1819 1821 1822 1823
1 67 63 472 999 20 17 4 1 4 3 4
1795 1765 1575 1864 935 1871 1872 1873 1827 1816
74 87 661 1 1338 11 1 2 22 29
1920 1921 1922 1795 1765 1926 1575 1898 935 1816 1873 1927 1910 1880 1916 1919
2 4 2 180 274 2 635 5 1157 8 10 3 19 23 22 3
1795 1765 1575 1980 1930 935 1968 1880 1977 1916 1982
27 188 680 1 7 1120 18 53 1 23 2
1795 1765 2022 1575 935 1998 2032 2033 2034 2007 1880 1916
128 161 29 910 1316 83 8 25 5 51 70 9
2083 2084 1765 1575 935 1998 2066 1795 2007 1880 2076 2077 2078 2085
1 2 139 999 1171 66 26 46 46 47 4 24 13 1
2114 2115 2116 1765 1575 935 1998 2066 2007 1880 2105 2107 2076 2109 2117 2111
2 1 1 341 418 834 43 50 33 308 2 1 34 8 1 3
2155 2163 1765 1575 2156 935 2124 2162 1998 2160 2161 2066 2131 1880 2076 2109
4 1 507 336 4 570 108 5 84 6 1 138 49 212 68 9
1765 1575 935 2124 1998 2160 2161 2066 2131 1880 2076
588 275 571 117 285 3 3 245 5 296 166
2210 1765 1575 935 2221 1998 2222 2066 2227 2228 2197 1880 2076
16 1177 78 187 5 426 11 78 2 1 29 109 63
2273 2274 2275 1765 2226 1575 2258 935 2221 2254 2066 1998 1880 2076 2270 2197
13 1 2 1192 20 139 69 335 196 15 139 309 196 55 26 7
2273 2315 1765 2226 935 2280 2300 2311 2221 1998 2317 2258 2318 1880 2076
67 6 1141 3 377 125 8 2 377 386 1 106 2 377 63
2273 1765 2373 935 2369 2348 2221 1998 2258 1880 2361 2076 2341
7 1238 10 385 8 24 385 279 299 385 24 71 67
2424 1765 2421 935 2409 2221 1998 2416 2385 2258 2419 2420 2414 2422 1880 2425 2076 2397 2341
2 1026 1 483 18 483 277 28 60 358 29 4 7 8 483 1 214 91 94
2432 2450 1765 935 2453 2076 2452 2439 2444 2221 1998 2449 2385 2258 2420 2414 1880 2425 2428 2397 2341
59 2 630 863 1 16 4 102 16 863 491 13 91 300 102 21 863 84 50 43 287
2432 2439 2444 2449 2455 2456 2341 935 2221 2478 2487 2494 2497 2499 2500 2501 2502 2503 2504 1998 2385 2258 1880 2397 1765 2420 2425
130 80 91 146 41 70 325 612 612 13 22 4 2 6 1 1 2 2 1 378 65 576 612 146 1010 57 95
2529 2456 2499 1765 935 2536 2439 2258 1998 2221 2449 2385 2546 2549 1880 2425 2557 2397 2341
83 19 89 904 563 4 68 463 533 563 87 272 48 3 563 151 1 87 316
2439 2449 2584 2585 2586 2589 2590 2591 2592 2341 935 2221 2499 1998 2385 2258 1880 2397 2529 1765 2546 2425
98 138 1 3 5 1 1 2 1 96 828 828 66 426 310 334 828 138 66 746 192 112
1765 935 2385 2439 2221 1998 2615 2449 2258 2610 2612 2614 2617 1880 2425 2586 2397 2546 2341
686 924 208 89 924 390 1 226 394 19 1 1 2 924 182 78 226 124 388
2439 2449 2586 2341 935 2221 2635 1998 2640 2385 2258 2643 1880 2652 2397 2661 2656 2658 2659 2660 1765 2642 2546 2425
89 208 208 121 896 896 56 172 4 117 579 9 896 9 208 5 6 10 3 1 932 56 42 55
2667 1765 935 2666 2635 2668 2221 2385 2669 2449 2258 2642 1998 1880 2586 2397
11 1427 485 7 99 1 485 88 4 174 1127 36 88 485 292 174
2635 1765 935 2667 2700 2221 1998 2449 2385 2258 2709 2710 1880 2586 2397
157 1073 859 68 16 859 68 29 68 610 4 3 859 369 29
2700 2586 2717 935 2221 2745 2747 2748 2749 2750 2756 2757 2758 2759 2760 2635 1998 2385 2258 1880 1765 2667
183 288 51 877 877 29 52 7 1 13 1 4 3 1 1 138 168 168 441 877 955 168
2785 2635 1765 935 2796 2801 2667 2700 2221 1998 2799 2385 2258 2805 2806 1880 2802 2586 2747 2717
53 7 1034 846 14 6 120 316 846 120 2 120 347 1 1 846 2 301 120 109
2820 2825 2700 2834 2839 2840 2586 2843 2717 2849 935 2221 2747 1998 2385 2258 1880 2785 1765 2667 2801 2805
131 66 277 154 5 23 312 34 167 9 889 889 60 60 60 237 889 26 1051 60 97 12
2820 2700 1880 2834 2586 2843 2717 2849 935 2221 2747 2882 1998 2385 2258 2899 2894 2904 1765 2897 2667 2898 2801
80 388 1174 20 444 139 204 137 1174 1174 33 1 33 33 145 6 3 3 793 23 33 4 139
2945 2820 2700 2957 2958 2960 2586 2843 2717 2849 935 2221 2747 1998 2385 2258 1880 2907 1765 2667 2801 2940 2941
44 19 308 3 10 1 439 34 412 62 1494 1494 14 14 14 148 1494 34 492 14 34 20 1
2945 2700 2960 2963 2586 2717 2849 935 2988 2221 2992 2994 2996 3004 3007 3009 3010 3011 3014 2258 1880 2907 1765 2940
48 135 13 39 325 529 30 1654 45 1654 56 6 12 5 7 4 1 1 1 211 1654 60 346 98
3072 3074 3077 3078 3083 2700 2960 2586 2717 935 2221 3007 3022 3024 2258 3030 1880 2907 3039 1765 3064 3066 2940 3069 3071
4 2 1 3 2 186 77 157 677 1670 1670 19 39 16 144 49 1670 64 61 330 3 5 174 2 1
3122 1765 935 2700 2221 2960 3064 2258 3091 3126 3128 1880 2586 2907 2940 2717 3134 3039
42 565 1435 123 1435 17 24 442 158 15 6 1435 82 60 284 828 9 60
3152 3122 1765 3039 935 3177 3178 2221 3181 2960 2258 3091 3126 1880 2586 2907 2940 2717 3173
7 104 285 6 1715 5 14 1715 10 203 285 340 47 1715 122 6 199 1076 15
3122 1765 935 3208 3178 2221 2960 3192 2258 3091 3188 3221 3126 3223 1880 3225 3226 2940 2717 3222
136 157 1843 15 8 1843 732 84 157 208 10 2 73 3 1843 13 3 338 1081 9
3264 3122 1765 935 3260 2221 2960 2258 3091 3253 3255 1880 3257 2940 2717 3263
2 146 316 1684 4 1684 1224 316 163 10 47 1684 5 88 460 1
3299 1765 935 2940 3307 2221 3309 2960 2258 3091 3318 3255 1880 3273 3323 3292 2717
21 79 1921 109 4 1921 18 1279 79 125 6 221 1921 3 1 6 642
3376 3339 3364 1765 935 3336 3371 2221 3374 3375 2960 2258 3091 3348 3318 3255 1880 2940 2717 3359
1 3 18 72 1928 41 5 1928 5 2 1195 72 185 52 61 180 1928 161 733 53
3424 3425 3426 3428 3429 935 3432 3434 3431 2221 2960 3091 3348 3255 1880 2940 2717 3359
4 8 8 3 3 2000 1 1 2 2000 1130 254 203 135 2000 88 870 278
3489 3428 3493 935 2221 3485 2960 3448 3091 3348 3255 1880 3492 2940 2717 3359
7 56 1 2000 2000 9 863 103 144 144 498 2000 1 42 1137 387
3501 2960 1880 3091 3348 3485 3359 935 2221 2717 3509 3255 3512 3532 3533 3534 3537 3544 3550 3551 3428 3448 2940
15 1260 2000 96 96 117 276 2000 2000 740 32 235 40 25 1 9 13 1 1 1 10 223 117
3091 3534 3512 3428 935 2221 3566 3485 2960 3448 3537 3569 3348 3509 3255 1880 3570 3565 2940 2717 3359
1 4 224 4 2000 2000 16 236 1100 205 148 23 1 56 268 2000 1 28 236 900 395
3588 3591 3598 2960 3602 3605 3485 3614 3359 3617 3618 3619 3620 935 2221 2717 3509 3255 3512 3534 3537 1880 3428 3566 3572 3448 2940
10 33 3 1316 33 4 138 25 276 8 3 2 2 2000 2000 684 93 270 134 54 43 2000 54 68 32 198 138
2960 1880 3602 3485 3359 3617 935 2221 2717 3635 3509 3255 3512 3654 3659 3664 3667 3668 3669 3670 3671 3672 3566 3448 2940
1546 2000 69 79 142 38 2000 2000 454 39 135 233 79 16 7 7 15 4 3 2 3 3 102 155 79
2960 3566 3485 935 2221 2717 3635 3509 3255 3512 3654 1880 3690 3694 3695 3696 3698 3699 3700 3701 3702 3448 2940
1597 44 163 2000 2000 403 98 182 240 163 101 2000 39 19 1 2 10 1 3 2 1 5 163
3654 935 3722 3723 3724 2221 3566 3485 2960 3512 3635 3509 3255 1880 2940 2717
15 2000 55 1 1 2000 27 332 1506 332 20 41 162 2000 332 494
3745 3746 935 3768 2221 3485 2960 3512 3762 3763 3764 3255 1880 3759 2940 2717
18 25 2000 2 2000 128 1650 128 22 2 4 222 2000 18 128 350
3776 3792 3789 935 3784 2221 3790 2717 2960 3512 3794 3763 3255 1880 3770 3791 2940 3485 3775
18 8 4 2000 16 2000 12 766 1234 269 3 21 497 2000 29 4 269 269 34
3776 935 3784 3834 3831 3820 2221 3485 2960 3512 3826 3763 3828 3255 1880 3833 3770 3825 2940 2717 3775
24 2000 33 1 1 81 2000 218 1330 218 6 24 3 452 2000 2 30 5 218 670 98
3844 3854 2960 3861 3867 3485 3875 3878 935 3880 2221 2717 3763 3255 3512 3775 3776 3784 1880 2940 3826 3836
4 37 1555 9 16 43 1 5 2000 2 2000 445 94 402 43 238 94 190 2000 43 1 2
3904 3854 2960 3867 3485 3871 935 2221 2717 3763 3255 3512 3897 3900 3775 3776 3910 3784 3919 3921 3922 3924 3926 1880 2940
27 95 1686 2 63 64 2000 2000 314 279 251 63 1 21 305 279 19 201 1 6 2 1 1 2000 63
3776 3904 3485 3512 935 3784 3978 3979 3980 2221 3919 2960 3976 3763 3255 1880 3930 2940 2717 3775
423 77 15 15 2000 201 4 7 2 2000 31 1784 4 423 201 2000 59 15 216 116
3776 3904 935 3784 3980 3978 3930 2221 3919 2960 3763 4020 3255 1880 4026 4027 2717 3775
597 12 2000 174 7 21 202 2000 114 1826 597 15 174 2000 26 2 174 33
2960 2717 935 2221 3763 4020 3255 4026 3775 3776 4033 3784 4041 3919 1880 3930 4059 4060 4061 4066 4068 4073 4075
1776 224 2000 2000 369 30 224 222 152 369 79 224 51 322 2000 416 10 17 10 6 7 2 2
2960 2717 935 2221 3763 3255 4026 3775 3776 4033 3784 3919 1880 3930 4059 4061 4085 4089 4090 4091 4092 4093
1563 437 2000 2000 196 437 367 263 196 73 437 202 2000 480 54 248 1 4 7 1 1 1
4110 2960 2717 935 4136 4137 4138 4139 4140 2221 3763 3255 4026 3775 3776 4033 3784 3919 1880 3930 4059 4061
28 1611 389 2000 6 4 2 1 1 2000 86 389 286 627 86 86 389 186 2000 426 2 500
4110 2960 2717 935 4136 2221 3763 3255 4026 3775 3776 4033 4167 3784 4172 4174 3919 1880 3930 4061 4192 4193 4197 4199
46 1700 300 2000 5 2000 97 300 104 660 97 97 2 300 9 7 437 2000 402 403 46 6 1 1
2717 3776 4033 935 3784 4204 4199 4026 2221 3919 2960 4205 3763 3255 1880 3930 4207 4061 3775
212 119 119 2000 212 4 98 200 2000 471 1788 4 119 212 2000 187 4 605 811
3776 4033 4230 935 3784 4199 4026 2221 2717 2960 4232 4242 3763 4237 3255 1880 3930 3919 4061 3775
65 65 33 2000 355 355 168 2000 355 1645 47 1 65 16 355 2000 201 429 453 782
4304 3919 4299 4230 935 3784 4305 4199 3930 2221 4303 2717 2960 4232 3255 1880 4266 4026 4271 4061 3775
3 422 5 41 2000 212 1 212 130 2000 3 212 1788 7 212 2000 1 222 144 519 1014
4230 2960 2717 935 2221 4271 3255 4026 3775 3784 3919 4304 4305 4308 1880 3930 4061 4199 4335 4337 4338 4344 4347 4348 4349
104 1724 276 2000 2000 73 276 297 667 276 477 104 55 45 2000 283 331 276 32 6 2 3 9 4 7
4230 4362 4364 2960 4369 2717 4388 935 2221 4401 3255 4026 4411 4412 3775 4416 3784 3919 4304 1880 3930 4061 4199 4344
185 55 94 1804 4 196 40 2000 2000 22 196 400 27 7 521 5 196 651 185 2000 232 349 196 87
4230 4362 4364 2960 4442 2717 4388 935 2221 4401 3255 4026 4412 4415 4423 3784 3919 4304 4344 4439 1880 3930 4061 4450 4199 4457 4466 4467 4471 4472 3775
221 65 125 1705 15 295 30 2000 2000 37 295 320 2 61 37 295 558 221 46 3 2000 223 567 3 295 2 8 2 4 7 604
4230 4364 2960 2717 4388 935 2221 4401 4533 4534 3255 4536 4026 3775 4423 3784 3919 4304 1880 3930 4061 4199 4466 4344 4415
149 64 1591 409 4 2000 2000 58 8 1 409 4 341 406 58 409 695 149 2000 149 348 409 13 144 94
4230 4364 2960 2717 935 2221 3255 4026 4542 4543 4545 4547 3784 3919 4304 3775 1880 3930 4061 4199 4344 4415
45 174 1528 472 2000 2000 472 373 28 4 5 3 472 686 45 424 2000 45 424 472 71 22
