32 40 42 43 44 13
35 21 5 5 3 92
32 72 74 75 13
134 39 1 2 354
32 129 130 131 72 13 110 81 86 88 121 125 127
250 1 1 1 77 347 38 71 44 75 5 2 1
32 161 72 170 171 172 13 81 88
214 29 71 17 5 1 337 25 4
32 161 209 72 208 13 176 200 214 216 189 190
139 68 2 83 2 324 23 6 2 2 28 11
32 161 264 265 266 13 269 247 250 189 223
226 96 2 1 5 382 1 2 7 57 7
32 161 292 294 295 264 13 270 301 304 305 276 303 286
66 62 2 1 75 82 722 50 18 1 1 5 3 25
32 161 354 324 353 264 356 13 270 333 345 349 351
157 34 3 76 6 683 1 382 11 23 2 2 2
32 324 264 394 13 333 376 380
233 103 707 18 363 34 34 19
32 450 324 422 264 333 13 432 438 441 376 429 443 444 446
328 1 25 30 389 33 498 14 20 7 171 35 4 5 6
32 528 450 264 457 13 494 527 432 456 521 376 441 525
489 2 19 261 29 465 3 5 26 13 1 175 11 3
32 576 578 581 264 457 554 13 597 376 573 542
778 3 27 21 269 3 42 326 34 101 1 31
32 641 578 581 647 264 649 554 13 654 657 659 661 630 617 542
822 51 101 21 8 19 2 156 340 5 1 3 1 21 21 7
32 641 578 581 264 617 554 13 685 661 694 693
850 70 32 29 104 29 79 265 39 9 1 11
32 705 581 264 617 554 13 725 726 728 730 693
834 8 92 118 92 14 218 19 5 1 2 65
32 581 774 775 264 617 554 13 725 765 766 773
1050 3 1 1 17 3 5 275 120 4 2 3
32 837 838 843 13 846 849 850 820 725 852
935 8 4 1 269 7 2 1 42 44 4
32 866 868 874 875 876 13 877 854
779 9 24 2 4 9 502 2 63
32 868 13 912 883 918 923 925 926 927
943 149 480 55 6 18 1 2 2 1
32 992 994 995 868 13 912 980 982 954
916 2 1 8 66 287 51 21 40 29
32 868 1029 998 1031 1033 13 1038 1037 1042 1044 982 1049 954 1050
756 117 50 17 55 19 430 3 3 2 5 100 1 130 2
32 1075 868 1031 1033 1099 1100 13 1103 1107 982 954 1083 1050
1139 9 154 8 64 8 9 315 18 6 71 167 69 37
32 1123 868 1158 1033 1162 1131 1164 13 982 1161 1145 954 1083
1127 51 202 2 96 4 68 6 563 142 8 30 273 97
32 868 1189 1033 1131 13 1205 982 1193 1145 954 1083 1206
1351 165 10 165 25 237 3 35 1 108 284 377 4
1131 1033 13 32 954 1083 1215 1217 1229 1236 1145 1249 868 1254 1259 1265 1266 1267 1271 1272 1273 1274
38 176 252 1122 103 478 38 54 36 4 215 24 176 10 4 1 1 3 4 3 4 1
32 1312 1315 1316 1285 1033 13 1229 1145 868 1083
908 9 3 3 46 213 491 229 42 213 715
32 868 1317 1033 13 1229 1361 1333 1367 1368 1369 1083 1365
755 52 48 52 293 323 10 54 1 1 4 595 4
32 1408 868 1317 1393 1033 13 1229 1361 1333 1401 1083 1407
624 2 111 47 73 111 626 362 68 31 3 535 2
32 1456 868 1317 1446 1361 1448 1033 1451 13 1229 1424 1393 1430 1453 1083 1436 1445
609 1 174 100 2 175 4 174 2 827 230 12 153 37 9 497 10 9
1033 13 1430 32 1317 1083 1477 1229 1486 1361 1495 1498 1500 1505 868 1510 1512 1515 1516 1518 1520 1393
475 902 98 313 135 178 10 716 5 22 39 25 5 5 475 5 5 2 2 3 2 47
32 1571 868 1317 1585 1033 1580 13 1582 1229 1584 1393 1555 1430 1495 1083 1533
140 21 620 100 2 620 3 997 1 716 2 147 1 206 34 40 41
32 1616 1571 868 1317 1607 1608 1033 1229 13 1617 1393 1430 1495 1593 1615 1083
141 1 2 918 48 33 18 918 645 1056 1 158 56 88 70 8 93
32 1666 1654 868 1637 1671 1608 1033 1673 13 1229 1669 1393 1650 1672 1430 1495 1593 1083 1668 1317
60 12 7 799 65 1 30 799 2 831 957 1 152 36 1 20 97 58 10 4 50
1707 868 1637 1608 1033 1689 1704 13 1710 1229 1393 1715 1718 1495 1593 1722 1711 1724 1725
30 604 66 133 604 16 33 604 77 1131 265 7 8 163 38 6 15 1 1
1763 868 1608 1033 1737 1751 1229 13 1393 1495 1756
3 392 97 392 5 3 1111 392 497 56 21
868 1797 1766 1033 1802 1803 1229 13 1393 1798 1495 1756 1791
500 5 28 500 1 1 823 500 677 2 115 49 5
1833 868 1766 1841 1033 1815 1229 13 1840 1393 1842 1844 1845 1495 1756 1822
1 363 4 2 363 18 865 363 1 772 2 3 1 95 4 6
1849 868 1766 1033 1834 1229 13 1393 1495 1817 1854
43 242 6 242 6 997 242 761 40 23 2
1889 868 1905 1033 1899 1900 1229 13 1904 1393 1906 1877 1892 1886
57 195 4 195 5 9 974 195 4 831 1 83 61 25
1952 1953 868 1925 1959 1960 1033 1931 1932 13 1956 1229 1393 1877 1944 1892 1946 1947 1886
20 2 259 223 7 20 259 4 58 259 3 1118 623 178 9 38 7 8 44
1952 2016 868 1925 1033 1984 13 1229 1393 1970 1877 1886 1988 1967 2012 2014
50 3 206 103 206 2 206 1484 310 20 101 33 30 1 19 18
1952 868 1925 2056 1033 2026 1229 13 1393 2068 1877 2052 2074 2075 2076
136 225 74 23 225 95 1564 225 211 20 151 3 2 3 2
2144 2115 868 1925 2151 1033 2026 1229 13 1393 2098 2147 1877 2102 2148 2142 2085
19 30 53 24 7 53 187 1840 53 107 5 1 127 1 2 8 11
2182 2161 2185 2026 1229 2189 2192 1393 2196 2197 2200 2202 2191 2186
16 22 7 51 1843 4 1 157 5 1 1 1 11 1
2246 2182 1393 2248 2185 2026 1229 2255 2256 2161 2229 2249
1 30 176 5 18 216 1824 4 1 216 17 11
2182 1393 2026 1229 2255 2161 2261 2263 2265 2229
174 133 265 1867 39 265 59 2 3 6
2305 2306 2308 2310 2182 2161 2026 1229 2255 1393 2261
23 5 2 1 252 235 235 1432 204 568 76
2182 1393 2026 2359 1229 2255 2161 2324 2326 2327 2364 2367
256 784 314 11 1216 64 314 2 43 87 9 9
2374 2182 2161 2026 2380 1229 2414 2255 1393 2383 2327 2415 2410
39 239 179 179 10 1151 2 86 849 20 34 4 19
2466 2467 2468 2469 2182 2161 2472 2026 2471 1229 2255 1393 2450 2410 2456 2457 2427 2470 2461 2463
9 1 2 1 197 218 1 218 2 1495 137 505 20 15 13 5 77 2 6 1
2498 2501 2182 2161 2472 2026 1229 2510 2255 1393 2513 2509 2427
13 6 325 58 94 58 1660 2 410 340 2 6 155
2182 2161 2472 2026 2551 2541 2255 1393 1229 2549 2543 2552 2553 2509 2427
444 11 61 11 1 18 325 623 1377 1 3 1 2 34 134
2182 2577 2472 2571 2541 2255 1229 1393 2574 2427 2556 2591
149 1 98 25 158 583 1492 508 8 184 18 3
2427 2628 2182 2472 2603 2541 1229 1393 2610 2627 2612 2255 2623
195 1 254 192 20 348 1710 290 8 2 18 434 8
2427 2182 2472 2671 2668 1229 2255 1393 2644 2678 2679 2682 2541
291 449 120 9 14 1787 400 213 168 31 5 8 416
2688 2689 2683 2182 2472 2541 2699 2668 1229 2255 1393 2706 2707 2644 2709 2710 2427
118 51 138 770 208 238 1 51 1918 433 82 3 2 374 1 2 98
2689 2722 2683 2747 2182 2472 2745 2427 2668 1229 2255 2735 1393 2644 2741 2743 2740 2541 2748
43 45 153 1 665 239 2 30 43 1934 335 15 66 163 5 7 2 281 1
2182 2722 2472 2735 2749 2762 1229 2255 2644 2778 2782 2683 2541 2798 2799 2800 1393 2803 2804 2805 2772 2427
316 225 262 72 50 22 1948 203 55 33 2 62 767 3 8 2 52 1 1 1 21 129
2722 2427 2820 2821 2182 2472 1229 2255 2541 1393 2683 2644 2806 2807 2818 2735 2749
194 204 10 2 148 419 1979 28 1002 21 5 117 43 39 6 299 76
2848 2749 2722 2182 2472 2858 2871 2860 1229 2255 2541 2644 2869 2806 2807 2840 2427 2735 2846
10 71 19 231 353 52 7 15 2000 133 929 231 1 12 92 3 250 260 36
2915 2749 2722 2907 2182 2472 2889 2858 2911 2860 1229 2255 2541 2644 2807 2427 2735 2846 2909
1 126 57 18 379 200 3 372 7 55 2000 133 844 379 76 339 359 6 14
2945 2722 2427 2948 2182 2472 2858 2860 1229 2255 2735 2947 2644 2807 2541 2749 2943
4 58 309 1 300 494 300 238 2000 28 422 10 300 182 696 38 2
2749 2991 2182 3002 2472 2858 2999 2860 2541 2990 1229 2996 2644 2966 2807 3000 2964 2970 2427 2735
54 10 346 1 313 346 1 77 645 5 2000 5 346 6 284 1 10 80 428 535
3043 3044 3045 2182 3047 2472 2541 2858 2860 1229 3035 2991 3026 2735 3021 2807 2644 2964 2427 2749 3038
4 1 1 173 1 375 513 173 130 2000 3 10 88 443 109 50 173 68 526 60 6
3074 3076 2182 3089 3091 2964 3094 3095 2735 2472 2858 2860 2991 2749 1229 3026 2644 2427 2541 3061 3062 3092 3067 3068
12 11 175 16 4 180 1 1 120 664 175 180 64 166 2000 122 175 211 350 33 10 3 18 25
3074 3076 2182 3116 2964 3119 3111 2472 2858 2860 2991 3122 3125 3128 3130 3131 3133 3136 3137 3138 1229 3026 2644 2735 2541 2749 2427
18 67 129 7 149 55 25 679 129 149 81 14 7 7 6 6 5 2 1 1 2000 134 129 12 159 66 166
3201 3203 3076 2182 3181 2964 2991 3111 2472 2858 2860 3119 2749 1229 3026 2644 3157 3174 3180 2541 3186 3194 2427 3198
1 1 17 123 25 213 91 58 613 123 213 46 2 2000 35 123 23 5 3 93 15 1 313 2
2427 3236 2182 3111 2472 3241 2858 3243 2860 1229 2991 2964 3157 2644 2541 3181
531 63 136 207 275 3 136 1 60 2000 40 60 134 136 40 17
3299 3236 3302 2182 3111 2472 3276 2858 2860 1229 3278 3181 3249 2644 3157 2964 2427 3292 3301
15 5 1 218 140 299 23 218 23 2000 22 201 11 218 42 23 671 18 1
2182 3111 2472 2858 2860 3181 3310 1229 3344 3347 2964 3157 3350 3353 2644 3354 2427
192 344 438 192 49 311 118 2000 13 4 49 77 1 8 192 2 329
3376 3362 2182 3111 2472 3369 2858 1229 3310 3181 3344 3377 3378 2644 3157 3352 2427
9 14 255 591 268 13 255 2000 52 261 38 12 2 255 55 23 285
3424 3394 3419 3398 2182 3111 2472 3369 2858 1229 3310 3181 3344 3400 3407 3427 2644 3157 3405 3418 2427
1 53 1 19 115 576 291 62 115 2000 226 291 86 21 13 1 115 19 2 11 225
3456 3394 3492 3462 2182 3111 2472 3369 2858 3436 1229 3310 3181 3344 3496 3407 2644 3497 2427
21 8 11 12 393 200 272 87 393 51 2000 311 272 390 3 71 393 3 99
3515 3462 2182 3111 2472 3369 2858 3181 3310 3407 3344 1229 2644 3502 3542 3543 3544 3540 3538 2427
1 43 276 478 332 81 276 332 65 73 336 2000 276 3 1 4 2 11 5 81
3585 3586 2182 3111 2472 3369 2858 3563 1229 3181 3344 3571 2644 2427 3582
2 1 491 730 97 55 491 5 2000 97 184 39 491 55 34
3648 3588 2182 3111 2472 3369 2858 3628 1229 3181 3344 2644 3646 3638 2427 3644 3582
3 14 632 319 151 61 632 20 2000 151 145 632 5 11 61 9 26
3696 2182 3111 2472 3369 2858 1229 3181 3344 2644 3638 3703 3704 3706 2427 3709 3582
10 562 578 160 97 562 2000 160 130 562 3 21 1 3 97 4 247
2182 3344 3730 3738 3111 2472 3369 2858 3756 3766 3767 3770 3771 3772 3773 3776 1229 2644 3181 3582 3706 2427 3710 3711
460 310 51 22 380 29 116 460 29 8 4 5 2 3 1 3 2000 460 29 137 13 116 26 56
2182 3111 2472 3369 2858 3815 1229 3181 3344 3825 3730 3795 2644 3582 3827 3800 3738 2427 3710 3711
365 393 196 125 365 3 2000 196 377 3 82 12 365 84 1 8 34 125 196 220
3865 2182 3111 2472 3369 2858 3852 1229 3181 3344 2644 3863 3864 3833 2427 3710 3711
1 791 516 52 174 791 21 2000 52 198 791 4 3 23 174 52 166
3905 3919 3883 3909 2182 3111 3369 2858 3911 3884 1229 3918 3917 3344 3899 2427 2644 3913 3711 3903
9 1 26 10 520 774 42 520 32 11 2000 2 4 208 1 42 520 13 160 52
3969 3971 3972 3974 2182 3111 2858 3943 1229 3344 2644 3973 3962 3711 3934 3903
5 3 1 3 560 833 560 42 2000 211 560 2 27 76 10 27
4032 4033 3962 2182 3111 2858 1229 3983 3344 4017 4031 2644 3989 3973 3988 4026 3995 3997 3903
1 1 31 799 599 799 2000 3 78 25 1 799 16 46 3 3 157 47 157
4034 4059 4042 2182 3111 2858 1229 3344 4017 2644 3989 4054 3962 3995 4026 4062 3903
75 1 4 887 197 887 2000 73 183 887 46 24 64 16 11 5 16
4112 4113 2182 3111 2858 4107 1229 4111 3344 4017 4106 4115 2644 3989 4054 3962 4093 4085
1 7 701 452 701 1 2000 4 135 233 3 4 701 78 135 52 8 9
4113 2182 3111 2858 1229 3344 4017 2644 3989 4054 4180 3962 4170
40 635 296 635 2000 2 491 635 190 2 2 129 9
4225 4226 4113 2182 3111 2858 4199 1229 4206 4017 2644 3989 3962 4220 4221
2 1 66 557 280 557 72 2000 9 521 557 48 308 2 9
4230 2182 4017 4233 2858 3111 1229 4206 4239 4237 4113 2644 3989 3962 4231 4234
119 288 530 4 288 218 2000 60 1 2 196 288 52 87 26 8
4256 4113 4230 2182 3111 2858 4231 1229 4206 4272 4017 2644 3962 4266
11 101 14 239 329 239 49 2000 172 1 1051 239 172 56
4292 2182 3111 4296 4297 2858 4231 1229 4206 4285 4017 2644 3962 4266 4295
10 216 280 2 3 216 85 2000 131 3 1386 216 131 114 6
4326 2182 4231 2858 3111 1229 4206 4367 4017 4370 2644 3962 4315 4316 4266
2 261 116 261 263 2000 145 7 1359 1 261 145 7 25 117
4416 4418 2182 3111 4392 4316 4266 4231 1229 4206 4017 4372 4407 4412 2644 3962 4410 4380 2858 4414 4415
5 1 268 561 4 19 181 151 2000 117 990 48 18 3 268 117 11 36 268 1 2
2182 4231 4372 3111 4266 4017 4407 4428 1229 2644 4316 4447 4448 4449 4451 4460 4461 4206 4463 4464 4465 4466 3962 2858
202 107 62 801 97 900 97 85 2000 202 59 10 22 1 21 2 9 95 2 1 3 3 95 202
4483 4451 4484 2182 3111 4266 4231 4428 1229 4461 4017 4467 2644 4407 4493 4316 2858 4447
8 56 7 63 583 148 63 31 2000 43 1206 158 63 56 1 28 63 29
4525 4515 2182 3111 2858 4451 4428 4461 1229 4514 4017 4530 4467 4532 4502 4407 4493 2644 4231 4266 4511
7 17 26 320 26 90 88 80 2000 2 1633 4 473 1 14 90 2 26 26 21 5
4451 3111 4266 4567 4428 1229 4563 4461 4017 4467 4533 4407 4559 4540 4511
20 222 34 1 29 2000 1 36 1744 455 78 20 19 25 4
4641 4642 4643 4644 4645 4646 3111 4584 4618 4631 4428 1229 4559 4017 4467 4609 4533 4461 4638 4639
1 2 2 1 1 2 241 29 5 16 21 2000 36 1759 298 17 70 82 13 4
4672 4673 4674 4676 3111 4584 1229 4654 4461 4017 4467 4660 4667
1 3 7 2 151 8 2000 23 25 1849 349 44 49
4704 3111 4681 4684 1229 4654 4461 4017 4467 4660 4694 4697 4699 4700 4701 4702 4703
2 4 20 8 2000 69 163 1996 327 5 7 4 10 1 4 3 2
