25 2 21 14 23
1 40 2 1 1
66 59 68 21 14
3 4 1 2 33
99 70 102 14 81 116 121 125
19 18 1 54 6 2 1 1
160 162 99 70 168 171 14 81 163
12 30 64 2 3 1 37 37 28
162 99 163 201 202 211 216
136 59 94 34 9 12 2
162 99 243 234 236 163 249
8 123 14 14 12 11 4
99 294 262 296 297 234 299 300 301 302 254 282 251 286
111 2 38 2 1 38 2 3 3 1 37 5 24 7
99 262 234 333 336 305 323 251 315 254
72 78 57 3 6 49 11 2 8 64
353 99 262 358 361 362 333 305 377 378 379 380 254
25 61 1 10 10 4 1 298 4 2 2 1 19
386 450 305 435 436 441 410 447 445 446 442
29 1 386 11 5 4 128 1 3 1 3
386 484 482 493 495 305 498 501 502 471 410
36 1 6 5 9 138 14 4 2 19 60
517 522 524 305 563 564 566 569 568 537 410
30 13 89 97 1 24 1 6 3 63 6
517 524 589 305 594 596 597
14 36 58 21 5 4 1
589 655 657 658 659 660 633 621
106 5 1 9 3 1 23 16
717 589 718 719 720 721 696 701
2 108 4 6 3 2 7 28
736 737 740 742 744 745 589 701
14 2 2 2 3 1 5 48
800 806 807 808 701 797 766
4 2 7 1 20 14 11
807 811 821 823 827 829 830 831
13 83 35 46 6 27 2 3
865 835 868 869 870 872 873 811 844 878 879 880 881 821 823 829
5 18 8 14 7 4 2 77 32 4 2 5 1 162 83 57
898 835 870 844 811 908 880 913 821 823 926 927
29 27 272 22 22 35 105 15 134 82 28 2
960 976 898 963 965 870 951 940 974 880 980 821 983 823 984 958 981
118 5 6 30 23 398 55 6 9 161 1 161 5 160 3 78 3
960 1008 898 963 965 870 1063 1000 1065 951 940 1058 880 821 823 1049 1062 958 1061
97 22 100 9 39 156 5 31 2 31 100 1 134 134 240 8 12 59 20
898 1061 870 1066 823 940 1071 880 821 1079 1080 1062
55 61 286 110 220 55 46 22 22 30 3 5
1121 898 1091 1061 870 1066 940 1134 880 821 1110 823 1083
21 119 21 48 181 170 119 3 28 28 1 59 91
1184 1121 1186 1091 1061 870 1185 1066 940 898 880 1172 821 823 1083
1 116 2 39 131 155 4 6 2 2 71 5 71 131 128
1121 1061 870 1194 880 821 823 1083 1215
328 29 328 80 236 236 29 76 14
1121 1219 1222 870 1223 1225 1194 1227 1229 880 821 1206 1210 1083 1226
162 5 6 162 1 10 135 1 1 108 108 22 29 100 1
1249 870 880 1121 1194 1259 1263 1264 1265 1266 821 1083
20 15 5 15 17 4 2 8 1 2 5 34
1312 1121 1283 870 1327 1329 1315 1335 1338
32 124 14 124 1 3 24 1 3
1312 1121 1283 870 1361 1384 1383 1393 1359 1329 1398 1399
355 49 7 49 43 6 7 2 46 37 4 1
1312 1442 1444 1446 1361 1416 1449 1450 1452 1453 1454 1359 1329 1404 1439
193 3 6 5 53 27 5 1 1 2 3 40 22 18 5
1312 1482 1489 1496 1498 1499 1439
77 69 12 55 1 1 17
1505 1482 1531 1532 1519
23 160 12 1 1
1505 1579 1577 1482 1547 1580 1539 1585 1555 1589 1590 1591
9 7 6 116 7 5 6 1 9 2 7 1
1601 1605 1607 1482 1611 1614 1616 1617 1618 1610
22 3 6 68 4 4 1 1 2 2
1637 1640 1482 1647 1648 1650 1652 1628 1631
11 3 62 8 6 1 2 61 12
1664 1666 1667 1668 1669 1671 1482 1654 1657
6 18 38 1 3 1 24 53 12
1667 1669 1482 1708 1710 1711 1714 1715 1654 1691 1692 1701
63 12 5 1 20 10 4 1 31 11 53 1
1729 1741 1745 1654 1720 1692
14 1 1 31 8 52
1729 1806 1809 1811 1817 1692
33 11 2 2 1 166
1888 1889 1890 1891 1862 1838 1878 1880 1849 1850 1692
4 1 1 1 10 13 7 12 85 3 77
1925 1942 1849 1947 1692 1949 1950
36 7 25 2 77 4 1
2003 2005 2006 1692 1949 1982
19 1 1 15 33 51
2034 2037 2038 2039 1692 1949 1982
56 21 2 2 1 7 28
2083 2087 2057 1949 2077 1982
11 2 28 43 67 109
2114 2083 2057 2101 2105 2106 1949 1982
5 142 78 41 9 14 25 82
2176 2160 2083 2177 2174 2128 2179 2101 2106 1949 1982
4 3 50 5 2 11 2 34 11 59 195
2128 2083 2245 2249 2218 2251 2252 2160 2197 2250 2106 1949 1982
47 58 10 7 3 1 2 68 165 4 47 130 51
2160 2083 2213 1949 2128 2211 2106 2204 2202
3 47 1 208 15 3 15 30 39
2083 2213 2218 2219 2220 1949 2128 2106 2204 2202
118 1 5 3 1 21 94 94 11 142
2288 2083 2227 2282 2254 1949 2128 2289 2290 2291 2292 2270 2263 2286 2202 2204 2106 2238
1 17 3 13 42 71 19 10 2 1 3 7 7 2 164 47 19 4
2336 2345 2346 2348 2349 2350 2352 2254 2202 1949 2293
13 19 7 6 2 5 1 181 205 28 21
2400 2402 2404 2405 2406 2376 2377 2380 2381 2254 2384 2408 2202 2399
8 29 1 2 1 30 21 58 47 192 21 4 415 9
2400 2402 2437 2377 2442 2444 2254 2384 2202 2430 2399
22 111 9 105 1 2 114 105 189 28 23
2400 2466 2467 2437 2377 2445 2254 2384 2449 2453 2202 2461 2462 2469
12 12 9 22 99 6 73 99 16 11 43 20 1 1
2400 2480 2437 2472 2377 2474 2477 2254 2479 2384 2482 2453 2202
51 3 4 39 228 5 3 65 12 228 1 51 56
2400 2512 2518 2377 2254 2511 2384 2514 2486
117 17 1 215 117 10 215 2 38
2400 2384 2377 2570 2541 2254 2511 2512 2486 2569 2553 2543 2558
62 113 113 1 96 62 19 175 175 3 2 46 42
2400 2384 2594 2563 2598 2593 2377 2541 2254 2543 2512 2486 2583 2585 2558 2591
150 40 16 2 4 11 40 117 150 38 407 407 1 7 24 5
2624 2608 2630 2636 2647 2604 2541 2637 2512 2641 2384 2645 2486 2377 2648 2651 2652 2558
23 72 6 6 1 81 301 8 517 8 34 10 517 34 2 3 3 56
2688 2689 2692 2693 2694 2604 2698 2668 2541 2608 2512 2486 2697 2680 2682
3 6 2 2 2 20 1 7 91 1 480 480 2 6 3
2754 2755 2758 2759 2668 2541 2512 2740 2486 2746 2747 2750
3 4 1 1 169 263 413 25 413 55 25 4
2800 2825 2819 2822 2817 2824 2793 2826 2668 2541 2799 2512 2740 2486 2775 2809 2747 2812 2828
21 1 3 5 2 7 9 1 195 447 4 466 74 466 19 6 74 2 1
2832 2870 2793 2826 2871 2668 2541 2863 2512 2486 2775 2872 2873 2800
73 2 4 15 4 114 556 5 546 546 20 2 1 94
2800 2914 2918 2925 2920 2924 2923 2668 2541 2926 2927 2832 2512 2486 2775 2875
40 8 9 2 37 5 8 132 696 6 3 304 228 228 120 37
2976 2512 2920 2985 2986 2923 2668 2541 2832 2486 2775 2937 2800
20 113 7 5 3 36 262 605 397 113 105 7 16
2512 3044 3045 3046 3047 2923 2668 2541 2832 2486 2775 3004
9 2 2 1 2 77 295 373 652 9 81 33
2512 3107 3109 3111 3112 3116 3115 2668 2541 3100 3117 2832 3118 2486 3099 3004
7 15 11 13 2 5 1 432 456 1 3 493 1 7 41 141
3107 3111 2668 2541 3150 3149 2832 3154 3155 3099 3004 3134
98 5 752 752 14 5 248 9 14 21 514 18
3107 3204 3209 3210 3211 2668 2541 2832 3189 3004 3134
65 6 9 2 2 830 830 31 4 687 6
3264 3266 3107 3268 3270 3276 3275 2668 2541 3247 3216 3267 3273 3004 3261 3263
4 2 104 1 2 2 2 935 935 43 65 3 2 829 16 14
3107 3303 2668 2541 3247 3318 3319 3320 3322 3004
62 37 811 811 109 3 4 1 1 749
3107 3334 3303 3340 2668 2541 3247 3349 3350 3352 3353 3004
57 37 51 8 1013 1013 61 12 9 8 4 956
3404 3340 3402 2668 2541 3247 3416 3410 3349 3352 3385 3004 3413
5 19 5 693 693 19 5 6 47 105 56 693 7
3458 3461 3462 3463 3464 3465 3466 3467 3340 3437 3349 3247 3385 3004 3404 3424 3431 2668 2541 3441 3449 3450 3455
8 3 2 3 3 2 1 2 25 5 11 25 207 243 25 6 10 243 243 7 10 13 1
3493 3463 3340 2668 2541 3247 3536 3507 3541 3542 3449 3404 3385 3004 3550
68 24 103 362 362 103 17 14 3 3 1 44 187 362 1
3463 3340 3594 3595 2668 2541 3598 3247 3600 3601 3571 3603 3597 3593 3385 3004 3564 3596
19 243 6 1 448 448 5 243 3 1 66 2 1 5 141 448 51 2
3649 3652 3463 3656 3340 3595 2668 2541 3662 3247 3633 3571 3385 3004 3564
16 2 41 1 416 41 693 693 2 416 12 44 134 693 17
3712 3713 3734 3687 3340 3722 3595 2668 2541 3247 3672 3730 3732 3733 3670 3736 3385 3004 3564
32 9 1 24 306 8 69 492 492 306 3 1 2 3 7 1 128 492 63
3747 3766 3751 2668 3564 2541 3247 3760 3761 3764 3765 3340 3736 3385 3004 3743
11 1 14 599 60 599 347 3 6 2 3 347 9 361 599 40
3809 3747 3340 2668 2541 3247 3821 3817 3385 3004 3743
2 169 444 671 671 444 1 3 107 671 137
3873 3747 3878 3880 3340 3882 2668 2541 3247 3875 3881 3385 3871 3004 3867 3743
1 10 2 3 530 5 616 616 530 14 3 97 11 616 2 140
3779 3771 3783 3784 3340 2668 2541 3247 3385 3775 3004 3743
2 7 1 2 657 715 715 657 2 12 715 74
3808 3823 3821 3820 3340 2668 2541 3247 3824 3828 3797 3830 3743 3004 3775
27 1 6 10 627 627 627 627 5 1 27 1 75 627 44
3340 2668 2541 3247 3856 3860 3862 3863 3865 3866 3775 3004 3743
452 452 452 452 6 7 2 3 1 1 18 452 115
3340 2668 2541 3247 3794 3795 3796 3775 3004 3743
546 546 546 546 4 3 1 35 546 104
3340 3818 2668 2541 3247 3824 3825 3827 3828 3833 3823 3004 3743
453 32 453 453 453 15 3 6 4 3 27 453 80
3340 2668 2541 3247 3858 3867 3004 3869 3870 3743
581 581 581 581 9 14 581 1 1 6
3894 3881 2668 2541 3247 3892 3893 3340 3897 3887 3004
3 60 411 411 411 12 4 411 3 25 411
3937 3938 3939 3940 3943 3340 2668 2541 3887 3921 3925 3926 3247 3004
16 9 3 3 6 510 510 510 150 38 29 11 510 510
3970 3963 4005 4006 4007 3976 3340 3978 3979 2668 2541 3247 3921 3938 4009 3887 3004 3997
10 68 5 3 2 14 531 1 1 531 531 531 64 2 3 59 531 4
3887 4027 4070 4072 3340 2668 2541 3247 3921 3963 3004
3 60 4 5 399 399 399 399 78 163 399
4129 4091 4132 4027 4134 3340 2668 2541 3247 4131 4118 4120 4122 3963 3004 4133
1 57 1 114 3 228 228 228 228 3 9 15 3 276 228 1
4091 4164 4027 4167 4168 3340 4171 2668 2541 3247 4154 3963 3004 4165
69 3 34 4 19 114 2 114 114 114 10 252 114 6
4091 4165 4168 4201 4174 4177 4212 4213 4214 3963
63 27 6 11 57 40 19 1 1 73
4235 4237 4174 4239 4240 4177 4212 4247 4244 3963 4252 4253 4254
17 34 58 6 3 18 33 6 15 87 10 3 2
4260 4294 4295 4297 4237 4212 4279 4280 3963
32 2 2 1 10 56 40 1 160
4260 4343 4332 4335 4212 4342 4279 4344 4313 4346 3963 4308
19 2 10 8 86 3 29 2 65 1 197 2
4372 4380 4363 4367 4212 4279 4376 4313 3963 4348
10 2 9 70 77 41 10 41 305 44
