7 9 10 11 12 13
2 2 1 1 1 1
49 66 67 69 57
68 14 1 1 25
97 98 67 85 57 95
4 1 27 63 88 5
135 138 139 140 141 142 115 57
5 2 3 2 3 3 47 123
165 166 168 153 57 159
2 4 1 19 92 1
226 227 203 172 211 181 217 216 57 223 221 159
3 6 10 1 22 14 2 17 115 1 19 14
288 297 203 300 270 303 211 244 57 252 221
17 3 36 8 75 1 69 5 1 13 60
355 356 357 297 334 304 211 270 329 351
1 1 3 57 24 8 19 410 2 1
385 363 398 403 270 408 410 411 412 413 414
6 39 10 6 443 10 14 4 1 1 1
385 426 427 428 270 435 436 438 441 443 445
94 13 5 18 614 1 6 2 3 2 1
385 442 443 435 270
51 62 8 7 577
385 453 486 489 459 270 496 499 503 504 476
65 10 12 2 52 454 15 5 1 2 9
544 385 546 547 453 489 459 270 535 541
47 10 3 1 7 7 206 295 51 1
544 576 552 459 590 594 595 270 535 601
42 10 182 76 19 10 14 243 5 1
544 580 582 552 459 270 584
96 2 7 208 20 392 1
544 610 611 612 270 595
274 1 3 2 376 17
544 580 581 556 270 564
49 8 3 41 32 6
619 556 628 631 634 603 607
30 17 23 4 1 19 89
676 648 681 685 686 655 680 671 669 670 607
2 14 8 6 3 4 3 9 24 40 248
707 648 721 724 728 697 730 732 733 670 607
20 18 32 3 17 53 12 9 2 95 141
800 775 648 780 724 697 794 607
4 25 39 47 3 24 22 75
832 834 837 855 844 823 824 825 794 859 862 607
10 24 8 5 1 33 25 31 62 4 1 91
837 905 908 882 894 823 824 794 863 862 607
127 22 4 8 23 118 70 10 6 113 252
931 837 978 979 980 981 918 823 862 607
8 96 3 5 8 6 7 3 60 400
837 999 1003 1004 1006 1009 979 980 990 1013 862 607
231 31 1 3 3 2 81 102 61 2 65 135
1056 1028 837 1063 1066 999 1068 1070 1071 1072 1009 980 862 1049 1052 990 1055
9 60 118 2 1 1 1 2 1 1 6 72 33 21 14 21 6
1090 1028 837 1095 1129 1130 1131 1101 862
73 116 29 69 2 1 2 92 29
1090 1028 1125 1128 1129 1101 1116 1118 837
95 213 10 3 1 53 9 2 28
1184 1185 1090 1187 1028 1186 1128 1164 1101 1168 1174 1180 1182 1183
2 7 193 2 200 7 2 8 206 17 10 4 2 4
1090 1028 1164 1101 1229 1235 1237 1239 1241 1215
354 572 5 175 22 7 22 5 2 38
1281 1090 1283 1028 1286 1259 1101 1265 1266 1268 1275 1278 1215
1 153 2 388 13 10 12 10 1 20 19 1 92
1312 1090 1323 1028 1265 1320 1321 1322 1259 1324 1297 1298 1268 1304 1307 1215
26 235 1 421 101 1 5 2 193 1 71 4 42 27 3 23
1400 1090 1028 1265 1259 1389 1390 1391 1297 1394 1395 1268 1397 1336 1402 1404 1342 1215
2 125 202 109 9 8 20 9 65 5 2 22 1 52 2 1 174 20
1090 1443 1028 1445 1447 1451 1452 1458 1454 1456 1265 1394 1459 1457 1297 1336 1342 1215
28 28 139 4 2 4 24 2 2 2 28 9 1 3 1 43 198 39
1504 1090 1443 1028 1477 1510 1511 1480 1481 1514 1515 1517 1518 1487 1265 1519 1336 1467 1500 1342
2 20 125 130 3 3 1 4 2 3 3 1 1 37 20 2 7 16 6 290
1443 1028 1574 1576 1481 1581 1582 1487 1556 1528 1572 1342
92 22 3 6 9 2 3 41 40 6 4 850
1443 1028 1642 1591 1643 1487 1617 1556 1590 1623 1342
28 20 4 6 4 16 106 190 57 67 866
1667 1028 1675 1680 1617 1683 1556 1685 1590 1623 1684 1660 1342
2 30 8 5 131 2 244 1 26 86 4 26 865
1730 1707 1617 1556 1726 1590 1623 1720 1716 1723 1725 1342
3 5 274 265 7 237 93 4 7 10 8 594
1734 1745 1736 1739 1740 1741 1743 1744 1617 1746 1556 1590 1623 1725 1342
41 3 81 5 4 2 11 1 345 1 379 533 82 1 311
1798 1734 1745 1736 1801 1802 1799 1740 1743 1617 1556 1590 1786 1787 1789 1342
6 83 62 163 3 4 30 78 84 255 569 505 18 34 19 267
1824 1745 1736 1802 1799 1740 1743 1617 1556 1854 1590 1847 1848 1342
6 109 119 40 7 23 337 442 221 8 277 6 14 570
1856 1937 1925 1745 1736 1932 1743 1936 1617 1928 1939 1556 1590 1342
7 2 4 94 40 4 399 2 545 6 6 175 110 479
1986 1990 1745 1994 1991 1743 1617 1556 1982 1590 1972 1342 1983
9 6 128 3 2 345 662 306 1 6 17 321 38
2018 1745 2026 2027 2028 1743 1617 1556 2014 1972 2013 1342 1983
17 150 36 2 1 163 963 224 14 2 8 400 61
2048 2050 2051 2052 1745 2071 2060 1743 2064 1617 1556 2039 2072 2013 1342 1983
57 18 4 22 69 2 4 23 26 770 132 9 1 57 692 32
2050 1745 2060 2109 2094 1743 1617 1556 2108 2013 1342
52 11 71 5 34 165 555 11 3 252 443
2050 2116 2156 2060 2157 2158 1743 1617 2164 2165 2153 2013 1342
108 3 1 57 1 15 103 350 1 2 9 156 441
2050 2188 2060 1743 1617 2196 2198 2199 2200 2202 2013 1342
124 34 85 211 540 17 1 2 6 2 46 98
2050 2244 2060 2222 1743 2256 1617 2258 2260 2263 2013 1342
86 8 56 1 126 5 281 2 6 1 69 137
2306 2244 2312 2314 2315 2060 2050 1743 1617 2013 1342
11 15 3 1 1 16 59 283 122 3 131
2050 2339 2340 2344 2349 2350 1743 2352 1617 2327 1342 2335
58 17 11 34 9 3 380 1 236 101 115 1
2050 2349 1743 2384 1617 2327 2392 2394 2395 1342
166 59 362 77 303 37 20 3 2 24
2050 2435 2436 2349 1743 2384 1617 2392 2425 2426 2396
290 16 1 123 124 89 476 24 6 6 13
2050 2449 2504 2349 1743 2498 1617 2515 2516 2454 2392 2509 2511 2396
256 211 20 10 104 7 258 1 1 26 51 5 1 51
2561 2050 2564 2449 2504 1743 1617 2552 2518 2392 2554 2396
17 9 2 213 23 166 9 33 93 47 4 47
2592 2561 2050 2595 2596 1617 2567 1743 2449 2579 2593 2518 2589 2591
2 8 89 3 1 89 5 143 39 8 2 178 17 1
2050 2597 2567 1743 2640 1617 2643 2518 2616 2620 2589 2622
7 17 14 26 3 7 1 285 95 17 40 11
2625 2667 2597 2663 2631 2567 2673 2676 2677 2679 2680
26 5 6 41 43 240 1 2 1 1 2
2721 2731 2567 2698 2631 2701 2734 2737 2706 2739 2740 2742 2743 2663 2730
62 2 114 55 217 9 6 3 10 4 2 2 1 6 5
2755 2567 2698 2631 2701 2798 2802 2805 2807 2809 2810 2782
54 232 57 338 16 13 2 5 1 2 2 4
2755 2567 2698 2631 2830 2831 2808
35 220 48 353 2 1 32
2755 2631 2698 2567 2860 2861 2863 2833 2867 2871 2872 2873 2874 2875 2855
107 144 9 168 5 8 4 70 1 1 4 6 2 1 2
2884 2917 2918 2567 2631 2891 2833 2898 2919 2900 2903 2910
19 2 6 157 333 4 38 4 1 5 2 10
2884 2631 2567 2833 2962 2968 2969 2970 2971 2972
12 153 577 123 4 5 5 1 2 1
2567 3017 2631 3022 3023 3024 2833
732 12 226 11 9 6 110
3043 2631 3048 3017 2567 3054 2833 3057 3060 3022 3062 3063
37 186 22 45 676 1 251 3 9 12 1 1
3136 3120 3043 3083 3110 2631 3017 2567 3022 3088 2833 3060 3143 3131 3100 3134 3135
2 10 342 186 8 174 58 911 10 13 114 139 3 5 24 4 7
3120 3043 3110 2567 3184 2631 3083 3183 3088 2833 3154 3171 3060 3165
14 138 44 1058 1 142 96 4 82 42 101 3 24 37
3120 3234 3043 3237 2567 2631 3083 3244 3229 3088 2833 3154 3243 3225 3193 3194 3165 3231
31 4 64 3 720 443 14 2 1 73 31 91 6 16 31 13 63 34
3264 3265 3268 3088 2567 3272 2631 3120 2833 3154 3193 3225 3271
2 14 12 14 394 2 471 20 20 7 92 43 2
3330 2567 3304 3306 2631 3120 2833 3282 3289 3320 3193 3322 3323 3326 3327
2 112 20 23 699 11 11 44 49 7 186 3 7 5 1
3328 2567 3338 2631 3282 3347 3348 3349 3193
14 242 16 634 55 18 3 1 220
3396 2567 3401 2631 3407 3347 3353 3193 3358
22 87 3 416 2 52 83 198 79
3447 3435 2567 2631 3439 3443 3446 3353 3193 3358
1 6 79 245 2 6 11 43 52 85
2631 3435 3474 3477 3453 3358
77 164 4 6 38 20
2631 3498 3435 3503 3509 3513 3514 3453 3519
35 18 37 19 6 35 17 5 1
3584 2631 3498 3435 3564 3565 3570 3573 3583 3576 3514 3579 3581 3551
3 229 87 28 43 19 25 12 1 16 104 2 11 55
3616 3622 2631 3592 3623 3498 3435 3564 3581 3624 3606 3608 3514 3611 3613
5 3 472 46 1 30 6 31 20 2 2 22 160 11 34
3622 2631 3592 3625 3498 3564 3634 3635 3608 3514
14 595 5 2 51 126 15 4 84 114
3685 2631 3688 3676 3564 3608 3514 3644
1 544 1 6 126 42 102 6
3745 3748 3749 2631 3752 3753 3723 3564 3608 3514 3738
3 4 9 339 2 1 13 8 68 14 2
3782 2631 3786 3794 3796 3608
5 463 4 2 2 100
3846 2631 3850 3852 3826 3806
8 637 10 4 22 205
3846 2631 3867 3868 3869 3806
97 770 10 20 2 222
3906 3902 3846 2631 3889 3890 3907 3893 3901 3806 3903
1 6 304 639 57 5 1 9 22 345 2
3846 2631 3949 3950 3951 3952 3889 3955 3959 3806 3953
131 556 23 8 6 2 166 5 1 223 6
4002 4004 3846 3953 4010 2631 3889 4024 3960 3806
11 8 95 12 15 458 120 2 16 95
4033 4036 4038 2631 4040 4041 3889 4029
2 2 4 526 2 1 180 10
4065 4066 2631 4074 4078 3889 4084 4085 4086 4029 4063
43 4 437 11 2 107 2 3 1 88 43
4065 4113 2631 4106 4108 4112 3889 4116 4120 4121 4122 4123 4063
48 19 254 25 19 2 48 4 3 3 2 3 48
4065 4163 4113 4129 4166 2631 4136 4165 4108 4161 3889 4148 4164 4159 4157 4158 4063
130 3 96 21 1 308 13 1 97 2 130 1 1 8 22 2 130
4224 4225 4065 4164 4198 2631 4209 4223 4108 4113 3889 4216 4187 4157 4063
5 3 130 30 33 414 19 4 112 109 130 15 70 134 130
4256 4065 4290 4291 4164 4288 2631 4268 4108 4269 4285 4241 3889 4279 4265 4187 4157 4063
28 28 2 3 46 8 54 2 216 8 2 24 28 60 14 28 60 28
4256 4065 4354 4347 4164 4326 2631 4298 4108 4352 4335 3889 4279 4330 4346 4187 4349 4063
57 57 3 3 27 8 57 5 290 4 2 57 194 5 1 57 5 57
4256 4065 4395 4359 4326 2631 4392 4393 4394 4375 4108 4397 4367 4335 3889 4279 4187 4063
67 67 1 13 14 67 1 1 2 20 245 1 54 11 67 87 67 67
4256 4065 4411 4359 2631 4108 4367 4449 3889 4447 4279 4441 4442 4187 4444 4446 4063
63 63 3 204 63 220 130 1 63 1 264 10 13 63 10 1 63
4256 4065 4513 4486 4359 2631 4108 4367 3889 4279 4442 4187 4063
75 75 11 20 97 75 485 254 75 97 109 75 75
4256 4065 4567 4486 2631 4359 4108 4367 3889 4545 4575 4279 4442 4187 4573 4574 4063
110 110 6 44 110 105 488 204 110 29 2 105 58 110 16 2 110
