37 38 39 44 48 18 51 52 55 56 57
8 29 26 1 4 43 3 8 2 2 2
70 39 80 18 51 88 89 90 92 93 94
32 14 8 212 212 1 1 1 1 3 1
160 70 39 142 143 80 18 51 150 151 122 155 156 157
2 44 30 10 11 17 144 144 30 5 29 1 1 2
219 167 203 142 143 80 210 211 212 182 216 207 220
4 27 6 21 45 59 25 15 24 81 4 7 1
259 167 265 267 268 80 211 182 254
21 66 1 4 1 145 44 12 8
167 295 268 80 274 211 276 279 281 287
113 1 32 141 19 186 24 35 6 2
320 323 326 167 268 274 80 306 211 276 314 318
9 2 7 89 33 22 101 90 77 162 7 30
368 326 167 80 337 306 340 341 377 276 379 380 381 382
7 88 3 85 141 151 57 8 6 161 3 6 3 1
326 424 436 429 434 337 306 276 439 340 412
115 53 6 10 2 171 162 38 3 12 89
485 326 424 459 492 498 494 493 464 337 306 499 276 470 412
32 72 340 2 2 1 1 1 58 92 229 3 13 10 23
546 550 424 555 559 464 337 306 276 565 470 568 570 571 510
6 31 121 3 1 261 125 304 53 5 39 3 1 2 12
546 630 615 424 623 464 337 306 627 629 598 625 633 634 574
119 2 16 23 7 696 9 696 8 1 58 12 7 1 38
673 546 674 464 337 306 660 598 669 574 671
6 258 1 502 122 502 6 21 3 16 7
704 546 676 709 710 337 706 464 689 306 660 598 699 668 701
3 54 9 3 1 297 1 595 38 595 39 8 7 24 4
736 546 739 741 742 689 743 464 337 306 723 598 730 668
19 42 3 2 1 65 1 702 175 702 21 76 22 24
770 773 337 754 464 689 306 598 760 730 763
15 2 88 5 920 71 920 161 25 34 99
835 836 837 689 814 464 337 306 822 598 730 763 828 829 831
3 2 1 95 4 985 138 985 15 111 77 20 10 3 2
850 860 845 464 337 306 852 598 855 856 858 859 828 861 862
11 2 5 1244 86 1244 1 55 3 1 1 1 114 1 1
912 873 874 850 464 337 306 598 919 920 922 923 828
13 32 65 18 1013 203 1013 61 8 1 1 1 99
912 962 932 945 940 874 972 973 464 337 306 976 922 955
60 14 37 8 3 286 7 1 804 435 804 2 91 9
1010 912 1027 1028 1032 1001 874 1035 1036 973 464 337 306 1033 932 922 1019 1034
9 3 1 2 1 38 392 1 1 28 880 473 880 5 1 63 13 1
1040 1093 1073 874 1010 464 337 306 1043 1077 1047 922 1083 1066
26 3 27 421 97 956 562 956 134 40 24 63 16 3
1120 1121 1124 1073 874 1131 1132 306 1133 464 337 1010 1043 1110 1047 922 1115 1130
20 35 9 3 292 4 3 1215 1 1215 365 40 221 7 29 283 7 1
1168 1139 1124 1157 1170 874 1163 1164 1010 1166 464 337 306 1043 1172 1173 1171 1144 922
1 53 119 7 17 218 18 37 29 4 1225 393 1225 65 3 1 9 11 323
1219 1124 1221 1222 1193 874 1163 464 337 306 1139 1144 1220 922
4 169 1 2 7 72 17 1343 444 1343 18 83 3 433
1281 1283 1124 1286 1254 874 464 337 306 1139 1270 1273 1144 1284 922 1278 1285
7 1 50 2 25 25 898 591 898 25 2 1 291 1 407 2 1
1254 1287 1321 874 1323 1324 464 337 306 1139 1303 1144 922 1322
27 39 1 117 3 1 580 425 580 117 20 313 226 1
1344 1355 1348 1349 1254 1287 874 1323 1373 464 337 306 1139 1363 1144 1369 922 1372 1370 1375
19 4 46 7 21 70 223 35 2 297 298 297 223 29 251 4 27 1 7 2
1344 1139 1415 1349 1254 1287 874 1323 1421 464 337 306 1363 1397 1430 1144 1369 1370 1398 1419
7 160 2 6 58 301 160 135 2 667 197 667 144 67 1 107 58 138 1 13
1419 1447 1287 1449 874 1323 464 337 306 1363 1397 1139 1144 1370 1434 1450
12 4 542 2 80 24 855 201 855 311 38 80 96 103 6 1
1473 1139 1496 1494 1287 874 1479 464 337 306 1363 1462 1495 1144 1370 1467 1451
2 153 1 10 383 153 10 785 196 785 177 75 2 78 123 19 2
1537 1538 1539 1508 1494 1505 1287 1544 1545 1543 464 337 306 1363 1462 1144 1370 1473 1534
2 5 14 12 43 9 488 1 1 1 853 116 853 254 25 72 234 2 2
1600 1602 1539 1287 1583 464 337 306 1363 1494 1144 1370
8 8 2 619 14 947 152 947 447 39 144 172
1632 1664 1602 1665 1287 1634 1646 1615 464 337 306 1363 1494 1144 1657 1370 1663
21 1 166 3 898 5 10 27 972 211 972 756 179 163 23 142 9
1696 1697 1602 1287 1715 1708 1682 464 337 306 1363 1716 1717 1494 1144 1721 1370 1722
25 38 229 586 4 3 2 586 348 586 465 1 5 342 348 2 121 1
1760 1744 1602 1287 464 337 306 1363 1717 1494 1144 1370
1 11 21 951 951 419 951 715 196 187 419 236
1764 1782 1766 1287 1779 1778 464 337 306 1363 1780 1717 1494 1783 1144 1370 1781
7 1 35 690 3 5 690 439 690 515 1 154 446 2 439 175 3
1287 1832 1833 1799 464 337 306 1363 1717 1494 1831 1144 1370 1820 1818 1822
441 2 2 21 441 234 441 319 122 779 7 234 122 14 26 1
1846 1287 1833 1799 1869 1871 464 337 306 1363 1878 1717 1494 1144 1876 1370 1861
22 371 167 25 17 10 371 482 371 312 1 59 903 482 1 59 9
1287 1929 1930 1933 1936 1938 1940 1943 1945 1946 1833 1799 306 1846 1869 464 337 1363 1494 1896 1906 1908 1144 1917
292 38 4 3 2 6 1 3 1 1 170 12 292 165 39 292 287 292 1084 4 39 13 287 20
1968 1287 1833 1975 1906 1869 464 337 306 1363 1494 1929 1144 1979 1917
63 377 95 9 108 108 377 126 377 377 1386 85 126 5 11
464 2006 1287 2056 2057 2062 2031 1968 337 306 1363 1494 1144 1917 2035 1983
196 19 196 1 3 1 47 184 23 196 196 1781 23 4 7 132
1968 2091 2081 1287 2088 2057 2087 2031 464 306 1363 1494 2089 2075 1983
102 1 5 193 14 64 4 117 193 193 193 1807 1 63 128
2144 464 2118 1287 2057 2031 1968 306 1363 2100 1494 2137 2105 2139 2141 2142 1983
1 311 18 311 65 131 190 311 311 23 1689 1 4 3 6 1 32
1968 2163 2118 1287 2185 2199 2188 2189 2191 464 306 1363 2196 1494 2057 2200
211 57 26 131 16 9 54 9 6 131 131 131 19 1869 22 1
1968 2226 1287 2216 2252 2250 2220 2189 2254 2255 464 2248 306 1363 2196 2257 1494 2234 2237
173 6 115 52 3 1 32 73 1 2 115 39 115 115 183 2 1885 13 16
1968 2291 1287 2216 2281 2220 2189 464 2248 306 1363 2196 1494 2299 2300 2302
103 9 122 135 3 5 52 122 135 122 122 230 1878 14 1 2
464 1287 2216 1968 2248 306 1363 2196 1494 2296 2298 2300 2301 2302
4 4 38 158 38 4 4 60 1996 2 11 5 1 2
2336 2337 2339 2356 2216 2316 2350 2351 1968 2248 2196 2357 1494 2329 2334 2344
13 31 18 2 326 25 3 5 16 326 326 3 2000 9 21 7
2336 2400 2375 2216 2316 2401 2248 2196 1494 2397
91 8 3 453 55 1 453 453 2000 23
2400 2336 2402 2436 2406 2433 2216 2316 2414 2415 2248 2196 1494 2397 2431
97 63 8 1 4 3 800 116 10 29 800 800 2000 20 3
2400 2472 2469 2470 2216 2476 2475 2316 2478 2248 2196 1494 2457 2462
20 9 22 13 577 4 1 38 1 577 577 2000 79 18
2528 2530 2532 2469 2534 2535 2216 2248 2196 1494 2457 2533
1 2 1 76 1 1 423 423 423 2000 228 1
2532 2565 2216 2576 2248 2196 2549 1494 2584 2457 2587 2581
156 9 183 1 183 183 38 2000 4 323 2 1
2532 2641 2216 2633 2634 2637 2638 2607 2640 2248 2642 2196 1494 2616 2457 2639
53 1 375 22 2 1 2 4 4 375 2 375 2000 64 323 4
2688 2689 2690 2532 2216 2664 2667 2669 2248 2675 2196 1494 2681 2616 2457 2650 2685 2686 2687
4 1 2 215 205 14 61 3 205 3 205 2000 6 165 456 38 3 3 2
2532 2713 2216 2697 2667 2711 2702 2248 2706 2196 2709 1494 2681 2616 2457 2714 2715 2708 2686
176 6 63 7 142 3 81 63 6 63 2 2000 6 177 676 2 1 9 2
2754 2755 2532 2216 2667 2733 2702 2248 2196 1494 2616 2457 2746 2747 2748 2750
2 3 16 5 493 46 270 5 5 2000 87 338 22 6 36 1
2785 2532 2806 2759 2667 2702 2807 2800 2804 2805 1494 2775 2616 2457 2809 2748
5 11 1 197 679 293 3 1 2 4 2000 9 133 461 3 66
2759 2667 2702 2616 2837 1494 2873 2872 2457
43 524 93 296 111 2000 1 12 658
2885 2918 2759 2921 2667 2702 2837 1494 2616 2457 2909
41 2 23 2 765 34 176 2000 275 679 18
2987 2982 2983 2985 2986 2667 2989 2702 2960 2926 1494 2967 2616 2457 2990 2909 2837
1 12 5 1 1 1176 2 57 3 11 2000 9 73 265 1 210 67
3019 2998 2982 2667 3022 3023 2837 1494 3000 2457 2909 2702
17 5 22 862 22 9 10 2000 2 229 341 18
3073 3042 3019 3076 3077 2982 2667 3052 3022 3069 1494 3065 2457 3066 3068 2909 3070
2 91 125 4 1 37 1054 28 12 1 2000 7 214 6 16 481 12
3107 3042 3019 1494 2667 3120 3121 3122 3123 3124 3125 3126 3127 3128 2457 3068 2909 3134
26 75 108 2000 792 2 2 1 2 3 9 17 6 2 608 43 395 1
3040 3019 3045 3046 3047 2667 3021 3043 1494 3031 3032 2457 3035 2909
15 112 4 1 2 836 6 2 2000 61 18 561 12 480
3040 3019 3077 3079 3048 3081 2667 3084 3061 1494 3031 2457 2909
76 18 22 14 66 10 520 2 5 2000 167 656 168
3040 3019 3140 3077 3142 3079 3112 2667 3143 3031 1494 3129 2457 3130 3099 3132 2909 3135
167 8 4 53 4 25 12 477 1 242 2000 39 407 9 31 5 165 12
3204 3077 3208 3209 2457 3129 3140 3145 3019 3153 1494 3031 2909 3166 3040 3173 2667 3180 3184 3190 3197 3199
4 36 3 2 207 123 25 33 79 2 2000 380 84 4 81 6 545 24 1 3 8 2
3040 3257 3266 3019 3268 3077 3271 3208 3145 2667 3272 3220 3129 1494 3031 2457 3227 2909
94 1 6 66 2 23 1 171 121 527 1 12 19 2000 372 29 10 96
3040 3300 3077 3302 3208 3145 3306 2667 3277 3314 3315 3129 1494 3031 2457 2909 3317
80 19 10 16 184 194 16 367 18 7 2 109 2000 305 109 62 1
3040 3360 3364 3365 3361 3208 3145 2667 3129 1494 3031 2457 3354 2909 3358
158 4 1 2 3 180 343 572 150 2000 334 150 1 238 18
3040 3383 3427 3398 3208 3145 3434 2667 3438 3378 3129 1494 3031 3435 2457 3386 3419 2909
148 80 12 24 241 296 6 375 1 75 22 2000 222 1 22 80 5 153
3040 3456 3464 3427 3479 3473 3208 3145 3466 2667 3031 3378 3445 1494 3383 3480 3386 3467 2909 3455
103 26 7 9 1 21 390 195 2 179 125 137 47 2000 247 3 247 23 54 6
3040 3520 3523 3524 3525 3526 3208 3145 3497 3378 1494 3383 3386
51 5 5 2 16 1 404 426 3 204 2000 294 294
3040 3553 3586 3588 3525 3590 3575 3208 3145 3594 3595 3566 3592 3378 1494 3383 3576 3386
11 33 1 5 67 4 13 405 242 5 4 69 2 379 2000 492 8 492
3652 3525 3665 3208 3145 3659 3566 3664 3592 3378 3598 1494 3383 3608 3386 3662 3642
9 148 2 333 95 7 108 1 13 289 44 2000 574 32 574 3 8
1494 3208 3598 3608 3592 3378 3383 3386 3652 3525 3145 3669 3670 3677 3678 3682 3687 3688 3691 3566 3695 3697 3701 3702 3703 3705 3706
2000 83 18 45 4 65 749 749 95 57 259 95 11 1 17 23 8 4 8 34 4 1 4 1 2 1 1
3652 3525 3750 3761 3208 3145 3755 3756 3598 3760 3688 3378 3763 3669 1494 3383 3736 3737 3386 3711
50 346 18 1 29 602 18 6 11 7 101 18 1 50 2000 321 1 50 321 46
3810 3652 3525 3208 3145 3820 3821 3598 3688 3764 3669 1494 3383 3737 3386 3772 3770 3711
3 190 89 56 706 3 2 56 36 293 190 2000 643 60 643 23 8 115
3652 3525 3846 3861 3145 3863 3829 3764 3669 1494 3383 3859 3737 3386 3770 3711
56 223 16 3 504 1 23 383 56 2000 533 5 22 533 23 165
3907 3652 3525 3846 3879 3145 3884 3897 3892 3764 3669 1494 3383 3737 3386 3871 3898 3711
1 52 146 47 14 541 4 6 6 385 52 2000 437 17 437 3 1 224
3936 3905 3938 3525 3846 3145 3895 3933 3764 1494 3383 3897 3386 3931 3898 3711
2 53 4 90 227 729 57 3 486 2000 486 52 486 3 80 453
3936 3970 3971 3972 3973 3846 3944 3145 3946 3764 1494 3383 3897 3386 3964 3898 3711
17 2 4 1 1 424 5 612 35 355 2000 355 302 355 10 65 572
3936 4032 4035 4004 4037 3846 4039 3145 4023 3982 3764 4014 1494 3383 3897 3386 3898 4029 3711
124 7 26 37 2 266 1 1032 8 94 356 30 2000 356 252 356 11 13 828
3936 4035 3846 4105 4040 3145 4103 4076 3982 4072 4067 3764 1494 3383 3897 3386 4060 3711
57 33 443 1 66 1017 1 16 143 18 24 264 2000 264 183 264 45 643
3846 4109 3982 4118 4122 4123 4130 4131 4136 4141 4143 3764 3383 3897 3386 4035 4040 3145 1494 4060 3936 4067 4072 4083 4085 4090 3711
527 19 115 56 20 14 1 2 5 7 3 355 355 105 355 41 115 983 2000 175 84 99 144 26 53 8 617
3846 3982 4122 4136 3764 4149 3383 4153 3386 4155 4156 4162 4035 4040 3145 4172 4173 4174 1494 3897 4060 4067 4072 4085 4090 3711
297 127 96 7 299 40 299 26 299 28 15 28 35 80 1185 2 2 1 2000 190 349 190 137 150 29 667
4224 3846 4237 3982 4243 4244 3764 4149 3383 3897 3386 4040 3145 1494 4060 4067 4072 4204 4211 4085 4217 3711
8 638 7 114 3 2 286 126 286 169 286 141 907 2000 432 169 172 47 47 169 9 460
3846 3982 4248 4266 4268 4269 4274 3764 4149 3383 3897 3386 4040 3145 1494 4060 4067 4072 4204 4211 4085 4217 3711
520 232 112 9 2 28 15 366 110 366 11 366 240 1103 2000 494 11 134 82 82 11 16 494
4334 3846 4072 3145 4299 4204 3982 4336 4040 4211 3764 4149 1494 3383 4248 4217 3386 4283 4060 3711
1 636 52 1226 13 61 86 4 146 61 138 156 2000 138 51 19 138 19 427 427
4288 4291 4292 3846 4040 3145 4287 4149 1494 4217 4283 4060 4285 3711
1 2 2 877 372 1123 7 53 2000 23 23 504 15 504
4320 4321 3846 4040 3145 4331 4316 4335 4336 4308 1494 4315 4060 3711
17 17 1179 528 821 5 1 6 1 48 2000 1 418 418
4354 4358 3846 4040 3145 4362 4363 4364 1494 4361 4060 3711
3 7 1455 674 545 4 2 4 2000 3 407 407
3846 4040 3145 4370 4380 1494 4060 4382 3711
1497 1000 503 10 3 2000 358 1 358
4448 4449 4450 3846 4040 3145 4426 4370 1494 4441 4442 4447 4060 3711
1 1 1 1754 1357 246 14 18 2000 1 7 8 203 203
4449 4514 4516 4485 3846 4534 4040 3145 4522 4529 4517 4533 1494 4521 4060 4426 3711
18 22 12 7 1941 1 1713 59 14 3 4 7 2000 8 59 30 59
4449 4578 3846 4040 4586 4514 4590 4589 4560 4593 4595 4596 1494 4535 4569 4571
1 17 2000 1629 17 87 1 2 2 5 2 1 2000 55 2 9
4643 4644 4646 3846 4647 4040 4663 4650 4615 4662 4669 4658 4659 1494 4535 4665 4667 4668 4586
16 26 16 2000 4 1515 1 25 8 1 2 13 2 2000 36 4 2 4 28
