16 62 61 54 63
18 1 2 12 1
101 70 107 108 79 113 114 115 116 87 92
5 21 6 4 19 2 3 1 2 45 40
70 170 107 174 176 145 178 147 87 152
142 3 29 3 2 4 1 2 3 3
193 194 70 198 179 197
4 2 102 2 16 2
197 70 240 242 243 220
14 10 18 4 1 1
288 257 259 301 302 303 309 246 282 253 286
21 23 50 3 8 6 1 22 14 6 7
320 257 323 337 259 346 350
76 28 58 24 58 5 3
320 257 323 420 422 417 393 371 403 419 413 259 408 409 381 382
70 30 66 2 2 4 16 26 26 9 4 66 12 3 73 16
320 449 452 454 455 458 459 461 462 463 432 381 382
85 9 17 29 17 21 7 1 6 3 102 126 19
320 520 458 495 432 530 531 532 533 527 381
79 35 14 43 69 10 12 2 2 20 79
595 572 458 495 432 593 530 531 596 569 527 541 381
1 11 135 64 74 5 17 102 1 7 19 19 63
613 458 619 621 622 495 432 531 381 606
81 174 40 10 1 228 228 245 27 56
676 613 678 680 458 495 432 531 635 606
2 201 1 1 188 359 359 301 54 70
613 458 495 432 690 531 692 695 696 665 635 637
85 78 215 215 2 610 17 6 2 13 22 86
704 737 738 613 458 495 432 722 531 692 665 637 702
21 10 2 94 59 314 314 28 610 29 139 41 29
752 770 739 613 775 458 780 781 782 495 432 531 722 755 757 665 783 637
107 44 2 45 13 106 7 10 11 249 249 613 129 36 23 11 4 10
752 804 613 807 809 810 811 812 783 432 722 531 757 755 495 637
50 25 268 10 13 9 8 2 30 453 82 251 110 19 453 9
432 847 836 613 861 811 783 752 722 531 820 757 856 495 637 862 853
341 3 16 160 2 55 97 337 195 196 48 254 1 341 78 2 22
752 912 907 836 613 913 904 911 811 909 910 495 432 881 722 531 757 900 783 637 853
69 4 3 127 292 2 3 2 89 3 2 190 190 53 274 203 427 39 105 98 105
752 931 900 613 945 936 811 941 942 495 432 913 722 531 757 836 783 637 853
72 36 77 338 2 7 154 2 1 187 187 98 445 251 336 205 44 207 48
960 961 962 963 836 613 811 941 942 957 432 913 722 531 757 900 954 495 637 853
4 4 1 1 199 581 71 19 56 6 44 236 408 86 592 58 63 44 86 8
960 1003 900 613 990 1002 811 913 722 531 963 757 1014 1015 836 954 637 979 853
7 33 57 658 5 12 210 387 308 118 1 459 1 2 22 62 118 30 237
1056 1066 1003 900 613 1064 1065 1002 811 1042 1039 913 722 531 757 836 954 1045 637 853
18 6 19 12 772 4 6 12 133 10 30 588 319 198 316 17 5 63 198 237
1056 613 811 1039 913 722 531 853 1050 1055 1045 637 1054 757
1 524 82 37 396 357 308 142 35 1 89 308 2 604
1059 613 1095 1096 1084 1067 1100 913 722 531 853 1080 1050 1045 637 1093 757
1 767 4 3 2 22 3 643 36 417 147 4 6 192 417 6 633
1131 1124 613 1126 1127 1128 1067 1132 1101 1104 913 531 1108 757 1113 1119 1045 637 853
3 8 619 30 1 14 40 2 77 14 619 661 33 563 34 11 102 661 157
1191 1185 1187 1157 1126 1159 1180 1067 1101 913 1190 531 757 853 1175 1161 1177 1146 1045 637 613
1 1 7 80 22 29 7 178 13 1087 1 474 234 205 23 6 1 1 59 474 1087
1157 1185 1186 613 1126 1067 1183 1165 913 531 757 1175 1179 1045 637 853
7 2 1 853 21 107 4 13 853 362 427 9 36 42 362 358
1217 1186 1220 613 1190 1225 1067 1229 1230 1231 1232 913 531 757 1210 1179 1045 637 1214 853
2 5 5 684 24 32 37 2 7 5 3 684 506 492 18 26 28 506 5 318
1251 613 1258 1261 1262 913 531 757 1270 1274 1179 1276 637 853
62 451 33 58 11 451 824 381 16 2 150 1 824 344
1313 1314 1307 613 1287 1320 1261 1325 913 531 1300 853 1335 1337 1274 1179 637 757
7 15 23 415 26 12 75 17 415 1063 12 191 3 5 89 234 1063 331
1179 1380 613 1381 1386 1388 1261 1389 913 531 1363 757 1307 637 853
400 22 572 14 9 1 140 2 572 1028 7 290 101 1028 110
1442 1307 1380 613 1425 1450 1399 1261 1453 1459 913 1458 531 1439 853 1431 1428 1179 637 757
11 25 56 622 18 3 4 73 7 6 622 3 1004 14 92 44 1 258 1004 282
613 1425 1477 1453 1261 913 531 1492 757 1495 1496 1498 1179 1468 637 853
636 9 26 81 4 636 1049 18 202 3 5 1 242 65 1049 113
613 1544 1548 1509 1557 1549 1551 913 531 1556 853 1558 1535 1179 1468 637 1541 757
784 7 2 11 3 16 9 784 1016 5 53 2 20 54 244 1016 14 147
1595 613 1599 1551 913 1586 531 853 1587 1592 1593 1594 1179 1468 637 1598 1557
1 905 2 74 905 25 1072 23 61 3 3 5 41 410 1072 6 16
1635 613 1640 1641 1643 1551 1616 913 531 1587 853 1623 1626 1627 1468 637 1637
4 822 3 1 1 206 29 822 1162 73 16 85 10 13 145 1162 1
1696 1697 1698 1635 613 1551 913 531 1684 1699 1587 1468 637
8 1 2 16 1117 229 1117 883 3 1 47 124 883
1697 1698 613 1725 1724 1709 1551 913 531 1587 1720 1713 1722 1468 637
79 29 1130 1 3 16 181 1130 870 17 1 1 1 32 870
1728 1697 1764 613 1725 1768 1767 1551 913 531 1761 637 1759
32 184 2 1195 8 1 3 104 1195 805 3 805 3
1697 613 1738 1551 913 531 1752 637
208 1177 1 252 1177 823 2 823
1697 613 1734 1737 1738 1739 1551 913 531 1721 637
198 1211 38 15 1 2 192 1211 789 22 789
1697 1757 613 1734 1767 1769 1770 1772 1551 913 1746 531 1766 637 1758
115 5 1217 28 1 2 1 1 350 1217 14 783 1 783 24
1697 1828 613 1830 1832 1551 913 531 637 1823
244 2 1352 5 2 344 1352 648 648 15
1856 1697 1858 613 1863 1864 1865 1866 1867 1838 1551 913 531 1851 1852 637 1855
7 70 34 1257 6 1 4 2 5 12 419 1257 743 18 13 743 13
1697 1858 613 1867 1551 1872 913 531 1875 1851 637
44 262 1180 102 565 80 1180 820 1 31 820
1697 1858 613 1926 1917 1928 1929 1867 1551 1872 913 531 1927 1910 1911 1914 1851 637
39 385 1208 1 22 1 1 118 510 65 1208 792 2 48 13 13 20 792
1697 1858 613 1999 1917 1949 1993 1930 1867 2001 1551 1872 913 1994 531 1959 1851 637 1950
78 118 1602 3 19 8 24 71 350 1 484 12 1602 2 398 8 58 398 9
1949 1697 1858 613 2017 1930 1994 1867 1997 2030 1551 913 2034 531 1851 637
1 205 30 1479 3 87 35 288 29 42 294 1479 2 521 93 521
2067 1697 613 2033 1930 1867 2061 1551 913 531 2038 2045 2042 1851 637
2 49 1679 45 10 271 2 243 1679 321 40 13 6 137 321
2099 2107 2084 613 2033 2056 2108 1867 1551 2064 913 531 2102 2105 2038 2074 1851 2097 637 2078 2085
4 2 27 1330 241 37 1 95 323 25 1330 670 19 7 44 14 452 2 670 12 35
2155 613 2033 2152 2078 1867 2142 2141 1551 2064 913 2154 531 2132 2133 2038 2149 1851 637 2117 2085
1 1275 220 7 4 182 10 26 290 10 1275 1 725 6 39 15 1 583 725 76 100
2144 613 2033 1867 2173 2141 913 531 2166 2133 2038 1551 1851 637 2174 2085
9 1243 32 236 11 153 1243 757 11 10 12 41 456 757 2 48
2210 613 1867 2141 913 531 2199 1851 637 2207
57 1062 307 15 1062 938 73 535 938 11
2210 1851 613 1867 913 531 2261 2199 2239 637 2245
14 251 1291 446 1291 709 2 188 20 709 1
2304 2301 2299 613 2247 1867 2255 913 531 2292 2294 2199 2296 2289 1851 637 2303
1 2 8 1397 34 191 70 1397 603 6 6 8 5 25 128 603 1
2337 2338 613 2247 1867 2321 2318 2255 913 531 2333 2325 2326 2289 1851 637 2334 2335
3 1 1453 97 242 31 45 42 1453 547 7 2 5 80 177 547 6 2
2363 613 2247 2377 2378 1867 2385 2383 913 2386 531 2359 2289 1851 637
16 1451 109 8 1 269 3 5 1451 3 549 36 36 43 549
2436 613 2438 2247 2440 2441 1867 913 531 2422 1851 637
1 1104 1 252 4 2 95 1104 896 26 4 896
613 2247 2504 2508 2506 2451 2509 2510 2511 531 913 2483 637
947 245 2 1 1 33 6 5 2 1053 947 24 1053
613 2545 2247 2483 913 531 2549 2550 2519 637
1095 25 149 4 1095 905 1 7 38 905
2561 613 2551 2545 2247 2572 913 531 2519 2554 2556 637
3 1347 16 50 63 3 1347 653 16 18 1 653
2624 613 2545 2601 2551 2636 2637 2638 913 531 2622 2519 2554 2620 637 2247
51 1396 28 7 77 13 1 3 1396 604 8 77 1 14 604 174
613 2662 2247 2647 2551 2672 913 2674 531 2519 637 2661
1389 23 205 14 9 30 1389 12 611 9 611 61
2737 613 2662 2247 2728 2732 2736 913 531 2681 637 2661
1 1254 69 304 27 24 5 1254 746 33 746 14
2753 2755 2756 613 2247 913 531 637
5 4 2 1311 341 1311 689 689
2785 2788 613 2247 2792 2793 2794 2768 913 531 2773 637 2782 2783
3 7 1167 154 1 1 2 59 1167 833 58 833 17 4
613 2247 2835 2793 2829 2845 913 2834 531 2840 2841 2843 2844 637
911 167 4 81 11 2 911 12 1089 4 6 3 2 1089
613 2247 2793 913 531 2841 2875 637 2897
1023 139 228 1023 977 84 54 977 15
2939 613 2247 2920 2793 2941 2928 913 531 2934 2935 2937 2938 2875 2940 637
1 825 8 7 76 1 7 825 1175 12 14 1 4 91 2 1175
2976 2977 2978 2979 613 2984 2793 913 531 2935 2968 2969 2875 2972 637 2985 2981
3 13 2 14 857 1 193 857 1143 27 34 10 72 25 1143 1 1
3003 613 2793 3004 3019 913 2994 531 3028 3029 2875 3036 637
8 916 62 7 2 916 114 1084 4 7 201 3 1084
3072 3073 3074 613 3071 3048 3069 3056 913 2994 531 3064 2875 637 3070 3045
3 3 1 1059 6 12 5 11 1059 107 941 1 181 941 2 14
3123 3139 3099 613 3142 3137 3133 3101 3056 913 2994 531 3126 2875 3132 637
16 3 20 939 3 1 2 15 87 939 136 1061 7 149 35 1061
3137 3099 613 3174 3176 3147 3151 3056 913 2994 531 2875 3173 637 3167
27 108 1060 16 1 108 41 311 1060 41 940 143 2 940 6
3200 3202 613 3207 3209 3178 3211 3183 3056 913 531 3190 3193 2875 637
8 8 1135 4 2 6 1 19 300 1135 865 24 12 276 865
3215 3248 613 3178 3256 3212 3183 3056 913 531 3252 3254 3255 3224 2875 637
2 17 1125 197 1 25 17 213 1125 875 7 2 2 75 345 875
3286 3248 3267 613 3212 3056 913 3282 531 3285 3291 3224 2875 3292 637
6 5 7 1018 72 141 1018 24 982 2 9 81 357 4 982
3328 3334 3267 3332 613 3302 3306 3056 913 3314 531 3291 2875 637
13 1 33 8 1124 14 5 131 1124 4 876 10 411 876
3267 3332 613 3345 3369 3375 3056 913 531 3384 3385 3386 2875 637 3365
19 35 836 3 39 4 189 836 1164 5 2 3 106 1164 9
3425 3395 3332 613 3429 3443 3428 3435 3436 3437 3421 3056 913 3442 531 3439 3387 2875 637 3365
7 147 43 601 1 1 6 1 4 1 24 78 601 4 1399 3 60 170 1399 49
3425 3332 613 3494 3498 3499 3056 913 531 3480 2875 3484 637 3486
16 72 657 3 8 1 139 657 1343 17 209 6 1343 28
3332 613 3528 3549 3056 913 531 3543 3545 3546 2875 3548 637
80 710 2 9 43 710 1290 1 7 12 349 1 1290
613 3056 913 531 3575 3576 3578 2875 637
729 92 729 1271 5 3 1 383 1271
3616 3617 3618 613 3622 3623 3595 3629 3631 3056 913 531 3609 2875 637
14 2 27 455 2 2 20 1 4 28 455 1545 12 346 1545
3618 3651 613 3676 3629 3675 913 531 3609 3674 2875 3644 637 3678 3653
37 35 454 1 17 1 454 1546 153 4 375 19 1546 1 3
3682 3651 613 3688 3629 3677 913 531 3669 3609 2875 637 3685
4 44 681 5 54 1 681 1319 16 275 650 1319 1
613 3718 3719 3629 3725 3728 913 3730 531 3701 3609 2875 637
503 39 4 84 15 12 503 5 1497 14 214 503 1497
3777 3778 613 3718 3761 913 531 3763 3609 3770 2875 3772 637 3774 3701
2 3 620 53 8 620 1380 48 235 3 620 2 1380 9 40
613 3718 3816 3818 3789 3791 913 531 3701 3799 3609 2875 637 3813
782 119 14 3 13 5 782 1218 30 19 529 782 1218 19
613 3846 3850 3851 3855 913 3858 531 3701 3609 2875 637 3813
819 14 2 4 1 819 2 1181 318 537 819 1181 117
3891 3874 3813 613 3888 913 3890 531 3701 3609 2875 637 3893
2 11 65 712 14 712 3 1288 546 475 712 1288 2
3937 3938 613 3913 3901 913 531 3701 3609 2875 637 3813
4 1 895 26 12 895 1105 620 241 895 1105 56
3919 613 3933 3913 3914 3901 913 3922 531 3701 3927 3609 2875 637 3934 3813
2 981 3 12 1 80 981 6 1019 624 10 97 981 1019 1 20
3968 3970 3971 613 3913 3955 3901 913 531 3701 3609 2875 637
5 1 1 1161 114 4 111 1161 839 303 34 1161 839
4000 3970 3995 613 3997 3913 3901 913 531 3988 3701 3991 3960 3609 2875 637 3989
3 38 3 1196 16 154 39 1196 804 35 398 2 3 50 1196 804 7
3970 613 4040 3913 4010 4044 4046 4047 913 531 3988 3701 4041 3609 2875 637
60 770 6 86 186 7 3 1 770 1230 7 372 6 306 770 1230
3970 4100 613 4104 3913 4010 913 4050 531 3701 4055 3609 2875 637 4085
11 17 1144 2 217 28 1144 212 856 268 44 230 1144 856 7
4100 613 4102 3913 4010 4107 4125 4109 4111 913 4050 531 4116 3701 4121 3609 2875 4124 637
34 934 41 220 203 19 8 2 16 934 220 1066 4 358 1 345 934 1 1066
