1 33 41 53 56 62 63
5 4 12 2 1 2 3
98 105 108 113 115 116 120 123
16 4 7 20 42 8 7 3
160 183 180 175
14 1 2 4
228 199 234 235 182 216 231
5 28 8 2 46 26 5
320 199 266 231 285 312 182 216 316 317 318 319
1 35 55 3 2 4 20 15 2 1 2 2
354 266 370 371 345 350 319
22 128 6 4 8 41 16
266 401 407 345 411 350
347 19 3 45 3 50
448 418 411 406 266 434 435 438 443 445
2 10 10 1 485 12 15 7 4 3
411 266 464 473 475 443 479
101 420 28 1 7 15 5
512 266 500 501 508 509 511
1 187 10 2 3 7 5
576 578 547 580 581 266 563 571 573 574 511
2 1 1 5 1 247 16 7 19 1 73
266 619 590 593 595 622 563 632 602 634
293 14 9 13 14 7 116 2 40 1
672 673 649 266 563 659 602 666
4 1 4 117 143 2 15 2
676 679 649 266 718 563 723
1 32 53 252 7 258 1
736 768 771 772 679 745 266 759 752 563 740 649 761 763 767
11 1 1 1 116 18 156 7 20 345 2 5 3 4 1
816 679 809 266 812 782 752 563 821 822
9 95 1 75 11 49 14 191 1 2
865 868 870 679 840 266 846 872 563 862 863
7 6 1 132 18 100 53 1 72 2 8
901 679 938 942 943 563 918 920
9 11 2 3 1 70 1 15
992 972 974 982 988 989 958 991
4 58 12 2 2 2 3 2
1036 972 1021 1038 1033
7 19 2 1 3
1089 1091 1094 1095 1064 1080 1052
5 1 2 1 30 3 119
1153 1155 1156 1131 1134 1052 1149
4 1 3 5 38 81 9
1185 1186 1187 1188 1176 1052
1 1 4 1 2 46
1244 1239 1238 1241 1240 1209 1052 1214
2 1 19 1 2 54 105 71
1276 1260 1261 1269 1271 1272 1209 1274 1275 1052 1277 1214 1247
2 40 46 5 9 3 329 1 1 379 1 19 30
1282 1286 1323 1324 1261 1310 1269 1209 1052 1214
34 14 1 1 39 5 21 409 443 11
1209 1052 1318
519 519 3
1347 1357 1363 1364 1365 1367 1209 1052
2 2 9 5 2 2 641 641
1378 1412 1417 1419 1420 1423 1425 1426 1395 1428 1429 1209 1052
7 1 17 2 4 4 1 1 41 1 3 373 373
1441 1443 1446 1448 1449 1395 1428 1429 1209 1052 1439
53 4 14 2 1 34 64 6 464 464 15
1441 1477 1505 1480 1482 1495 1395 1428 1493 1494 1497 1209 1498 1052 1501 1502
30 9 1 4 18 2 16 27 14 1 7 615 9 615 2 6
1545 1546 1553 1555 1513 1209 1530 1052
5 1 1 1 63 369 12 369
1573 1576 1513 1209 1562 1052
7 1 137 579 2 579
1632 1634 1603 1513 1578 1618 1209 1052
5 3 18 86 25 10 485 485
1578 1680 1649 1687 1688 1209 1052
177 9 150 6 1 580 580
1728 1729 1730 1739 1732 1735 1578 1703 1649 1716 1721 1209 1052 1738
6 7 10 1 3 2 183 4 42 16 3 437 437 2
1792 1761 1703 1578 1739 1776 1649 1716 1209 1052 1789 1791
1 1 56 189 34 4 1 132 576 576 9 8
1856 1703 1833 1578 1836 1841 1842 1716 1814 1847 1848 1209 1850 1052 1855
2 32 7 103 21 54 4 188 10 1 6 329 4 329 1
1921 1703 1578 1836 1842 1841 1874 1875 1716 1909 1209 1052
5 120 203 124 4 8 3 77 46 3 119 119
1986 1987 1703 1578 1841 1875 1716 1974 1944 1209 1052 1981
2 4 92 438 10 14 26 1 11 107 107 2
2033 1703 1578 1841 2034 2003 1974 2039 1209 2010 2043 1052 2042 2035
7 50 291 49 7 85 49 3 532 20 1 532 1 14
2083 2086 1703 2088 2089 1578 2091 2061 2094 2095 2064 2074 2067 1209 2042 1052 2090 2035
23 2 9 5 2 484 3 35 2 2 4 1 12 625 84 625 2 42
2114 2083 2148 2151 2120 1578 2155 2061 2152 2067 2133 2105 1209 2042 1052
15 57 11 7 77 307 2 95 18 5 24 20 899 145 899
2210 2083 2198 2214 2120 1578 2188 2061 2216 2211 2166 2169 1209 2042 1052 2205 2206 2213
14 281 17 6 111 152 4 33 2 3 32 4 631 80 631 7 21 5
2240 2083 2262 2214 2120 2249 1578 2061 2260 2261 2198 2263 1209 2042 1052
40 223 1 61 96 8 220 144 21 5 16 2 693 23 693
2240 2083 2277 2214 2280 2281 1578 2284 2061 2286 2287 2288 2120 2275 1209 2042 1052 2282
50 298 4 168 7 5 246 5 89 1 1 2 2 4 713 42 713 3
2240 2083 2214 2310 2344 1578 2284 2061 2350 2349 2342 2339 1209 2042 1052 2341
53 236 264 17 6 340 36 53 1 2 2 12 822 82 822 9
2240 2369 2083 2372 2373 2214 1578 2061 2349 2368 1209 1052 2367
222 5 250 2 3 326 483 222 8 21 633 633 17
2240 2083 2214 1578 2411 2061 2414 2413 2403 2389 1209 1052 2367
231 163 177 638 13 231 1 4 31 39 648 648 14
2240 2083 2437 2214 1578 2443 2444 2061 2449 2389 1209 1052 2442
311 545 17 35 588 18 4 311 1 40 248 248 2
2240 2083 2214 2472 1578 2061 2389 1209 1052 2474
292 638 136 13 397 292 4 508 508 1
2240 2083 2214 2505 1578 2061 2510 2479 1209 2509 1052 2494
142 567 177 5 420 142 4 47 747 10 747 2
2240 2560 2083 2532 2214 2568 2572 1578 2571 2573 2061 2479 2546 2563 1209 1052 2494 2559
94 26 495 103 126 5 1 345 1 1 94 78 99 7 944 944 72 37
2240 2610 2083 2532 2214 2568 1578 2061 2608 2546 2611 2613 2614 2617 2616 1209 2618 1052 2494
198 2 231 195 94 18 401 198 1 331 2 2 2 1 1 993 2 993 53
2240 2083 2532 2214 2631 1578 2667 2061 2638 2546 2613 1209 1052 2666 2494
224 371 108 154 34 577 6 224 72 187 16 783 783 3 5
2240 2721 2722 2083 2532 2214 2716 1578 2061 2638 2546 2613 1209 1052
319 38 9 440 21 1 9 696 319 152 102 15 429 429
2240 2722 2083 1578 2763 2061 2638 2767 2768 2771 2774 2777 1209 1052 2782 2783
245 24 253 771 9 245 228 16 7 5 6 12 402 402 9 3
2240 2083 2812 2825 1578 2795 2796 2061 2638 2800 2834 2836 2841 1209 2842 2843 1052
274 75 14 1 613 73 7 274 274 46 3 6 2 597 2 2 597
2240 2851 2876 2857 1578 2795 2061 2638 2861 2800 2083 2868 1209 2874 2875 1052 2877
304 40 9 7 931 36 304 304 1 40 30 6 541 21 2 541 1
2240 2913 2851 2916 2885 2915 2881 2889 1578 2919 2061 2638 2895 2800 2899 2900 1209 2874 2907 1052
245 28 193 22 53 2 4 11 846 1 245 245 3 193 25 8 734 10 27 734
2240 2944 2851 2885 2921 1578 2939 2061 2638 2800 2899 2934 1209 2923 2907 1052 2874 2943
323 2 365 16 45 601 15 323 323 365 113 6 981 1 34 981 4 4
2240 2851 2980 2885 2993 2972 1578 2987 2988 2061 2638 2991 2800 2940 2899 2934 2921 1209 2907 1052
235 352 15 114 1 5 720 3 15 235 235 2 352 126 33 78 41 853 56 853
2240 3041 2851 2885 2940 1578 2061 3022 2800 2907 3028 2638 2934 3030 1209 3035 1052 3006
290 2 358 135 216 848 290 47 358 27 47 290 8 18 922 9 922 39
2240 3073 3074 2851 3076 2885 3078 3080 2940 1578 2061 2638 2800 3057 1209 1052 3006 3071
463 10 3 292 1 321 3 1 54 1055 463 463 292 8 798 798 43 26
2240 2851 3108 2885 3111 2940 1578 3083 2061 2638 2800 3107 3081 1209 1052 3109
345 341 3 348 2 62 1133 93 345 345 341 9 13 741 741 2
2240 3155 2851 3154 2885 2940 1578 3083 2061 2638 2800 3147 3139 3146 3150 3129 1209 3130 1052 3114 3135
483 1 238 7 154 43 1071 235 483 483 238 5 4 4 27 40 856 9 856 24 1
2240 2800 2851 2885 3176 3168 1578 3083 2061 3150 3165 3152 3188 2638 3158 1209 3162 1052 3114 3189
879 119 119 16 17 10 1134 112 879 250 14 55 2 879 11 854 6 854 55 2
3207 2061 3214 3218 1052 2851 1578 3244 3257 3258 3259 3260 2240 2885 3150 3152 2638 1209 3165 3176 2800 3114
51 1106 59 1 705 101 1295 2 8 8 6 2 1106 41 603 199 1106 705 125 23 101 74
2240 3152 2851 2885 3207 3272 1578 3276 2061 2638 2800 3214 3150 3274 1209 3258 1052 3114 3269
883 182 139 358 86 11 1304 1 883 883 139 56 424 14 696 39 696 228 11
2061 3214 1052 2851 1578 1209 2240 2885 3274 3150 3152 2638 3294 3302 3309 2800 3313 3317 3318 3319 3321 3322 3323 3324 3114
1102 122 579 176 1421 579 1102 319 148 256 449 1102 6 32 57 176 2 1 6 2 10 3 2 1 276
2240 2800 3214 2851 3332 2885 3328 1578 3340 2061 2638 3309 3152 3325 3150 3321 3274 1209 1052 3114 3333
1074 156 6 156 22 404 2 1478 1 1074 1074 34 504 26 285 42 205 522 522 285 9
3392 3332 3340 2061 3354 1052 3359 2851 1578 3375 3376 3381 1209 3402 2240 2885 3398 3399 3400 3274 3404 2638 3152 3363 3150 2800 3114 3321 3325
12 71 100 1144 41 511 78 302 1489 32 19 2 511 1 1144 345 1 2 11 591 2 1144 388 5 115 302 641 5 30
3392 3332 3340 2061 3354 1052 3359 2851 1578 3375 1209 2240 2885 3274 3150 3152 2638 3418 3419 3428 3429 3431 2800 3114
61 28 252 1184 198 298 74 282 1702 17 298 1184 518 684 150 265 1184 3 41 15 13 3 282 769
3464 3340 3469 3470 3475 3476 3477 3354 1052 3359 2851 3114 3375 1209 2240 2885 3274 2638 2061 3152 3150 3419 2800 3443 3445 3449 1578
12 166 2 2 1 1 2 41 69 58 69 973 214 69 1395 536 909 1395 1395 295 127 100 69 23 22 24 1931
3340 2061 3480 1052 3485 3547 3359 2851 1578 3375 1209 2240 2885 3274 3533 2638 3152 3537 3150 3419 3548 2800 3114
91 1525 171 147 6 19 244 147 1853 96 147 1525 328 1143 30 1525 72 30 280 280 2 147 1173
3340 2061 3480 1052 3547 3359 2800 2851 1578 3375 1209 2240 2885 3274 3533 2638 3152 3537 3150 3419 3549 3556 3561 3563 3568 3572 3573 3114
81 1585 218 190 9 82 190 190 1810 93 190 1585 225 1112 44 1585 51 44 349 349 56 30 6 3 15 1 1 1185
3340 2061 3604 3480 1052 3359 2851 3620 3622 3623 3114 1209 2240 2885 3274 2638 3597 3152 3150 3419 3549 3556 2800 1578
21 1513 18 163 382 14 382 1 17 3 1178 382 1513 105 830 1513 262 46 289 289 56 36 382 1618
3340 2061 3480 1052 2851 1578 1209 2240 3651 2885 3274 3661 2638 3597 3152 3150 3419 3549 3678 3679 3680 2800 3114
14 1664 432 231 231 1769 231 1664 25 105 828 23 1664 215 146 468 468 151 8 4 2 231 1050
3714 3723 3724 2061 3732 3733 3735 3480 3737 3739 1052 3696 2851 3114 1209 2240 3651 2885 3274 3661 2638 3597 3152 3150 3419 3549 3681 3689 2800 3698 1578
70 25 3 1595 5 15 8 439 2 3 394 3 394 974 394 1595 118 11 759 87 1595 215 182 439 439 134 15 11 394 12 1606
3714 3723 3724 2061 3779 3480 1052 2800 2851 3748 3114 3763 1209 2240 3651 3781 3274 2638 3597 3152 3796 3150 3800 3419 3549 3696 1578 3797
65 12 33 1652 28 266 348 348 348 101 1304 34 348 1652 182 3 1258 1652 46 82 1 266 1 266 169 33 1652 4
3714 3724 2061 3779 3480 1052 2800 2851 3748 1578 1209 2240 3651 3274 2638 3597 3152 3150 3419 3549 3813 3696 3831 3836 3114
36 123 1849 15 192 151 151 151 35 1849 151 1849 67 1602 1849 17 38 192 192 136 47 123 17 4 1619
2240 2800 1578 3847 3867 3274 3724 2061 2638 3549 3696 3896 2851 3150 3897 3480 1209 3898 3419 1052 3114
1948 52 1948 71 33 1753 505 1948 1948 194 505 1 52 195 3 195 52 1 195 52 1753
2240 3888 3902 3847 3114 3724 2061 2638 3549 3696 3480 3891 3892 3150 3274 3897 3419 1578 3870
2000 11 6 20 1584 560 2000 2000 416 560 416 16 3 416 1584 15 416 2000 32
2240 3888 3907 3914 1578 3724 2061 2638 3549 3696 3114 3924 3150 3480 3419 3274 3925
2000 53 26 1 2000 478 2000 2000 698 478 1302 3 698 698 698 1302 1
2240 3968 3935 3943 1578 3724 2061 2638 3549 3696 3480 3150 3274 3962 3419 3114 3966 3967
2000 8 36 17 2000 430 2000 2000 949 430 949 949 1051 27 949 1051 13 4
3968 3969 3724 2061 3986 3480 4005 1578 4015 4017 4020 4022 2240 3274 2638 3150 3419 3549 3935 3696 3114 3966
81 22 619 2000 1 823 3 2000 4 11 10 4 2000 1177 2000 823 823 823 18 619 1177 45
3969 3724 2061 3480 1578 4024 2240 4033 4034 4039 3274 3150 4051 2638 4055 4056 4057 3419 3549 3696 3114 3966
85 462 2000 1107 2000 8 2000 8 33 1 893 1107 4 2000 6 8 5 1107 1107 462 893 56
2240 3969 4088 4096 4034 4102 1578 3724 2061 3150 3696 4024 4106 3114 4056 2638 3480 4057 3419 3274 3549
2000 124 10 10 15 8 2000 448 2000 1358 448 77 1 642 6 2000 1358 22 1358 642 1358
2240 3969 4096 4145 4136 1578 4135 3724 2061 2638 3549 3696 3480 4148 3150 4024 3419 3274 3114
2000 169 76 4 83 2000 13 380 2000 2000 1406 380 1406 1 1406 125 1406 594 594
2240 3969 4160 4096 4136 4172 1578 4171 3724 2061 3150 4175 3696 4024 3114 2638 3480 3419 3274 3549
2000 103 7 2 50 3 2000 4 176 2000 1740 2 176 38 260 2000 1740 1740 260 1740
2240 4211 1578 3724 2061 3150 4207 3696 4024 4210 3114 2638 4175 3480 3419 3274 3549
2000 2 2000 222 2000 1770 6 222 25 3 230 2000 58 1770 1770 230 1770
2240 4251 4252 1578 3724 2061 3150 3696 4024 3114 2638 4246 3480 4249 3419 3274 3549 4254
2000 1 4 2000 110 2000 1890 110 76 110 2000 3 1890 1 1890 110 1890 1
4288 3724 2061 3480 4262 3114 4275 4276 4024 4284 4286 4287 2240 4289 4290 4292 3274 3150 2638 3419 3549 3696 1578
3 74 2000 1926 141 74 55 4 74 4 10 1 2000 4 2 2 74 1926 2000 1926 1926 74 2000
2240 4302 4262 1578 3724 2061 3150 4349 3696 4024 3114 2638 4344 3480 4330 3419 3274 3549
2000 1 69 2000 37 2000 1963 2 37 37 37 2000 3 1963 18 1963 37 1963
2240 4386 4262 1578 4364 2061 3150 4365 4366 4371 2638 4375 3480 3419 3549
2000 25 221 2000 271 2000 2000 9 29 13 2000 5 2000 2000 2000
4416 4364 2061 4366 3480 4386 4387 4262 1578 4401 4411 2240 4419 4421 4425 4427 4428 4429 2638 3150 3419 3549
2 488 2000 13 2000 35 46 528 2000 16 6 2000 1 1 1 6 1 1 2000 2000 2000 2000
2240 4480 4387 4262 4457 1578 4364 2061 3150 4401 4475 4468 2638 4470 3480 3419 4476 3549 4479
2000 1 234 563 16 2000 372 2000 2000 127 1 4 2000 24 2000 2000 2 2000 4
2240 4514 4387 4516 4517 4262 4518 4457 1578 4364 2061 2638 4401 4515 3150 3480 3419 3549
2000 9 604 2 5 352 3 71 2000 864 2000 2000 18 4 2000 2000 2000 2000
2240 4514 4387 4550 4262 4556 1578 4364 2061 3150 4557 4553 4515 4532 2638 4457 3480 4554 3419 3549 4538
2000 60 489 3 565 7 2000 494 2000 2000 2 1 7 33 2000 38 2000 2 2000 2000 9
