35 12 45 46 20 26 28 30 31
2 21 3 1 44 110 4 21 12
70 71 61 82 20 56 26 79 58 30 63
10 7 10 7 110 19 87 3 2 45 4
123 130 131 132 133 134 71 113 115 86 26 91 30 127
5 6 2 3 6 6 58 92 5 70 70 23 70 8
192 193 197 91 196 86 71 113 149 150 153 26 187 182 189 30 159
8 6 1 96 1 112 59 179 82 122 22 112 4 14 6 112 10
214 246 226 86 71 241 113 150 247 248 26 91 231 218 30 223
32 1 70 321 55 18 311 217 2 2 321 5 2 80 321 21
246 226 86 71 231 253 113 245 150 248 250 26 251 218 30 223
15 128 151 41 11 2 337 1 171 4 1 151 1 28 151 78
226 282 150 299 300 301 272 113 86 26 218 30
141 1 273 3 12 3 11 424 243 243 37 243
226 355 374 360 363 365 367 113 370 372 150 348
193 18 2 5 22 3 29 441 7 5 370 2
226 419 422 421 406 391 363 418 367 113 404 150 413
231 1 1 2 1 89 3 1 13 423 5 508 1
450 470 391 226 463 113 466 468 469 150 471 445
49 1 121 136 11 180 14 3 1 812 1 9
512 450 515 391 226 493 495 113 466 150 504
9 738 2 125 122 26 14 119 23 1027 4
226 391 554 555 450 495 504 466 546 150 536 530
263 155 2 1 773 8 106 46 4 864 58 27
592 450 598 391 586 583 226 466 536 530 597 150 504 601
6 672 1 140 6 29 617 33 2 125 1 713 42 1
226 644 391 648 450 654 466 625 530 659 660 661 150 663 504 657 639
557 6 26 9 536 4 128 18 140 2 2 3 536 1 144 6 27
530 150 738 699 702 450 708 710 713 714 715 717 719 466 724 726 728 729 731 733 735 736 737 226 625 504
9 722 3 18 2 722 3 40 10 29 38 3 16 18 4 13 26 5 12 1 1 2 4 444 118 100
768 450 774 777 780 226 781 625 150 504 762 767
1 867 6 3 3 145 5 1 867 1 1 22
450 803 811 226 814 816 818 820 821 150 823 799
778 32 5 182 4 6 3 2 6 778 15 28
226 835 869 873 855 450 849 867 150 823 859 834 799
291 76 37 5 23 270 20 6 270 59 39 5 377
450 875 886 823 226 881 150 855 799
385 12 4 34 180 56 385 120 474
450 875 932 226 823 930 881 855 931 150 919 921 922 923 799
733 42 1 42 292 2 25 5 2 733 51 19 25 5 325
960 226 875 965 968 969 970 823 972 450 971 973 881 963 919 150 951 921 922 923 799
9 53 20 1 3 1 2 556 4 689 8 3 16 19 18 689 62 31 86 9 257
994 450 963 1014 1013 875 226 1008 1009 980 981 150 823 1017 922 1019 1018 799
14 652 37 5 3 111 85 28 4 51 104 652 426 7 247 2 2 374
1024 150 1047 1050 1051 922 799 1056 1064 1072 1073 1075 1076 1077 823 450 963 1079 226 980 981 994 875 1008 1013
44 1032 70 71 24 200 304 16 5 2 2 1 2 11 685 1032 8 1 139 254 157 32 86 61 116
1024 150 1047 1050 922 799 1056 823 1084 1088 450 226 1106 980 981 1110 1112 1114 1117 994 1127 1128 1129 875 1008 1013
91 1112 6 6 80 274 51 788 68 35 1112 81 11 310 80 8 6 9 7 115 6 4 1 91 134 215
1024 1154 1155 1174 1170 1171 1173 150 1177 922 1179 1182 799 1056 1185 1186 823 1084 1141 1088 1184 450 226 980 981 994 1129 875 1008 1013 1145
17 3 43 44 13 15 5 1142 19 133 2 15 103 67 1 1 997 101 35 87 10 1142 206 95 133 133 51 17 144 294 90
1024 1171 150 922 1182 799 823 1084 1216 1217 450 1219 1223 1224 1227 1228 226 1230 1232 1234 980 981 1145 994 875 1008 1013 1236 1237
168 38 935 29 38 135 802 29 9 5 935 25 2 3 4 5 117 1 1 4 48 29 3 211 168 169 546 2 2
1024 226 1294 1295 1171 1300 150 922 1307 1306 1182 799 823 1084 450 1219 1250 981 994 1253 875 1262 1263 1008 1013 1272
73 279 13 21 197 4 449 226 1 1 197 290 396 226 449 53 48 226 78 27 73 48 87 114 615 33
1024 226 1171 150 922 1182 799 1314 1324 823 1311 1084 450 1219 1350 1250 1362 1363 981 1369 1373 1375 994 1253 875 1262 1263 1008 1013 1272
146 282 282 469 127 282 129 66 31 392 11 127 469 77 8 75 8 5 127 2 5 3 142 27 146 58 127 187 712 4
1024 1414 1416 1417 1419 1420 1421 1171 150 1182 799 1250 823 450 1219 994 1363 226 875 1388 1262 1008 1393 1394 1395 1013 1407
177 6 2 13 2 1 2 190 808 190 280 110 740 808 68 556 15 190 177 6 48 172 91 71 19 358 16
1024 1171 150 1438 799 1442 1448 1449 1450 1182 823 450 226 1250 1363 994 875 1262 1008 1393 1013 1407
91 423 552 40 356 52 9 3 5 423 552 552 423 15 15 412 91 73 140 232 293 3
1024 450 1467 226 1470 875 1452 994 1182 1442 1008 1393 1171 1262 1013 150 823 1471 1469 1438 799
61 622 5 336 1 61 5 406 336 128 216 198 336 94 302 622 622 2 2 283 205
994 450 1467 1480 1456 1457 1182 226 1442 1262 1008 1393 1171 1013 150 823 1471 1438 799
407 891 4 1 22 10 212 212 154 48 484 212 212 456 891 891 3 267 89
994 450 1521 226 1527 1442 1182 1517 1008 1393 1522 1171 1506 1013 150 823 1530 1487 1532 1438 799
59 639 4 171 2 52 171 16 580 171 43 171 17 465 639 639 4 36 1 405 293
1568 450 1571 1572 226 1557 1442 1438 1008 1393 1171 1556 1013 150 823 1561 1566 1563 1533 1182 799
4 795 1 1 295 4 113 479 795 295 295 12 385 795 795 32 4 1 113 295 46
226 150 1585 1598 1591 450 1442 1008 1393 1171 1013 1438 823 1561 1599 1596 1533 1182 799
533 527 3 1 58 527 31 527 533 533 456 401 527 95 1 2 77 533 83
450 1638 1641 1643 226 1646 1438 1008 1393 1171 1013 150 823 1629 1561 1647 1533 1182 1645
419 9 7 6 512 1 131 419 512 512 938 419 419 8 271 2 50 512 3
1668 150 1677 1679 1681 1171 1685 1686 1688 1561 1182 1393 1438 823 450 226 1643 1008 1649 1651 1013 1663
1 426 8 34 9 465 2 2 1 145 465 465 73 426 426 465 23 426 20 67 1036 2
1651 450 1649 1721 1687 226 1008 1393 1171 1715 1013 150 823 1720 1561 1722 1691 1182
101 538 9 2 47 329 538 329 329 2 1133 538 538 2 237 4 74 329
1758 1651 450 226 1008 1393 1171 1013 150 823 1561 1756 1757 1182
4 26 882 312 882 312 312 806 882 882 266 8 7 312
1697 450 1171 1701 1702 226 1679 1008 1393 1651 1013 150 823 1561 1658 1659 1693 1182 1685
3 996 467 2 4 467 1 996 467 149 537 996 996 280 15 17 6 467 23
450 1731 1732 1734 1719 226 1709 1008 1393 1171 1716 1013 150 823 1561 1659 1725 1182
827 1 11 1 18 147 19 827 147 147 9 1026 827 827 112 19 6 147
1790 450 1787 1767 1771 1772 226 1709 1008 1393 1171 1013 150 823 1783 1561 1794 1659 1182
7 847 13 11 43 62 149 17 847 149 149 1004 847 847 2 20 8 17 149
450 1830 1767 1836 1771 1772 226 1837 1008 1393 1171 1812 1013 150 823 1182
820 8 174 18 35 53 76 3 820 76 76 20 1104 820 820 76
450 1893 1894 1767 1897 1866 1899 226 1902 1871 1008 1393 1171 1013 150 823 1873 1849 1182
864 7 13 9 12 162 2 154 2 15 864 154 154 982 864 864 2 21 154
450 1958 1866 1963 226 1939 1935 1008 1393 1171 1013 150 823 1948 1954 1182 1909
373 1 3 1 104 2 21 373 104 104 1523 373 373 3 3 104 17
226 1950 450 1935 1008 1393 1171 1013 150 823 1976 1947 1182 1983
107 25 258 30 258 107 107 1635 258 258 1 8 107 4
226 2019 2020 2025 450 1008 1393 1171 1013 150 823 2041 2042 2043 2044 1182
88 12 5 62 343 343 88 88 1569 343 343 14 9 5 2 88
450 2052 2053 2055 2025 2063 1008 2066 2067 2068 1013 150 823 2044
498 80 6 28 236 11 498 3 1 1 1502 498 498 126
2112 2096 450 2115 2052 2085 2055 2025 2071 2114 2095 1008 1013 150 823 2104 2044
4 50 287 4 147 11 25 130 22 9 19 287 1713 287 287 13 172
2177 450 2052 2166 2025 2123 2095 1008 2132 1013 150 823 2044 2174 2085
3 402 149 28 49 69 69 402 4 1598 402 402 78 7 156
450 2180 2085 2025 2232 2123 2223 1008 2225 2227 2230 1013 150 823 2200 2052 2095 2044 2166 2198 2197
592 38 100 95 2 83 5 592 4 3 3 1408 592 592 3 249 39 40 95 17 12
2272 450 2052 2085 2025 2123 2284 2274 2286 2095 1008 1013 150 823 2281 2166
9 241 358 110 36 22 2 5 4 55 241 1759 241 241 7 36
2272 2320 450 2339 2052 2309 2312 2327 2317 2095 1008 2321 1013 150 823 2340 2330 2333 2085
186 36 66 9 895 49 21 9 55 186 66 3 1934 66 66 3 7 11 2
2272 2320 450 2052 2373 2377 2381 2317 2095 1008 2353 1013 150 823 2380
6 40 200 832 5 12 2 1 440 200 54 1800 200 200 2
1008 450 2052 2443 2444 2446 2095 2320 2353 1013 150 823 2393
257 257 570 4 2 2 548 330 2 1743 257 257 91
1008 450 2052 2476 2095 2320 1013 150 823 2393 2460
140 140 596 24 671 260 1860 140 140 20 16
2528 1008 450 2052 2502 2529 2536 2524 2535 2095 2320 2514 1013 150 823 2488 2521 2460 2494 2517
2 253 253 559 10 8 1 3 1 286 150 12 1747 253 253 55 12 44 14 22
2593 450 2052 2588 2605 2606 2095 1008 2514 2611 1013 150 823 2488 2460
8 279 701 2 2 2 97 279 39 5 1721 279 279 26 3
2625 450 2659 2052 2665 2666 2635 2668 2095 1008 2514 1013 150 823 2620 2654
61 448 17 782 2 9 76 1 162 448 127 1552 448 448 150 5
2625 450 2659 2052 2726 2729 2730 2635 2690 2095 1008 2514 1013 150 823 2724 2620 2717 2719
149 667 4 529 2 5 2 20 42 225 667 156 1333 667 667 1 225 31 11
2690 2052 2754 150 2717 2726 2733 2095 823 2620 2750 2625 450 2760 2762 2635 2764 2765 2766 2767 2514 1008 1013
10 691 21 307 3 53 62 193 307 193 2 6 307 5 8 115 2 1 2 2 404 307 1693
2817 450 2819 2052 2726 2812 2733 2095 1008 2514 2804 1013 150 823 2620 2814 2815
23 224 7 833 59 6 50 141 224 329 69 1776 224 224 141 5 1
2817 2052 150 2827 2838 2726 2855 2856 2733 2095 2871 2872 2620 450 2884 2885 2887 2888 823 2514 1008 2804 1013
84 955 62 9 55 36 43 10 130 171 36 4 171 62 10 2 1 1 62 345 62 73 1938
2817 2052 2838 150 1008 2726 2855 2733 2095 823 2620 450 2894 2514 2906 2907 2908 2910 2917 2921 2922 2926 2927 2928 2804 1013
144 984 34 67 67 2 32 91 49 67 49 67 4 228 2 31 1 5 25 3 7 1 3 4 117 1933
2817 2947 2052 2960 2838 2974 2980 2855 2986 2733 2990 2095 2992 2993 2994 2995 2620 2514 2907 2910 2917 2804 1013
43 52 1355 20 40 3 51 151 54 129 3 5 15 4 6 5 5 236 10 7 43 102 2000
2817 2052 2917 2855 2986 3015 3020 2994 3022 2733 2960 2514 1013 3023
167 1321 167 82 44 18 16 166 4 128 75 175 2000 1
2817 3074 3075 2052 2917 3073 3020 2994 3054 2733 2960 2514 1013 3070 3071
90 1 3 1522 90 13 112 290 26 229 7 320 2000 39 5
2052 3077 3079 3020 2994 2733 3088 3089 2514 3091 3092 1013 3095 3096 3097 3098
1716 26 16 212 387 202 38 16 233 18 26 2000 1 1 1 3
3137 2052 3077 3145 3146 3020 2733 3088 2514 1013 3126 2994
13 1727 23 4 2 229 340 4 340 2000 24 408
3201 3202 2052 3207 3176 3212 3020 2994 2733 3208 2514 3188 1013 3209 3192 3204 3199 3198 3189
7 15 1562 3 37 3 38 559 340 1 340 26 2000 1 6 1 1 10 1
3235 2052 3222 3242 3243 3020 2514 2733 3256 2994 1013 3254 3255 3224 3259 3260 3262
50 1506 9 14 23 50 141 141 2 865 2000 3 4 77 2 1 1
3235 2052 3282 3274 3020 2514 3278 2733 3280 2994 3283 1013 3222 3268 3262 3285
104 1420 2 33 104 18 1 18 24 788 1 2000 18 11 47 2
3330 3235 2052 3334 3336 3337 3274 3339 3020 3341 3342 3280 3326 2994 3331 1013 3340 3321 3338 3262 3285
2 67 1498 14 1 4 179 2 67 2 1 63 15 849 1 2000 1 64 2 103 22
3360 3392 3235 2052 3020 3274 3371 3372 3280 3345 2994 3390 1013 3389 3262 3349
77 1 4 1544 4 252 36 46 16 58 1126 1 2000 1 164 65
3360 2052 3413 3274 3372 2994 3405 3280 3345 3410 1013 3414 3415 3349
73 1794 8 699 12 1513 22 9 93 6 2000 2 2 47
3360 2052 3274 3372 3438 3345 2994 3444 1013 3446 3416 3428
8 1935 739 15 23 169 1661 5 2000 4 19 3
3490 3459 2052 3465 3274 3501 3345 2994 3507 1013 3510 3479 3460 3483 3509
77 34 2000 72 983 12 457 1955 12 2000 2 10 70 30 2
3520 3529 3523 2052 3528 3465 3274 3531 3532 3522 3345 2994 1013 3510 3479 3460 3483 3516
2 11 1 2000 2 146 757 1 1 5 358 1909 2000 48 91 181 15 36
2052 3465 3274 3595 3596 3565 3599 3600 3345 2994 1013 3510 3479 3460
2000 127 789 14 8 7 1 4 404 1969 2000 16 31 100
2052 3465 3274 3627 3597 3630 3631 3345 2994 3629 3604 1013 3510 3612 3626 3614
2000 234 771 2 68 2 1 414 2000 1 6 2000 60 24 6 8
2052 3670 3633 3465 3274 3597 3694 3345 2994 3667 1013 3510
2000 14 211 269 239 13 11 212 2000 13 2000 8
2052 3717 3633 3465 3274 3698 3694 3345 2994 3700 1013 3510 3722
2000 7 147 156 140 47 2 140 2000 60 2000 32 1
3776 3777 2052 3717 3750 3633 3465 3274 3698 3728 3345 2994 3764 3700 1013 3769 3772 3742
17 2 2000 70 12 70 199 110 10 90 110 2000 6 70 2000 3 7 1
3810 2052 3717 3750 3633 3465 3274 3788 3345 2994 3700 1013 3830 3831
6 2000 54 45 54 240 118 25 118 2000 54 2000 1 1
3872 3810 2052 3750 3889 3465 3274 3885 3886 3345 2994 3891 3892 1013 3890 3861
17 13 2000 6 3 201 254 2 6 254 2000 1 2 2000 1 14
2052 3465 3274 3886 3345 2994 3891 3892 1013 3895
2000 9 204 25 204 2000 4 1 2000 1
2052 3953 3274 3947 3948 3886 3951 3952 3345 2994 1013 3927
2000 1 85 2 9 101 1 2 85 2000 2000 2
4002 2052 4006 3985 4009 3274 3947 4007 3886 3345 2994 1013 3995
5 2000 5 4 3 144 105 1 121 144 2000 2000 57
4033 4007 2052 4038 4006 4014 3274 3947 4018 3886 4015 4016 3345 2994 1013 4024 4025 4026 3995 4036 4037
4 21 2000 2 106 76 236 94 6 126 11 26 236 2000 2000 50 14 5 80 3 2
2052 3345 3886 3995 4006 4014 2994 4024 4026 4036 4039 3274 4043 4047 4052 4053 4054 4055 4056 4057 3947 1013
2000 37 205 2 26 26 2000 36 100 8 10 37 7 11 2 3 3 1 2 4 99 2000
4096 4097 4098 4099 2052 4073 3274 3947 4076 3886 3345 2994 1013 4055 4024 4089 4026 4091 4062
4 7 21 1 2000 95 82 85 10 40 82 2000 2000 53 7 4 35 2 35
4139 2052 4134 4073 3274 3947 4143 4144 3345 2994 1013 4026
1 2000 4 35 34 33 1 1 34 2000 2000 4
4196 2052 4165 4198 4205 4206 4207 4177 2994 1013 4182 4153 4186 4188 4181 4191
1 2000 26 12 9 1 1 2 2000 2000 8 100 1 15 3 15
2052 4165 4242 4241 2994 4243 1013 4153 4219
2000 43 3 4 2000 2 2000 27 30
4288 2052 2994 1013 4278 4153 4219 4245
9 2000 2000 2000 21 82 233 118
4288 4321 4322 4315 2052 4245 4298 2994 4323 4325 1013 4153 4219 4309
14 1 4 24 2000 21 96 2000 4 3 2000 48 288 17
4315 2052 4356 4359 4371 4298 4364 4370 4366 4337 2994 4323 1013 4345 4153 4219 4245
80 2000 5 5 1 95 4 6 1 18 2000 53 2000 33 98 191 59
4323 2052 4390 4298 4407 4397 4398 4400 4408 2994 1013 4406 4153 4379 4345 4410 4219 4412 4245
253 2000 34 56 23 9 14 21 11 2000 2000 3 110 28 248 2 240 2 14
4473 4400 4323 2052 4453 4428 4463 4432 2994 1013 4470 4345 4472 4153 4474 4219 4469
1 12 197 2000 28 1 14 5 2000 2000 2 112 1 148 3 326 3
