2 5 11 12 15 19
21 15 2 1 20 4
65 39 76 48 82 83 87 89 90
16 30 43 45 5 1 2 2 2
133 134 39 136 76 48 126
9 21 18 2 52 1 8
195 133 39 141 174 176 154 156 158
3 84 9 29 7 4 16 86 2
257 258 259 260 262 264 220 174 240 248 251 156 254 255
1 8 5 2 3 1 1 106 11 23 13 77 2 4
265 269 174 240 275 248 281 156 285 286
2 23 82 44 2 3 18 108 8 8
265 332 174 336 337 338 275 340 341 342 345 156
52 8 243 4 24 3 52 10 4 1 1 156
392 360 265 343 174 337 275 340 373 393 377 156
5 54 181 15 302 215 181 47 43 7 18 19
412 360 265 174 399 400 337 275 406 407 408 409 410 156
1 245 40 185 13 2 134 40 2 1 2 3 1 201
360 265 364 174 337 275 373 374 377 156
183 195 4 208 91 195 18 1 3 266
416 421 389 423 360 265 427 364 429 174 337 275 428 156 414 383
6 4 19 8 346 29 5 34 2 167 1 29 1 333 13 151
480 482 360 457 439 364 174 465 275 437 265 156 478 383
1 1 333 21 9 154 243 20 7 78 7 442 1 318
512 513 485 519 360 364 525 174 527 528 531 437 156 383
5 32 2 10 596 228 10 49 16 4 5 83 353 94
545 551 360 364 525 174 557 513 437 558 156 383
18 27 415 185 132 14 7 44 93 2 247 26
614 551 360 620 619 364 525 621 437 566 599 571 156
9 47 288 1 1 555 105 3 21 5 16 22 829
642 551 360 364 525 655 657 661 599 664 665 635 156 638
52 4 296 576 155 4 51 3 65 5 8 15 1023 10
678 711 360 364 525 723 657 722 691 725 694 727 729 730 156
38 1 360 220 154 3 104 11 63 10 51 3 1 1 697
771 742 678 360 777 791 364 525 657 786 788 694 727 790 156 735
6 67 8 173 6 6 263 248 118 4 3 43 84 2 1162 2
832 833 836 838 806 839 360 841 812 525 840 657 727 824 364 826 156 829
14 1 3 5 10 1 119 2 30 209 1 119 165 20 143 3 1262 2
892 869 838 909 360 905 812 525 846 873 912 657 883 727 890 156
6 2 30 4 49 31 149 228 61 7 3 49 6 337 10 1063
905 525 657 914 156 930 935 812 953 954 957 958 960 961 964 965 966 967 846 727 360 890
89 287 221 76 1165 9 4 57 15 24 49 16 13 1 1 4 2 3 80 579 221 58
960 1006 360 905 1005 525 846 954 657 914 1000 727 890 156 957 958
133 1 112 218 1 239 43 23 112 145 1 754 20 1441 73 51
960 1027 1041 657 360 905 525 846 1009 914 727 1019 156 957 958
193 5 5 120 120 416 266 98 109 163 665 14 1524 40 109
960 1089 1027 1092 1061 1009 360 905 1066 525 846 657 914 1091 958 727 156 1085 1054
51 11 13 2 26 217 289 201 74 114 6 289 131 1 217 496 1493 13 84
960 1152 1094 1009 360 905 1066 1159 525 1136 657 914 1139 1148 1054 727 1161 1160 1147 156 958
194 10 20 68 104 151 42 13 97 19 104 84 10 20 1 486 4 3 11 1625 68
1216 905 525 1169 914 156 1189 1191 1066 1195 1198 1203 1204 1206 1207 1209 1212 1213 958 960 727 657 360 1136 1009 1214 1147
1 233 22 70 8 1560 14 34 14 13 3 16 33 1 5 3 1 5 104 128 481 58 58 21 104 1 83
960 1303 1009 1297 360 905 1207 525 657 1203 727 1304 1274 1275 156 1213 958
38 2 60 5 29 245 92 181 29 23 656 1 9 15 1706 92 60
960 1367 1339 1297 360 905 1363 1303 525 1326 1213 657 1362 1203 1365 727 1368 1370 1327 156 1207
33 6 7 10 190 436 6 88 183 3 213 190 37 96 3 526 2 1 77 1524 213
960 360 905 1207 525 1327 657 1330 1203 727 156 1213
116 267 446 394 131 52 267 2 52 446 1216 394
960 1345 1379 1377 360 905 1207 525 1327 657 1203 1373 727 156 1213
178 31 1 5 335 464 425 326 39 335 39 8 464 1296 425
960 1416 1411 1413 1414 1425 360 905 1207 1420 525 1327 1424 657 1203 727 1417 156 1213 1406 1385
245 2 3 5 9 1 287 606 588 6 467 18 1 287 18 606 3 1246 588 34 2
1472 1413 1414 905 525 657 156 1444 1449 1458 1207 1464 1467 1468 1469 1470 1471 960 727 360 1213 1406
1 68 37 695 426 547 1027 13 10 4 695 15 1 2 2 3 3 223 695 547 695 101
960 1505 1506 1507 1414 360 905 1207 1484 525 1469 1488 657 727 156 1213 1406 1503
39 1 22 2 76 427 888 888 72 531 48 24 427 888 1042 888 265 11
1414 1553 360 905 727 525 1552 657 1555 1207 156 1213 1406
6 4 538 791 791 524 10 538 7 791 938 791 161
1603 1414 1607 360 905 1608 1207 525 1591 1552 657 727 156 1213 1406 1599
5 7 5 598 865 7 865 316 9 209 598 865 1086 865 147 49
1664 1665 1669 1671 905 525 1552 657 156 1207 1213 1603 727 360 1646 1648 1652 1406 1654 1660 1661 1662
9 1 1 1 325 228 143 1062 710 325 325 28 325 1062 53 21 1 62 20 15 3 2
1664 1697 360 905 1207 1708 525 1646 1709 1552 657 1716 1710 1654 727 1704 156 1213 1406
88 15 888 233 233 9 313 149 3 104 888 3 7 26 233 2 799 233 68
1664 905 525 1552 657 156 1712 1207 1720 1213 1728 1736 1738 1742 1744 1747 1748 1749 1750 727 1754 1756 1757 1760 1767 360 1646 1654 1406
15 325 400 140 602 998 11 325 43 325 14 11 19 20 17 2 25 11 3 325 2 6 1 2 5 602 99 73 185
1792 1794 1796 905 1805 1806 1807 1552 657 1810 1815 156 1712 1207 1213 1738 525 1748 1749 727 1808 360 1654 1406
39 36 32 160 1 3 10 63 462 1 2 1051 103 160 160 12 487 33 103 160 1 462 41 97
1792 905 525 1552 657 156 1712 1846 1207 1848 1852 1213 1858 1874 1875 1748 1749 727 360 1654 1406 1877
146 766 317 319 294 1389 5 32 766 59 39 766 16 3 5 6 5 766 294 237 447 1
1792 905 525 1552 657 156 1207 1848 1852 1213 1858 1654 727 1881 360 1900 1905 1907 1910 1911 1912 1406
200 451 175 345 361 1464 451 52 17 451 23 335 451 18 361 10 8 22 2 2 2 106
1792 1923 905 525 1934 1935 1552 657 156 1951 1956 1957 1961 1963 1964 1207 1848 1852 1213 727 1881 360 1654 1406
161 54 440 162 9 1 439 738 1100 14 2 17 5 1 2 440 218 5 440 440 17 738 439 1
1792 1923 905 525 1934 1552 657 156 1207 1848 1852 1213 2038 727 2014 2018 2021 360 2027 2029 2030 2031 2036 1654 2039 2040
34 41 451 192 105 451 546 1262 451 329 1 451 1 451 21 21 16 546 5 6 2 3 5 451 2 2
2021 360 905 727 2060 525 2062 2061 1552 657 1654 1207 1848 156 1213
59 448 504 504 2 161 3 2 504 448 504 504 445 1391 504
2113 2115 2116 2021 360 905 727 525 2094 1552 657 1654 1207 1848 156 1213 2117 2111
3 2 1 29 226 277 277 281 69 277 226 277 277 248 1493 277 1 33
2155 2181 2183 360 905 1207 525 1552 657 1654 727 1848 2168 2185 156 1213 2142 2111
10 2 2 352 599 599 283 599 352 599 599 599 3 3 1365 599 30 32
2217 2224 2155 2215 360 905 727 525 2190 1552 657 2211 2222 1654 1207 1848 2168 156 1213 2111
11 1 7 29 373 556 556 660 2 556 373 8 1 556 556 556 139 967 556 6
2272 2273 2211 2245 2275 2279 360 905 727 525 1552 657 2227 1654 1207 1848 2168 156 1213 2277
19 2 67 6 8 2 355 395 395 591 395 355 10 395 395 395 18 1054 395 4
2211 2245 2310 2321 360 905 1207 525 2318 2317 1552 657 2227 2293 1654 727 1848 2168 2315 156 1213
130 52 21 5 240 149 149 620 2 1 149 240 20 11 149 149 149 10 7 1140 149
2211 2245 2342 2321 360 905 2346 1207 525 2350 2349 1552 657 2345 2293 1654 727 1848 156 1213 2344
141 125 1 9 154 23 3 23 801 1 5 23 154 4 20 23 23 23 1045 23 3
2401 2211 2404 2245 2417 360 2409 2346 525 657 2293 2395 156 2405
2 119 6 56 2 158 3 17 830 158 6 14 1012 11
2211 360 2460 2442 2444 525 657 2450 2451 2453 2454 2455 2456 2457 2458 156
61 199 3 17 34 1056 199 5 6 3 1 1 8 2 5 745
2468 360 2460 2442 2444 525 657 2453 2486 2487 2489 156 2462
15 17 3 2 17 1185 17 63 7 2 1 798 12
2531 2533 2545 2536 2505 525 2524 2513 2550 2552 2523 156
7 13 3 23 41 1133 12 12 3 2 2 867
2531 2536 2505 525 2576 2586 2587 156 2588
203 12 12 1461 6 6 1 539 2
2531 2616 2536 2505 2634 2603 2604 525 2632 2627 2647 2648 156 2655
527 15 91 91 25 28 33 1522 28 33 3 7 478 11
2690 2531 2661 2663 2536 2505 2604 525 2701 2664 2627 2616 156
9 525 50 210 158 158 13 1440 22 65 13 128 560
525 2706 2707 156 2721 2723 2730 2604 2627 2743 2616 2745 2751 2755 2757 2758 2759 2760 2505 2531 2661 2536 2664
1547 117 26 453 66 1 4 3 3 9 55 15 3 6 1 3 1 2 223 546 54 223 295
2721 2531 2789 2790 2536 2505 2764 525 2664 2706 2777 2745 156
53 400 3 1 469 469 24 1416 176 66 25 10 584
2721 2531 2789 2536 2505 525 2798 2799 2800 2664 2706 2793 2777 156
30 439 22 674 674 1499 12 1 1 376 60 24 5 501
2823 2826 525 2833 2706 156 2847 2721 2851 2853 2859 2867 2868 2871 2872 2874 2876 2878 2505 2777 2531 2536 2664
20 38 1357 18 39 643 16 55 4 6 4 3 1 6 1 4 4 1 658 17 457 658 324
2721 2531 2897 2536 2505 2859 525 2664 2706 156
54 560 31 1011 1011 94 1787 355 71 213
2721 2531 2897 2536 2505 2923 525 2664 2706 2920 156
79 791 23 749 749 1 1783 526 130 9 217
2944 2721 2531 2949 2536 2505 2955 525 2664 2706 156 2952
18 218 920 3 546 546 6 1709 556 199 291 24
2721 3010 2531 2536 2952 2505 525 2664 2706 3011 2996 2966 3001 2970 156 2978
333 18 1054 488 89 488 1564 503 234 1 16 14 5 42 436 46
2721 2531 3024 2536 2505 3036 525 3037 2664 2952 2706 3043 2970 3035 156 3034 3038 3039
343 1037 9 416 416 7 1564 3 616 69 125 2 126 3 436 48 3 3
2721 2531 2536 2505 3051 525 2664 2706 3060 3093 3096 2970 156 3034
369 1061 343 343 7 1508 692 142 23 3 4 290 492 142
2721 2531 3142 2664 2505 3146 3148 525 3150 3149 3152 2536 3154 2970 156 3101 3135
221 750 4 529 335 15 7 1085 3 7 2 335 7 330 915 67 19
2721 2531 2536 2505 525 2664 3190 3176 2970 156 3166
105 709 206 206 915 604 10 11 206 1085 21
3232 2721 2531 3249 2536 2505 3243 525 2664 3252 3255 2970 156 3166
2 176 753 2 462 462 21 1215 577 21 5 462 785 5
2721 2531 3300 3265 2536 2505 3308 525 3309 2664 3293 3252 3286 3305 3289 2970 156 3304 3294
367 1313 1 11 327 327 2 1640 2 946 5 228 8 6 6 327 360 22 1
2721 2531 3365 2664 2505 3340 525 3374 3375 2536 3252 3289 2970 156
603 1210 18 607 400 37 1610 6 3 400 145 68 400 390
2721 2531 3431 2536 2505 525 3432 3375 2664 3252 3406 3433 3417 2970 156 3418
547 1245 1 362 362 1607 8 21 698 147 21 2 3 362 393 5
2721 2531 2536 2505 525 3406 3375 3408 2664 3410 3252 3414 3415 3412 2970 156 3418
769 1341 360 360 1701 180 180 14 572 8 221 8 3 3 360 299 1
3488 2721 2531 2664 2505 525 3406 3375 2536 3475 3252 3470 3446 3465 3444 2970 156 3485 3487
1 775 1310 535 282 1592 93 93 282 8 158 20 49 8 39 282 408 1 1
2721 2531 3533 2664 2505 525 3406 3375 2536 3507 3444 3534 3446 3513 3252 2970 156
900 1375 4 475 170 1545 49 49 170 4 68 4 49 20 167 170 455
2721 2531 3589 3590 2664 2505 3594 3575 3596 525 3406 3375 2536 3571 3252 3573 3513 3540 2970 156 3546
848 1198 1 13 350 51 1 1 3 1249 72 72 51 34 150 17 54 116 51 751 6
2721 2531 3606 3643 2536 2505 3636 525 3406 3375 2664 3619 3571 3540 3638 3607 3635 2970 3611 156 3644
869 905 10 2 34 34 4 939 83 83 36 8 83 18 18 8 6 34 23 1061 1
2721 2531 2536 2505 3692 525 3708 3705 2970 3707 156
554 554 87 87 27 641 3 5 87 3 1359
2721 2531 3771 2536 2505 3756 525 3758 3769 2970 3707 156 3743
289 289 2 80 80 15 369 3 8 80 7 1631 2
2721 3810 2531 2536 2505 3821 3790 525 3824 3826 3795 3828 3827 2970 3823 156
87 20 87 46 46 34 120 133 11 2 120 1 1 46 12 1867
2721 3810 2531 3879 2536 2505 3883 525 3790 3821 3905 3906 3795 3896 3875 2970 156 3902
150 93 150 6 42 42 20 192 12 4 1 1 12 2 5 42 1808 4
2721 3810 2531 3908 3879 2536 2505 525 3790 3919 3795 3913 2970 156 3902
127 34 127 41 41 33 33 160 41 35 41 7 33 1840 57
2721 3810 2531 3972 3959 525 3919 3971 3925 3927 3970 156 3965 3902
62 232 62 2 30 62 74 1 12 81 2 1938 5 2
2721 3810 2531 3977 3978 525 3919 3984 3985 3986 3987 3925 3927 156
279 83 279 24 2 279 58 8 1 3 4 85 137 1721
2721 3810 2531 4004 4037 4045 525 4059 3919 3988 4053 3927 4058 3995 156 4029
89 43 89 54 23 1 89 1 10 29 3 159 2 2 1911 23
2721 3810 2531 4004 4107 525 4081 4114 4115 3988 3927 4116 156 4029
131 55 131 32 1 131 18 3 12 27 138 4 1869 25
4160 2721 4163 2531 4004 4161 525 4114 4147 3927 4164 156 4158
2 156 3 156 95 2 156 8 48 35 3 1844 3
2721 2531 4004 4165 4168 4169 4171 525 4147 4164 156 4157 4159
132 132 58 1 4 2 2 132 87 17 1868 53 34
4224 2721 4228 2531 4004 4197 4225 4168 4171 525 4175 4231 4147 4215 4227 4232 156 4221
9 257 2 257 137 15 4 88 29 257 10 3 79 37 1 3 1743 2
2721 4258 2531 4004 525 4147 4277 4280 4281 156
502 2 502 25 502 38 16 2 3 1498
2721 2531 4327 4339 4338 4331 525 4334 4306 4147 4277 156
644 644 14 2 1 5 644 13 30 60 46 1356
2721 2531 4327 4360 4364 525 4334 4306 4147 4340 4372 156
562 562 16 14 32 562 15 18 233 35 15 1438
2721 2531 4436 4425 4364 525 4306 4147 4340 4437 4439 4441 4442 4443 156
753 753 2 15 88 753 41 57 23 7 7 1 1 1 1247
2721 2531 4487 4364 525 4494 4495 4496 4465 4147 4473 156 4478
557 557 17 69 557 2 8 1 21 3 59 1443 13
2721 2531 4487 525 4515 4532 4533 4536 4473 156 4478
574 574 5 574 4 5 2 1 21 1426 19
2721 2531 4580 4549 4582 4577 4572 525 156 4573 4581
892 892 6 22 2 5 10 892 1108 27 1
4640 2721 4642 2531 4647 4617 4650 525 4595 4627 4641 4649 156 4637
9 905 2 905 2 9 2 905 81 9 2 2 1095 4
4640 2721 2531 4652 525 4718 4717 4595 4692 4660 156 4702
14 580 580 52 580 2 1 90 41 20 1420 12
