37 50 17 18 52 21 54 55 57 53 31
24 6 27 7 2 7 3 1 2 1 7
96 68 37 102 72 105 108 114 110 79 112 18 31
29 17 25 1 79 2 7 3 1 13 1 4 4
97 131 134 72 138 146 99 148 117 151 153 154 155 124
70 42 9 195 2 6 22 1 11 1 1 5 1 6
198 161 99 166 134 72 131 117 182 124 189
4 60 45 19 100 327 4 41 6 45 1
161 134 166 72 234 240 241 117
60 76 37 422 32 11 4 13
320 321 322 246 134 305 72 234 273 306 310 314 317 318
2 2 2 3 65 9 417 20 3 12 2 16 3 2
134 72 363 366 305 344 317 318
80 364 3 19 21 65 11 100
134 72 397 305 405 407 318
175 95 11 188 2 3 1
449 134 423 72 458 305 468 437 471 474 475 477 447
72 107 16 452 20 278 5 3 10 6 2 2 25
449 134 529 72 528 305 471
7 333 2 697 3 242 18
513 514 483 134 72 305 503 509 510 511
2 1 34 75 940 143 10 7 2 2
550 134 551 72 555 556 549 557 305 511
2 19 5 550 2 2 1 2 422 12
576 579 582 551 72 583 305
11 4 2 7 960 1 304
645 646 647 72 305 626 599 635 604 637 606 639
7 1 1 1155 70 2 1 25 53 2 67 8
675 679 72 682 701 305 663 664 699 604 669 606
26 8 864 11 3 69 43 15 1 139 33 83
737 675 679 72 743 749 752 753 754 756 757 663 761 762 604 765
2 54 20 608 2 2 5 5 11 16 3 108 2 15 37 5
802 675 679 72 816 818 822 823 825 826
9 20 101 708 5 10 2 2 2 2
864 865 802 679 72 845 847 856 857 863
5 2 41 11 834 9 3 1 1 1
901 902 72 873 906 907 908 845 910 888 857
24 2 804 38 8 7 1 46 5 36 9
960 72 845 919 923 958
1 803 35 56 79 3
967 72 1004 972 845 1007 1010 1011 1012 919 923
116 1111 5 27 75 6 2 1 4 57 74
1010 1019 1007 967 72 972 1004 845 1037 1042 1044 1045 1046 923 1021
26 15 6 152 929 6 36 68 9 32 16 4 2 64 104
1105 1058 1062 967 72 1100 1066 1004 1037 1103 1104 1096 923
2 10 8 140 1109 7 7 29 30 1 1 15 46
1155 1158 1062 967 72 1163 1165 1166 1037 1160 1167
1 1 34 672 786 1 12 1 11 11 1
1062 967 72 1193 1165 1201 1207 1212 1183
56 583 818 2 78 4 10 1 7
1217 1221 967 72 1226 1227 1165 1231 1207
36 15 535 1044 6 1 38 1 4
72 1261 1262 967
997 4 9 256
1319 1315 1318 967 72 1323 1324 1327 1328 1329 1330 1310
1 11 8 211 956 2 2 1 3 1 2 18
72 1345 1338 1357 967
765 14 6 2 41
1367 1415 967 72 1419 1420 1421 1359 1424 1399 1423 1375
29 1 64 604 49 2 3 105 3 29 4 29
1477 1446 1489 72 967 1452 1486 1359 1480 1459 1430 1433 1487 1469
8 20 6 563 12 15 3 50 6 6 36 11 1 38
1504 1505 72 1359 1491 1502 1503 1501 1499 1500 1469 1470 1471
4 4 502 5 1 11 1 1 22 7 53 62 16
1509 1542 72 1513 1549 1491 1551 1552 1555 1531 1500 1469
4 7 568 48 8 23 1 2 2 12 1 8
1601 1605 72 1513 1576 1589 1591 1595 1596 1573
3 5 737 16 7 79 1 7 1 26
1600 1601 1602 1603 1604 1573 72 1598 1605
5 1 1 5 3 309 458 18 1
1573 72 1611 1620 1623 1628 1629
233 469 86 126 6 10 1
1636 1573 72 1611 1648 1620 1655 1656 1660 1662 1631
14 82 411 114 38 62 2 10 9 4 17
1675 1573 1670 72 1611 1678 1672 1656
4 202 4 281 2 1 3 65
1729 1573 72 1737 1738 1708 1736 1682 1685 1656
7 20 242 2 1 29 7 40 23 13
1764 1573 1745 1736 1708 1773 1775 1776 72 1685 1751 1758
5 32 51 73 22 13 5 3 260 1 16 13
72 1833 1834 1835 1773 1832 1812 1751 1790 1823
39 1 5 2 6 4 7 206 11 6
1857 72 1879 1868 1837 1874 1875 1751 1880 1881 1883
3 107 7 40 93 6 11 55 1 2 2
1920 1921 72 1868 1837 1935 1936 1937 1939 1751 1945 1946
44 16 149 126 36 5 1 6 6 20 1 1
1920 72 1868 1939 1972 1973 1975 1947
155 317 262 7 2 3 2 11
1920 1985 2019 72 2025 2026 2027 1868 2001 2004 2010 2011
37 12 1 257 1 2 2 226 123 54 30 1
2049 72 1868 2001 2074 2004 2072 2010 2076 2077
54 405 261 194 1 13 2 41 1 1
2049 2129 72 2089 2123 1868 2126 2001 2010 2139 2140 2141
96 22 305 4 7 181 2 495 6 8 3 3
2049 2178 2179 2180 72 1868 2160 2001 2165
374 3 2 1 284 113 52 135 2
2049 72 2188 2186 1868 2189 2191 2163 2171
529 369 2 10 65 1 9 49 1
72 2049 2211 2228 2230
245 606 4 75 32
2049 2241 2228 2230 2264 2265 2266 2267
485 53 101 4 14 1 2 1
2241 2310 2049 2312 2319 2320 2322 2228 2325 2327 2324
137 59 518 64 16 5 3 47 2 2 4
2368 2241 2370 2373 2374 2049 2312 2319 2320 2322 2228 2361 2362 2363 2333 2367
5 202 2 2 2 711 213 126 4 15 15 7 8 5 165 9
2049 2241 2312 2377 2387 2396 2333 2398 2399
632 309 49 4 46 14 309 3 8
2049 2436 2437 2241 2312 2377 2471 2451 2477 2333 2469 2440 2450 2387 2473 2468 2476 2461 2463
563 47 17 139 129 70 5 14 2 139 2 2 3 81 4 3 1 17 11
2049 2529 2499 2500 2533 2519 2241 2312 2377 2535 2451 2510 2534 2387 2505 2436 2522 2492 2333
269 4 6 49 3 1 198 57 33 2 165 12 1 95 29 17 20 37 198
2049 2562 2596 2601 2241 2312 2377 2387 2567 2594 2579 2451 2593 2583 2436 2492 2333 2559
313 14 15 3 501 109 87 34 40 6 12 414 18 40 71 38 501 17
2049 2594 2567 2241 2638 2621 2641 2451 2593 2492 2333
148 33 48 865 7 28 5 865 66 24 865
2241 2690 2659 2049 2593 2684 2685 2673 2642 2451 2689 2681 2492 2333 2686 2687
887 3 65 88 94 1 4 59 5 887 4 4 101 887 1 2
2049 2659 2730 2593 2241 2734 2735 2736 2673 2451 2723 2721 2492 2333
127 53 2 126 1138 1 2 2 48 1138 10 60 8 1138
2784 2593 2787 2788 2757 2049 2761 2241 2766 2673 2451 2773 2775 2779 2492 2333
2 219 2 2 12 155 26 707 5 106 707 7 1 14 88 707
2241 2822 2049 2796 2813 2673 2451 2593 2811 2492 2333 2814 2773
1060 11 140 96 10 89 1060 175 59 213 1060 5 153
2241 2851 2049 2796 2881 2892 2828 2813 2896 2451 2836 2593 2872 2868 2875 2492 2333 2846
1378 56 84 22 7 6 64 93 1 1378 31 136 20 15 4 293 1378 87
2944 2241 2846 2851 2941 2049 2492 2796 2926 2813 2930 2451 2836 2593 2935 2940 2333 2942
1 1744 16 230 1 126 93 87 30 122 10 1744 16 30 8 25 1744 2
2944 2241 2978 2851 2049 2985 2796 2989 2333 2451 2935 2492 2940 2813 2846 2975
3 1847 18 158 122 1 122 3 1847 1847 15 24 93 99 3 35
2241 2851 3013 2049 3016 3020 3019 2796 3021 3022 2813 2451 2935 2991 2940 2333 2975
1997 233 9 3 4 1 14 3 9 1 325 1997 78 58 27 1997 27
2241 2851 2975 3047 3050 3052 3058 2813 3057 3041 2451 3038 2935 2991 2940 2333 3027 3061
2000 131 9 21 27 8 3 269 1 12 2000 22 103 133 9 2000 105 3
2241 2851 3047 3081 3050 2991 2813 2451 3070 3096 3098 2940 2333 3027 2975
2000 119 16 3 106 498 101 2000 5 7 1 69 2000 92 69
3136 2241 3155 2851 3110 3143 3149 2991 2813 2451 3156 3157 3098 3103 2940 2333 3027 2975
21 2000 1 27 57 5 10 805 119 2000 4 1 59 21 57 2000 119 57
3136 2241 2813 3110 3164 3150 2991 3153 2451 3098 3103 2940 2333 3027 2975
79 2000 348 93 3 11 838 5 2000 89 79 103 2000 348 103
3136 2241 2813 3198 3110 3176 3181 3150 2991 2451 3188 3194 3192 3098 3103 2940 2333 3027 2975
39 2000 730 7 101 85 19 7 287 2000 45 18 16 86 39 14 2000 730 14
3213 2451 3098 3247 2333 3103 3237 3110 3239 3245 2991 3249 3250 3252 3253 3254 3136 2241 3150 3027 3176 3181 3188 3192 2813 3198
128 2000 15 1 2000 100 4 47 14 5 180 1 6 10 12 3 100 2000 15 831 195 31 161 195 831 107
3136 2241 3220 3110 3176 3213 3150 2813 2451 3188 3192 3027 2991 2333 3198 3103
45 2000 2 60 347 32 35 1165 2000 207 347 1165 139 2000 10 45
3136 2241 3267 3110 3176 3276 3213 2813 3261 2451 3284 3192 3188 2991 3288 2333 3027 3103
36 2000 2 23 247 1 88 1387 73 2000 4 247 15 36 7 2000 1387 36
3331 3339 3213 2451 3350 3351 3353 3354 2333 3103 2991 3261 3136 2241 3027 3296 3176 3305 3307 3192 2813 3327
42 8 85 2000 1 3 5 1 2000 106 106 72 106 2000 1432 7 145 34 32 145 1432 11
3392 3331 3213 2451 2333 3103 2991 3383 3261 3136 2241 3406 3027 3416 3418 3419 3424 3427 3176 3305 3307 3192 2813
31 7 202 2000 2000 160 160 29 296 160 2000 36 1511 3 33 13 7 1 289 146 119 289 1511
3136 2241 3331 3176 3305 3466 3307 3213 3406 2333 3261 2451 3465 3192 2991 3467 2813 3027 3103
27 2000 34 221 77 4 48 152 10 2000 406 2000 5 221 27 1 1690 1690 27
2241 3176 3465 3307 3213 3513 2813 3261 2451 3497 3192 3517 3515 2333 3027
2000 70 247 59 59 1 1558 233 2000 7 70 1 7 2000 1558
2241 3528 3525 3176 3465 3530 3307 3532 3213 3534 2813 3261 2451 3529 3192 3524 2333 3027 3519
2000 9 1 197 124 4 197 2 197 4 1748 140 2000 5 197 1 2000 1748 13
2241 3579 3567 3575 3176 3465 3307 3213 2813 3569 3261 2451 3572 3561 3192 3565 3547 3580 2333 3027
2000 1 1 4 359 318 359 359 1973 1 178 2000 9 3 359 6 122 1 2000 1973
2241 3589 3176 3465 3307 3607 3213 2813 3261 2451 3572 3575 3192 3547 3612 2333 3027
2000 15 421 140 421 3 421 2000 148 2000 276 5 421 145 2 2000 2000
2241 3619 3652 3665 3176 3465 3307 3660 3213 2813 3664 3261 2451 3572 3192 3547 2333 3027 3628
2000 47 14 2 352 175 352 17 352 2000 1 103 2000 497 352 273 2000 2000 20
2241 3652 3176 3465 3710 3307 3213 2333 3261 2451 3572 3669 3703 3192 3547 3709 2813 3027 3679
2000 221 337 447 2 337 337 2000 35 2000 421 81 2 337 252 1 2000 2000 25
3714 3465 3724 3213 2451 3732 2333 3748 3752 3761 3763 3766 3767 3768 2241 3652 3027 3669 3547 3176 3307 3572 3703 3192 2813
47 497 82 386 2000 1 2000 30 2 4 2 4 5 1 2000 20 2000 124 170 386 386 391 17 386 2000
3465 3724 3213 2451 2333 3803 3748 3752 3763 3766 3772 2241 3652 3790 3795 3669 3801 3547 3805 3806 3176 3307 3027 3572 3192 2813
865 120 277 2000 2000 2 50 8 8 2 13 2000 32 4 15 237 1 134 2 1 277 277 2000 327 277 2000
2241 3843 3853 3875 3873 3176 3465 3307 3724 3213 2813 2451 3572 3669 3192 3865 3866 3547 3772 2333 3027
2000 18 86 4 10 341 950 341 277 341 2000 2000 145 93 341 42 2 52 25 2000 2000
3465 3724 3213 2451 3866 2333 3876 3903 2241 3906 3853 3920 3921 3027 3669 3929 3930 3547 3176 3307 3572 3192 2813
857 151 551 2000 76 2000 183 62 2000 7 40 3 27 2000 109 5 22 68 551 551 376 551 2000
3968 3307 3975 3976 3465 3978 3853 2451 3866 2333 3876 3903 2241 3213 3920 3027 3669 3930 3941 3176 3947 2813 3572 3192 3964 3965
23 385 6 3 1146 1 103 2000 111 2000 77 255 2000 385 18 2000 86 17 14 385 21 2000 386 385 6 12
3307 3465 3853 3983 2451 3989 3866 2333 4003 3876 4017 4022 4029 4030 3903 2241 4034 4038 4041 4042 4043 4044 3213 3027 3669 3930 3176 3947 3572 3192 2813
136 1416 180 86 2000 16 328 2000 16 17 4 12 14 4 87 2000 2 11 1 3 2 3 136 2000 124 155 136 22 279 136 2000
3947 4102 3465 3853 4111 4112 4113 2451 3866 2333 4029 3903 2241 3213 3027 3669 3930 3983 3176 3307 4077 3572 4087 3192 2813
27 2 1447 229 17 1 1 2000 127 2000 11 66 2000 12 2000 214 216 220 12 12 44 302 72 12 2000
4099 4102 3465 3853 3983 4112 2451 4118 3866 4123 4124 4125 4127 4128 2333 3903 2241 3027 3669 3930 3572 4087 2813
4 31 1410 221 38 8 2000 3 122 2 2 1 2 2 2000 6 2000 2000 68 144 275 19 2000
3930 2241 4102 3465 4108 3853 2813 2451 3572 4119 4116 3866 4111 2333 3027
37 2000 37 1440 23 91 2000 2000 99 1 2 261 15 2000 2000
4160 2241 4162 4102 3465 3866 3853 2813 2451 3930 4156 2333 3027 4159
17 2000 7 277 1699 434 119 2000 2000 277 4 2000 2000 2
2241 4204 4102 3465 3930 3853 4206 2333 4208 4209 2451 3866 4207 4188 2813 3027
2000 1 417 1742 417 68 3 2000 2 2 2000 56 1 40 2000 2000
2241 4226 4228 4102 4231 3465 3866 3853 2813 4221 2451 3930 4188 2333 3027
2000 13 1 167 11 1913 24 39 2000 19 2000 167 41 2000 2000
2241 4243 4275 4102 3465 3930 4269 2813 4272 2451 4277 4279 4281 3866 4188 2333 3027
2000 23 2 68 1998 68 9 2000 3 2000 1 3 1 72 97 2000 2000
2241 4102 4289 3465 4333 2813 4336 4337 2451 4341 4344 4346 3930 4347 4188 2333 3027
2000 3 7 2000 26 2000 12 3 2000 4 1 1 3 4 159 2000 2000
4416 2241 4418 3465 4395 4398 2813 4402 2451 4381 4414 4188 2333 3027
5 2000 1 2000 1 29 2000 26 2000 28 12 257 2000 2000
4448 2241 4450 4451 4452 4453 3465 4427 4428 2813 4432 2451 4414 4445 4443 4188 2333 3027
1 2000 2 1 1 2 2000 8 24 2000 11 2000 51 5 16 126 2000 2000
