40 39 35 38 31
1 1 3 1 4
73 74 75 76 77 63
4 5 1 3 3 75
131 138 140 143 112 148 86 153 123 124 63
11 3 10 4 8 3 85 2 29 18 30
192 198 200 201 185 124 189
20 4 1 1 3 17 30
192 263 264 233 237 211
14 6 3 22 44 110
192 292 294 233 306 237 301 305 274 211
45 58 16 210 1 47 15 1 16 202
192 320 292 328 233 330 237 301 211 342 356 348
199 72 20 72 208 123 141 128 24 14 2 72
192 320 292 328 233 330 364 237 366 301 211 342 376 378 348
238 169 76 169 127 265 4 269 54 1 32 5 4 4 169
320 192 292 389 328 233 330 403 237 366 397 401 402 211 404 342 393 379 348
420 86 12 11 420 53 175 4 175 56 48 1 5 37 1 71 41 13 420
320 192 421 438 328 330 397 237 434 342 439 440 441 442 431 348 410
409 114 44 2 409 60 290 60 2 44 1 2 2 2 9 409 2
192 320 483 486 328 330 460 397 237 488 448 342 472 475 348 479
163 136 4 1 136 134 18 374 134 2 40 58 32 12 136 3
448 192 328 490 492 397 237 320 531 532 342 537 527 348 330
55 93 163 57 36 249 31 163 14 1 88 2 2 163 31
192 448 546 547 548 328 490 397 320 342 348
127 334 1 2 6 70 127 178 70 45 70
448 192 577 490 397 595 596 598 599 600 601
381 208 45 208 115 8 3 3 3 1 1
448 192 646 577 649 490 619 397
238 336 4 23 4 336 6 5
192 448 677 705 490 704 688 694 663 700 702 703
105 120 15 1 105 2 15 3 102 13 1 4
192 737 706 739 712 490 715 716 719 690 724 726 663 697 732 736
11 1 33 1 38 11 9 1 6 24 15 10 131 8 10 1
769 706 715 779 712 777 747 781 782 776 754 724 663 732 766
24 188 28 3 38 7 30 1 2 3 10 28 113 19 4
805 782 754 724 663 788 732 829
50 21 81 31 93 5 56 10
834 805 874 876 877 754 724 663 732 829
3 50 6 2 1 112 36 2 68 20
805 935 877 942 941 944 754 916 885 732 925
250 7 185 5 1 2 145 29 8 147 18
992 993 996 805 998 999 988 877 754 916 951 732 925 997
3 27 1 142 1 2 9 422 231 58 16 142 50 4
1024 1025 805 1010 1037 877 1021 754 916 925 1022 1029
3 7 321 7 2 187 19 437 275 102 16 4
1088 1059 1090 1091 805 1089 1063 877 1070 1072 754 1043 916 1076 1052 925 1022 1087
1 6 2 3 243 2 13 242 6 1 415 49 193 2 38 28 8 1
1120 1121 1122 1106 805 1094 1097 1100 877 1105 754 1043 916 1113 1107 1116 1117
2 2 2 1 108 41 5 41 120 8 438 20 89 6 2 3 1
1094 1159 1097 1162 1100 877 1165 1105 754 1148 1116 1149 1151
120 8 55 5 120 229 2 28 594 4 63 8 26
1218 1187 1222 1094 1228 1226 1227 1100 877 1229 754 1219 1206 1175 1208 1210 1116 1151
1 12 7 423 1 1 1 423 423 3 599 3 12 87 10 2 40 43
1282 1283 1094 1223 1289 1259 1100 877 1262 1293 754 1238 1175 1291 1279 1151
11 10 753 32 1 12 753 753 13 1 489 12 222 3 10 51
1094 1352 1100 1356 877 1360 1361 754 1362 1175 1342
937 2 937 13 937 6 14 464 1 47 1
1409 1410 1411 1412 1094 1367 1100 877 1391 1361 754 1175 1371 1404 1406
5 1 2 1 963 1 963 963 4 32 298 100 5 4 7
1456 1442 1445 1094 1100 877 1454 1424 754 1175 1406
1 35 6 1197 1197 1197 17 36 143 217 160
1094 1481 1482 1100 877 1487 1488 1489 754 1470 1175 1484 1406
1005 74 68 1005 1005 1 2 2 322 86 212 12 349
1536 1094 1543 1512 1481 1482 1100 877 1518 1549 1552 754 1470 1175 1529 1550 1546 1406
7 1050 5 3 77 9 1050 1050 44 1 2 408 260 309 97 3 1 394
1536 1537 1538 1539 1540 1541 1094 1481 1100 877 1518 754 1470 1175 1529 1530 1533 1406 1535
1 2 1 2 2 1 906 24 906 906 48 632 158 279 80 54 5 323 4
1536 1574 1094 1543 1481 1100 877 1584 754 1586 1406 1175 1529 1577 1470
35 26 806 18 69 806 806 1 697 5 241 165 35 9 380
1536 1094 1543 1481 1650 1100 877 1646 1647 1656 754 1651 1406 1175 1592 1657 1631 1596 1470 1653
26 1019 57 65 2 1019 1019 15 6 2 534 2 163 210 38 1 8 29 589 5
1536 1543 1675 1676 1679 1175 1695 1704 1708 1711 1713 1716 1719 1720 1722 1723 1724 1470 1094 1481 1100 877 754 1406
159 51 56 12 80 188 6 5 41 12 4 9 2 1 1 1 2 465 929 29 929 929 382 225
1536 1729 1730 1723 1094 1543 1675 1100 877 1679 754 1716 1406 1175 1727 1711 1470 1695
88 1 2 3 854 27 41 854 854 196 397 37 236 209 4 3 382 66
1536 1741 1094 1543 1100 877 1679 754 1780 1470 1175 1788 1406 1695
76 38 885 61 885 885 249 499 23 613 66 2 145 204
1536 1794 1828 1837 1094 1543 1833 1100 877 1838 1679 1840 754 1780 1470 1175 1842 1406 1695
97 14 24 1 1007 24 1 1007 1007 9 264 3 627 76 563 228 2 192 23
1536 1888 1794 1891 1893 1094 1889 1100 877 1679 754 1875 1780 1406 1175 1880 1883 1852 1470 1695
261 4 33 1 7 1016 1 1016 1016 162 415 11 120 163 144 3 7 18 709 84
1794 1094 1932 1948 1100 877 1679 754 1780 1406 1175 1944 1945 1935 1852 1470 1695
18 1213 6 3 1213 1213 228 526 51 219 474 35 3 16 180 520 188
2002 1984 1956 1094 1992 1995 1100 877 1679 1968 1969 754 2003 1780 1406 1175 1999 1852 1970 1470 1695
3 1 12 1057 54 9 1057 1057 271 81 81 597 4 49 266 349 1 246 12 442 325
2050 2053 2055 2056 2058 2059 2060 1679 1175 1695 1968 1969 1852 1470 1094 1992 1100 2009 2012 877 2030 754 2035 1780 1406
32 3 13 5 1 10 6 222 310 352 95 95 196 643 1056 69 1056 16 18 1056 13 480 10 117 103
2050 1094 1852 2088 2089 2059 1100 877 1679 1968 1969 754 2035 1406 2102 1175 2012 2101 1470 1695
15 895 160 2 27 15 895 895 95 15 15 394 50 210 3 331 40 5 354 474
1679 1175 1695 2035 1852 1470 1094 2123 1100 2133 2012 2145 2151 877 2160 754 2163 2164 2167 2168 2169 1406
78 374 292 136 58 430 888 24 888 12 62 13 3 888 8 326 2 8 3 4 3 84
2171 2174 1094 2012 1100 877 2205 754 2035 1406 1175 2133 2202 2204 1852 2188 1470 1695
3 11 769 31 769 769 3 628 464 93 440 8 6 1 179 11 236 112
2188 1175 1695 2208 2209 2211 2228 2230 2233 2235 1852 2237 1470 2241 2242 1094 2249 2251 1100 2254 2255 2264 2266 2267 2012 877 754 2035 2174 1406
141 559 86 33 38 12 11 6 11 6 100 12 100 38 12 833 3 4 833 4 14 4 1 1 6 833 519 562 141 174
2188 2174 2302 1175 2208 2209 2290 2228 2233 1852 1470 2241 1094 1100 2267 2274 2279 877 2288 754 2035 2293 2297 2301 1406 2303
76 76 2 605 71 178 2 84 84 68 71 105 752 752 73 5 9 752 5 633 615 12 5 1 76 1
2208 2241 1094 2209 2323 1100 877 2317 2320 2321 754 2035 2228 2293 1175 2233 2324 2301 1470 2303
38 128 750 70 2 750 750 3 12 7 636 614 114 57 712 114 3 6 38 10
2208 2209 2373 1094 2241 1100 877 2369 2383 754 2035 2228 1175 2233 2362 1470
49 134 14 569 33 569 569 25 24 896 535 95 520 95 26 49
2432 2209 2402 2418 2373 1094 2369 2410 1100 877 2383 754 2035 2228 2241 1175 2233 2415
2 215 27 6 1 429 112 35 429 429 86 742 829 210 1 429 210 28
2434 1175 2455 2456 2209 2468 2477 2480 2481 2228 2485 2486 2487 2233 2369 1094 1100 2383 2410 877 754 2035
137 718 71 4 295 10 17 7 5 122 1 2 1 122 23 718 718 99 13 718 540 742
2209 2434 2507 2468 1094 2512 2455 1100 877 2383 2498 754 2035 2228 1175 2488 2233 2509 2516 2495
445 22 3 28 807 6 28 807 807 141 16 327 866 141 807 22 141 3 1 26
2560 2209 1094 2507 1100 877 2383 754 2035 2228 2550 1175 2233 2556 2557 2559
1 693 849 40 849 849 187 264 887 187 13 849 187 73 7 12
2209 2594 2571 1094 2561 2507 1100 877 2383 2576 754 2035 2228 2593 1175 2233 2556 2589
854 1 3 1047 46 102 1047 1047 9 24 9 944 9 1 1047 9 90 4
2636 2209 2507 1094 2561 2604 2635 1100 877 2638 2637 2035 1175 2623
4 812 6 1188 92 31 31 1188 1188 1 8 812 1188 37
2209 2691 1094 2689 1100 877 2035 2561 1175 2681 2687 2623
928 1 1072 13 1072 1072 928 14 1072 36 1 223
2752 2209 2754 2757 1094 2764 2762 1100 877 2767 2758 2035 2741 1175 2744 2623
8 1094 25 14 906 2 2 906 906 1 7 1094 9 906 10 46
2209 2754 1094 2791 2796 1100 877 2799 2800 2035 2773 2803 1175 2744 2779 2783
1042 13 958 40 44 958 958 7 4 1042 133 4 958 11 58 8
2209 2850 1094 2791 2796 2826 1100 877 2799 2832 2035 2849 2773 1175 2840 2844 2813 2846
663 1 1337 71 71 22 1337 1337 15 3 663 1 25 1337 28 2 30 3
2209 2882 2884 2885 1094 2791 2856 2796 2890 2891 1100 877 2893 2865 2035 2886 1175 2892 2813 2879
636 34 4 8 1364 58 3 110 3 4 1364 1364 2 58 636 4 1364 1 51 2
2209 2882 2886 1094 2791 2952 2796 2956 2955 1100 877 2958 2959 2930 2035 2934 1175 2949 2957 2885
638 47 232 1362 27 4 47 2 2 1362 1362 1 2 2 638 28 1362 12 1 30
2209 2882 2886 1094 2796 2999 1100 877 2035 2966 1175 3000 3001 2973 2885
1019 160 77 981 160 6 981 981 1019 72 981 1 1 25 16
3040 2209 2882 3011 1094 2796 1100 877 2035 3030 1175 3035
2 1300 400 24 700 400 700 700 1300 4 700 10
3040 2209 2882 3073 3078 1094 3047 3080 2796 1100 877 2035 3060 1175 3096 3092 3070 3059
49 987 223 4 3 1013 46 1 223 1013 1013 987 40 1013 2 26 31 30
2209 2882 3139 1094 2796 3147 1100 877 3151 3148 2035 3145 1175 3129 3070 3059
491 30 5 1509 30 1 1509 1509 3 3 491 1 1509 39 96 115
2209 3170 1094 3208 2796 3211 1100 877 3214 3212 2035 3188 3070 1175 3129 2882 3059 3167
541 54 1459 6 24 3 1459 1459 1 3 541 48 3 1459 61 24 107 136
3231 2209 3170 3252 3234 3251 1094 3233 3255 1100 877 2035 3188 1175 3129 3227 3257 3261 3059 3167
5 504 53 12 25 4 1496 15 2 1496 1496 504 192 1496 298 55 2 2 49 242
2209 1094 3233 3275 1100 877 2035 3188 3318 1175 3129 3227 3319 3059 3167
231 1769 34 38 1769 1769 231 91 6 1769 348 70 4 124 140
2209 3363 3333 1094 3367 3233 3370 3275 1100 877 3359 3377 2035 3188 3358 1175 3129 3327 3353 3059 3167
257 22 7 1743 4 37 6 51 1743 1743 7 1 257 67 2 1743 433 13 14 22 190
2209 3363 1094 3233 3275 1100 877 3408 2035 3413 1175 3129 3417 3353 3421 3422 3167
245 196 1755 196 203 1755 1755 26 245 90 1755 631 4 50 8 3 245
3456 2209 3475 3467 1094 3275 1100 877 3469 3455 3474 2035 1175 3129 3439 3353 3167
10 75 2 25 1925 317 1925 1925 5 7 4 75 1925 782 21 94 75
3520 3521 3529 3494 1094 3527 3528 3500 3275 1100 877 3533 3478 1175 3129 3353 3517 3525
12 4 10 53 2000 11 11 18 128 2000 2000 3 73 2000 730 91 12 6
3575 1094 3494 3527 3500 3562 3275 1100 877 3565 3574 3572 3573 3478 1175 3129 3353
2 2000 108 50 137 6 93 2000 2000 9 4 1 3 133 2000 1000 120
3275 3494 1094 3527 1100 3627 3500 877 3565 3641 3478 1175 3129 3642 3643 3353 3581
5 150 2000 153 2000 26 209 2000 23 7 20 2000 924 1 8 38 30
3643 3527 3627 3641 1094 3494 3703 3692 1175 1100 877 3697 3129 3500 3353 3687
13 31 52 106 2000 97 2 31 2000 2000 2000 10 656 7 160 11
3724 3494 1094 3720 3692 3723 1100 877 3725 1175 3129 3706 3353 3641
1 61 2000 5 61 5 2000 2000 2 2000 602 71 88 32
3755 1094 3494 3752 3692 3767 1100 877 1175 3129 3706 3353 3641
17 2000 94 8 94 8 2000 2000 2000 463 57 14 120
3808 3811 3641 1094 3815 3816 1100 877 3814 3796 1175 3129 3805 3813
26 6 116 2000 3 1 2000 2000 1 64 2000 537 39 3
3808 3845 1094 3863 1100 877 3826 3859 3796 3861 3860 1175 3864 3129 3835 3836 3641 3862
61 53 2000 1 2000 2000 76 8 112 4 4 2000 2 547 34 23 33 7
3808 3897 3845 1094 3883 1100 877 3826 3796 3862 1175 3896 3129 3892
44 1 25 2000 6 2000 2000 60 93 4 2000 2 626 5
3808 3906 3845 1094 3917 1100 877 3918 3919 3921 3826 3923 3796 1175 3129 3922
86 43 222 2000 5 2000 2000 7 7 25 155 2 27 2000 408 13
3808 3937 3906 3971 3972 3845 1094 3969 3959 1100 877 3921 3826 3939 3974 1175 3973 3129 3970 3966 3967
113 18 34 5 2 200 2000 9 6 2000 2000 18 71 45 2 2000 4 357 1 16 6
3808 3971 3845 1094 4009 4023 1100 877 3983 4022 1175 3129 4015
38 8 195 2000 5 1 2000 2000 55 4 2000 377 32
4066 4076 3845 1094 4071 4072 4073 4074 4075 1100 877 4078 3983 1175 3129 4058 4015 4063
8 1 212 2000 14 3 1 1 2 2000 2000 3 372 2000 122 15 63 6
4125 4135 4132 3845 1094 4071 4107 1100 877 3983 4080 4087 4133 1175 3129 4123 4015 4063
1 2 1 108 2000 9 9 2000 2000 448 163 31 6 2000 90 14 7 7
4160 4176 3845 1094 4071 4175 4107 1100 877 4173 3983 4080 4087 4174 1175 4152 4167 4155 4166 4157 4165
6 6 169 2000 40 1 40 2000 2000 8 598 227 37 1 2000 28 6 8 17 6 7
4160 3845 1094 4071 4201 4107 1100 877 3983 4080 4216 4087 4213 4214 1175 4152 4212
4 131 2000 82 17 82 2000 2000 696 36 6 28 3 5 2000 28 1
4225 4260 3845 1094 4071 4107 1100 877 3983 4213 4246 1175 4263 4255
93 9 111 2000 9 9 2000 2000 225 51 28 2000 2 22
4320 4325 3983 4261 1094 4295 4329 4330 1100 877 4334 4303 3845 4213 4315 1175 4313 4287 4255
22 7 83 5 2000 2 1 12 2000 2000 8 94 174 68 5 2000 25 34 88
4325 3845 1094 4330 4363 1100 877 4303 4370 4333 4372 1175 3983 4287 4255
5 159 2000 95 2 2000 2000 183 1 59 2 2000 90 45 35
3983 3845 1094 4396 4330 1100 877 4303 4333 4401 4403 1175 4376 4255 4287
60 140 2000 4 105 2000 2000 191 60 3 2 2000 27 42 163
3845 4333 1175 1094 4287 4422 1100 4303 4436 4461 3983 4445 4457 4330 4460 877 4462 4467 4471 4472 4475 4476
123 65 2000 2000 54 31 2000 22 38 12 65 5 40 123 17 2000 1 3 4 1 3 1
3845 4488 4492 1175 4519 4529 4531 4535 4536 4537 4539 4540 4541 4542 4543 1094 1100 4436 4457 4330 877 4472 4287
120 3 36 2000 26 6 18 2 1 6 2 3 2 1 2 2000 2000 3 230 120 2000 72 79
4586 4577 4580 3845 1094 4551 4584 4457 4330 4581 1100 877 4589 4531 1175 4472 4588 4287
2 9 8 313 2000 16 3 59 313 2 2000 2000 4 60 2000 10 2 10
4610 4612 3845 1094 4457 4330 4631 1100 877 4531 4629 4630 1175 4472 4605 4287
97 14 178 2000 26 178 1 2000 2000 254 3 4 2000 59 2 59
4672 4673 4610 4667 3845 1094 4679 4330 4683 1100 877 4688 4689 4531 1175 4665 4671 4636 4677
28 8 33 12 252 2000 8 252 1 2000 2000 2 1 451 2000 31 3 4 11
4672 4737 4610 3845 1094 4679 4330 1100 877 4718 4689 4531 1175 4667 4732 4735 4734 4677
124 2 57 289 2000 111 289 2000 2000 18 20 244 2000 6 8 1 17 47
