40 14 46 57 58 59 28 29
34 51 66 1 3 2 5 70
40 14 46 87 90 91 62
60 96 202 3 6 1 10
40 139 140 46 143 144 146 14 120 123 127
108 15 15 24 3 3 1 62 66 40 2
194 195 196 197 198 40 14 168 174 120 191
6 2 3 1 1 163 52 16 2 16 3
237 226 241 40 201 205 14 239 232 243 244 214
13 56 3 253 32 9 73 1 18 6 2 21
226 292 295 40 298 299 300 14 282 251 286
42 4 13 351 2 3 6 17 20 49 72
320 40 305 308 315 286 319
3 212 32 91 3 34 2
353 355 40 363 364 366 367 308 349 286
1 1 225 5 5 18 5 208 14 8
419 40 426 398 432 308 377 443
18 98 78 36 8 161 13 2
40 426 468 398 465 466 467 308 470 440 377
177 103 5 63 21 26 4 74 1 69 61
512 514 517 40 426 466 308 440 506 478
5 10 3 11 242 83 12 53 34 70
546 552 426 557 558 559 466 440 478
26 24 233 2 4 1 196 82 10
546 604 426 588 589 466 440 603 572 605 606 575
40 10 292 37 10 157 109 7 128 1 2 34
546 674 647 426 653 655 656 664 466 660 662 631 440 671 572 575
38 2 19 414 3 15 50 2 98 68 19 47 7 3 487 164
674 677 668 426 660 662 631 572 682 575
10 2 3 839 7 2 33 529 1 118
705 711 713 426 715 716 660 572 575
28 3 29 361 3 1 41 921 118
768 769 770 713 426 755 660 725 572 575
3 25 1 72 640 28 30 48 857 11
800 769 821 833 808 713 426 832 787 660 725 824 819 572 829 799
10 220 14 5 20 23 480 7 116 104 109 5 30 940 2 28
769 871 426 875 876 848 787 725 819 572 861 862
69 4 595 2 1 7 185 195 4 895 17 4
896 769 899 901 903 904 426 787 725 890 572
2 7 50 5 5 1 696 89 347 7 868
899 426 940 941 942 943 787 917 919 572 725
138 990 3 2 5 1 103 60 13 492 158
899 965 966 967 426 943 787 725 572 917
57 5 6 20 1403 80 115 184 394 133
1008 899 967 426 1003 1004 1006 943 976 1010 787 917 986 572 725
4 119 5 1315 5 14 8 24 120 2 107 155 98 375 268
1008 899 426 1004 943 976 787 1012 725 986 1013 572 917
18 36 1226 4 61 14 67 5 468 229 11 535 101
1056 1059 1058 899 1060 1055 426 1053 787 725 917 986 943 572 1018 1013
8 1 5 34 2 2 1104 17 17 707 31 108 63 724 33 127
1060 1084 426 1076 725 1078 1079 917 1018 572 1082 1086 1013
54 27 1099 53 785 15 11 140 50 785 3 1 84
1120 1131 1126 1127 1087 426 1130 1106 1114 725 1129 1112 1018 1013 572 1098 917
7 1 5 1 48 1084 2 84 81 715 6 33 52 32 715 52 131
1120 1173 1141 1087 426 1136 1106 1172 1013 1175 1176 1177 1114 725 572 1098 917
40 15 10 2 1461 4 96 10 96 1 1 1 26 464 464 49 279
1120 1248 1251 1252 1253 426 1106 1245 1136 725 917 1241 1114 1013 572 1098 1173
129 3 2 1 1 1095 145 9 18 503 133 3 232 8 503 170 32
1120 1280 1251 1098 1106 1283 725 1271 1114 572 426 1173
190 1 16 430 147 12 275 127 489 275 806 103
1120 1290 1333 1098 1303 1327 1106 1332 725 1334 1271 1114 572 426 1173
152 63 1 323 20 6 175 4 351 1 93 323 351 1003 46
1120 1098 1360 1106 725 1366 1271 1368 1114 572 426 1365
17 491 24 182 755 4 35 3 100 755 654 5
1376 1360 1379 1413 1417 1098 1422 1423 1424 1106 1427 725 1271 1114 572 426 1418
96 10 106 20 9 569 4 1 7 88 1 1009 10 10 1009 412 5
1379 1446 1098 1452 1453 1454 1360 1429 1271 1114 572 426 725
313 8 1014 11 6 2 13 70 13 13 728 245 728
1505 1506 1379 1508 1480 1098 1493 725 1497 572 426 1429
8 1 533 2 44 1078 15 697 26 697 225 123
1379 1544 1548 1098 1525 1557 1552 1516 1524 1429 1526 1559 1497 1530 572 426 725
699 10 2 994 84 24 33 4 54 328 60 12 49 7 965 41 965
1601 1611 1379 1605 1606 1576 1098 1525 1552 1524 725 1561 1599 572 1610 1429
11 3 544 2 2 1 1234 41 41 80 766 90 14 766 2 70
1632 1379 1638 1639 1429 1098 1653 1552 1650 725 1627 572 1525
27 456 10 3 59 1460 1 147 1 540 80 540 147
1696 1680 1698 1379 1429 1098 1695 1552 725 1627 572 1693 1694 1525
2 13 1 714 8 1215 1 195 785 117 785 16 12 195
1760 1379 1755 1098 1552 1747 1748 725 1718 1754 1627 572 1525
3 848 21 1048 379 32 28 952 30 2 167 952 379
1798 1799 1802 1803 1805 1552 1809 1811 1812 1813 1814 1815 1816 1718 572 1098 1747 725 1763 1627 1379 1769 1525
5 1 11 11 4 439 4 5 11 5 3 2 1 20 843 1157 32 843 6 42 843 14 439
1872 1379 1859 1878 1098 1552 1861 1880 1875 725 1846 1763 1816 1881 1850 572 1853 1525
1 742 5 11 1258 356 9 2 7 742 15 9 78 2 9 742 9 356
1379 1098 1903 1552 1908 725 1846 1911 1816 1913 1914 1915 572 1525
1253 747 4 97 8 1253 251 6 150 5 2 2 1253 97
1379 1925 1098 1931 1932 1935 1552 1944 1525 1846 1816 1951 572 1949 725
1400 3 600 2 2 9 192 3 192 387 193 4 1400 3 1400
1952 2016 1379 2017 1098 1552 2034 725 1846 1816 572 1962 2014 1525
37 42 1143 1 857 199 3 1143 128 222 1143 6 1 199
2016 2049 2050 1379 2048 2025 1098 2030 2045 1552 2036 725 1846 1816 572 1962 1525
4 8 1 1531 3 29 469 34 2 79 9 1531 155 13 1531 7 79
2050 1379 2085 2076 1098 2092 2030 1552 2097 2099 2036 725 1846 2102 572 2101 1525
178 1390 4 12 610 4 56 25 4 2 31 1390 146 1 1390 1 25
2050 1379 1098 2030 2036 725 2134 2135 2136 2138 572 2109 2142 2143
30 1504 496 113 117 1504 7 8 2 6 1504 87 7 1
1379 1098 2170 2158 2030 2160 2163 2036 725 2166 2168 2169 2138 572 2109 2165
1394 606 4 5 186 14 4 257 1394 6 4 1 97 1394 180 10
2240 2241 1379 2182 2214 2216 1098 2223 2195 2036 725 2230 2138 572 2205 2239
2 1 1350 5 66 39 650 14 21 322 1350 5 150 1350 66 6
2261 1379 2278 2214 1098 2277 2195 2036 725 2260 2138 572 2266 2271
4 1516 1 24 484 1 147 311 1516 23 471 1516 11 32
1379 2330 2214 572 1098 2315 2195 2036 725 2332 2327 2260 2138 2331 2300 2298 2334 2335
1557 1 124 1557 443 36 20 272 1557 4 26 52 364 12 81 2 2 1
2368 2369 1379 2214 2343 2300 1098 2349 2260 725 2358 2361 2036 2138 2331 572 2365 2367
3 1 1574 111 19 47 426 2 99 1574 1 5 412 234 7 1574 9 1
2434 1379 2214 2300 1098 2419 2418 2435 2036 725 2260 2138 2427 572 2389
13 1661 474 113 339 5 26 4 423 1661 21 239 11 1661 47
2492 2497 1379 2470 2214 2472 572 1098 2419 2036 725 2489 2138 2427 2300 2493 2495
2 1 1969 3 119 12 1969 31 15 833 1969 6 458 41 326 3 2
2528 1379 2214 2300 1098 2524 2517 2036 725 2489 2138 2427 572 2527
1 1985 217 567 15 27 1 582 1985 117 803 169 1985 2
1379 2569 2214 2567 572 2548 2557 2036 725 2551 2489 2138 2427 2300 2554
2000 1 109 7 2000 24 8 864 2000 17 158 556 89 439 23
2587 2619 1379 2613 2214 2300 2548 2612 2607 2036 725 2614 2551 2616 2489 2138 2427 572 2554 2622 2620
46 2 2000 16 163 473 71 5 4 947 2000 2 40 12 100 546 73 2000 20 3 3
2651 1379 2214 572 2551 2636 2637 2653 2036 2548 725 2646 2649 2648 2489 2138 2427 2300 2554
1 2000 75 2000 59 27 20 3 791 152 2000 11 2 10 121 767 177 590 121
2489 2690 1379 2214 2665 2300 2695 2700 2701 2702 2703 2705 2036 725 2646 2551 2548 2138 2427 572 2554
178 59 2000 210 4 707 5 6 9 6 2 1 747 2000 18 47 30 893 186 2000 178
2554 2716 1379 2725 2214 2300 2690 2745 2704 2748 2036 725 2646 2489 2548 2138 2427 572 2746
76 18 2000 69 319 370 19 5 13 1 1024 2000 8 76 91 566 196 2000 1
2779 1379 2725 2214 2759 2778 572 2794 2796 2799 2751 2787 2036 725 2489 2548 2138 2427 2300 2554 2783
1 2000 12 231 40 6 2000 4 9 1 79 25 817 2000 73 183 769 279 490 73 9
1379 2214 2843 2300 2796 2829 2845 2836 2036 725 2806 2839 2548 2138 2427 572 2842 2751
2000 337 1 328 89 3 1 6 862 2000 55 4 48 753 425 2000 3 113
2880 2882 1379 2214 2887 2876 2300 2548 2866 2867 2036 725 2873 2138 2427 572 2869 2751
13 7 2000 151 1 24 482 51 4 44 884 2000 30 914 432 2000 1 144
1379 2214 2886 2876 572 2869 2940 2036 725 2937 2905 2138 2427 2300 2938 2751
2000 40 161 9 2000 154 3 1265 2000 1 7 695 535 160 6 141
1379 2975 2214 2886 572 2938 2973 2940 2961 2979 2036 725 2138 2427 2300 2751 2942 2869
2000 2 23 267 2000 37 3 12 1 4 1244 2000 733 612 121 31 9 146
1379 2980 2214 2886 2300 3004 3003 3002 2940 3005 2036 725 3001 2138 2427 572 2938 2869
2000 78 180 126 335 2 4 5 100 1 1064 2000 45 756 421 2000 49 208
1379 2980 3013 2214 2886 2300 3003 3054 3055 2940 2036 725 2938 2427 572 2138 2869
2000 51 156 258 51 362 12 2 1 176 1227 2000 122 153 2000 515 120
1379 3014 2214 2940 2300 3013 3066 3027 2036 725 3032 2938 2427 572 2138 2869
2000 59 287 145 679 316 1 6 1004 2000 7 110 30 2000 709 171
1379 3108 3013 3014 2300 3082 2869 3116 2940 3098 2036 725 3097 2138 2427 572 2938 2214
2000 44 318 58 515 95 119 5 146 20 1328 2000 21 614 99 2000 103 58
3082 3097 3108 2214 3112 3124 2869 572 3013 3144 3149 3150 3151 3152 3153 3156 725 3158 2138 1379 2036 2938 2427 2300 3157
8 112 2 112 23 8 134 2000 235 17 29 20 6 12 3 1 2000 14 512 2000 1376 74 143 369 1
3214 3217 3097 3228 3229 3230 3232 2214 3112 2869 572 3013 725 3160 2138 1379 2036 3190 3192 2938 2427 2300
1 17 398 3 5 6 1 398 82 24 2000 158 2000 2 233 2000 1369 11 126 2 28 205
3217 3097 2214 3112 3245 3250 3251 2869 572 3262 3013 3271 3272 3275 3278 3284 725 2138 1379 2036 3192 2300
26 54 54 41 203 4 10 58 2000 49 249 10 8 15 5 2 2000 249 2000 1697 17 249
3329 3338 3217 3347 3350 3352 3097 3354 2214 3112 3245 2869 572 3262 3013 725 3289 2138 1379 2300 3315 2036 3324
18 16 142 1 3 2 78 2 78 102 33 150 2000 194 6 2000 119 6 2000 6 60 1916 13
3392 1379 3409 3324 3338 3399 3245 3217 3315 2036 2869 3411 3354 3391 572 3262 725
5 2000 3 28 44 10 69 217 4 2000 52 3 37 3 2000 95 2000
3454 1379 3338 3245 3440 3217 3450 2036 725 3354 572 3453 3262 2869
3 2000 108 16 15 494 4 2000 2000 196 2000 3 205 81
1379 3493 3338 3500 3503 3440 3217 3507 2036 725 3479 3476 3354 572 3498 3262 2869
2000 14 196 16 9 35 171 1 2000 2000 14 11 382 2000 42 382 66
3568 1379 3559 3493 3537 3561 3338 3573 3440 3217 3507 2036 725 3509 3543 3476 3354 572 3262 2869
1 2000 5 15 10 9 130 5 254 15 13 2000 2000 1 71 19 551 2000 551 203
3338 3597 3217 3608 3354 3493 3624 3625 3626 3632 3633 3634 2869 572 3262 725 3543 1379 3561 3440 2036 3573
322 47 17 20 564 17 53 9 19 1 1 3 401 2000 564 2000 7 2000 30 120 2000 7
3338 3217 3354 3493 3624 3625 2869 572 3262 3655 3663 3666 3667 3668 3669 3676 3677 3679 1379 3440 2036 725
346 4 508 4 65 79 501 2000 508 22 1 8 1 13 16 10 2 3 2000 193 2000 2000
1379 3624 3625 3338 3694 3701 3440 3697 3698 2036 725 3354 572 3262 2869
2000 159 70 294 111 12 152 34 7 2000 2000 313 2000 313 790
3717 3338 3728 3729 3730 3732 3734 3735 3736 3354 3624 3625 2869 572 3262 725 1379 3694 3440 2036 3704 3710
3 154 13 1 5 2 3 2 1 526 379 25 857 2000 526 2000 2000 87 259 2000 21 48
3806 3808 3810 1379 3783 3624 3625 3338 3694 3440 3795 2036 725 3811 3354 3807 572 3262 2869
16 9 1 2000 11 817 19 269 84 123 10 2000 2000 3 319 12 2000 319 1207
3841 3846 3338 3857 3858 3863 3866 3354 3824 3876 3877 3879 3624 2869 572 3262 725 3807 1379 3440 3827 2036 3829 3833 3837
48 64 284 3 32 15 6 290 8 3 2 2 627 1115 2000 290 2000 27 2000 102 6 2000 82 14 8
3440 3933 1379 3934 3846 3624 3338 3916 3886 3901 3920 2036 725 3928 3354 3807 572 3866 3262 2869
5 3 2000 1 179 478 307 11 19 32 47 2000 2000 3 511 83 2000 32 511 1073
3968 3971 3846 3976 3338 3979 3981 3983 3984 3985 3354 3624 2869 572 3978 3262 3920 725 3807 1379 3440 2036 3957 3961 3963 3964 3967
6 8 486 3 448 19 3 1 1 2 367 675 1049 2000 1 367 25 2000 94 2000 89 2000 1 25 2 6 12
3968 3846 3338 3354 3624 4014 2869 572 3262 4067 725 4058 3807 4064 1379 4069 4070 4071 4073 4074 4075 4078 3440 2036 3963 3964
2 544 422 157 765 23 1355 2000 157 1 2000 25 123 29 2000 4 3 8 3 2 3 2 66 2000 44 66
4112 1379 3846 3624 3338 3963 4109 3440 4081 4114 4115 2036 725 4116 3354 3807 572 3262 2869
5 2000 317 618 390 16 4 12 50 4 1 2000 2000 1 379 110 2000 379 1219
4192 1379 3846 3624 3338 4171 4109 4139 4081 4179 2036 725 3807 4184 4180 3354 3963 572 4189 3262 2869
2 2000 185 529 286 5 3 17 3 8 2000 2000 3 7 3 435 65 2000 5 435 1279
4226 1379 4203 4229 3846 3624 4230 3338 4139 4205 4237 4179 2036 725 3354 3963 572 4234 3262 2869
18 2000 12 4 333 774 2 424 108 32 2 30 2000 2000 222 45 2000 6 222 1354
4290 1379 3846 3624 3338 4139 4205 4275 2036 725 4278 4279 3354 572 4234 3262 2869
3 2000 209 596 265 99 93 6 2000 2000 16 1 172 2000 117 172 1563
4355 1379 4357 3846 3624 4316 3338 4139 4332 4205 4339 2036 725 4346 3354 572 4234 3262 2869
8 2000 6 174 579 22 295 68 26 52 14 2000 2000 3 136 2000 105 136 1569
3846 3338 4365 4372 4373 4377 3354 4385 4387 4388 4389 3624 4139 2869 572 4234 3262 725 4316 1379 4205 2036
247 512 24 37 11 11 202 1 1 1 1 552 135 1286 2000 106 202 2000 9 2000 163 2000
1379 3846 4443 3624 3338 4139 4396 4205 4365 4432 4437 4435 2036 725 4372 3354 4410 572 4234 3262 2869
2000 243 2 663 742 173 29 119 9 13 3 4 2000 2000 112 239 30 2000 261 239 1019
4484 4486 4488 4489 4490 4372 3354 3338 3846 3624 4139 2869 4410 572 4234 3262 4435 725 4443 1379 4467 2036 4470 4479
1 16 3 1 1 89 477 467 367 607 367 1056 51 2000 439 477 5 2000 21 2000 6 2000 12 3
4486 3338 4497 4506 4509 3846 3624 4139 4529 2869 4234 4410 572 4541 4542 4543 725 1379 2036 3262 4470 3354
3 347 117 23 6 547 689 547 8 1230 541 85 2000 1 2 5 2000 2000 2000 423 60 423
4570 1379 3846 3624 4553 4234 4139 3354 3262 4552 4563 2036 725 4470 4568 4569 4410 572 3338 4506 2869
2 2000 490 547 4 658 490 218 218 9 23 2000 2000 35 2 6 27 2000 577 185 1205
1379 3846 4583 3624 4585 4234 4139 4589 4552 4563 2036 725 4470 3354 4506 572 3338 3262 2869
2000 353 46 377 4 745 353 1 10 18 2000 2000 24 241 38 2000 637 241 1122
4139 3846 4234 4632 3354 4636 4637 4506 4639 4641 4644 4645 3624 4650 4651 4652 4653 2869 572 3338 3262 4552 4563 725 1379 2036
362 362 869 39 37 33 4 23 4 13 9 1 362 3 2 2 1 1231 2000 732 37 103 118 2000 2000 2000
