32 4 43 44 45 46 47 48 20 21 27
7 40 4 6 8 4 1 1 70 5 6
66 100 102 104 98 78 20 84
16 3 4 1 12 28 34 8
78 79
2 2
137 140 141 142 84 89 123
6 5 11 9 24 6 10
163 165 211 169 209 179 84 89 123 188 157
51 6 1 22 2 6 31 10 24 5 3
236 218 220 237 214
1 6 22 3 45
256 258 259 261 263 265 266 241
2 2 6 19 6 1 1 39
306 298 309 277 303
6 10 2 27 16
352 355 356 369 359 303 337 339 345 346
3 24 4 1 11 1 59 8 2 33
386 388 406 390 391 395 401 371 405 374
29 22 3 10 17 6 1 65 1 5
451 388 453 454 452 371 441
22 118 13 3 1 89 21
388 453 499 495 371 500 502 441 478 479
283 93 5 9 7 1 1 4 4 6
388 453 550 523 525 528 536 509 549
777 106 1 10 13 9 10 54 1
578 388 453 561 555 588 557 509 593 566 599 602 603 573
23 454 141 57 60 42 25 14 45 11 22 2 1 9
640 641 630 643 388 453 593 618 555 588 557 624 561 625 629 566 599 601 639 637 613
1 4 2 1 387 284 57 25 75 284 71 8 27 21 4 42 141 25 2 8 45
388 453 593 681 555 588 557 685 561 566 599 689 613
278 62 5 32 139 62 184 6 46 11 202 3 184
705 388 453 681 555 588 557 718 720 721 599 701 613
16 173 181 45 89 181 252 4 7 3 25 33 252
705 769 388 773 774 737 780 453 555 588 557 781 756 758 681 760 731 732 701 613
130 1 21 7 3 61 7 309 159 309 414 1 8 24 1 5 1 80 61 414
832 705 453 555 588 557 773 758 793 732 701 613
6 1 505 166 505 568 6 47 196 233 36 568
875 868 613 870 872 555 588 557 877 793 732 861 453
4 15 897 3 4 301 493 897 3 425 55 44 493
875 868 613 876 874 555 588 557 793 732 453
1 35 902 1 51 370 262 902 255 11 262
453 874 555 588 557 879 914 915 918 921 793 911 613
260 3 337 260 763 40 3 1 5 1 242 1 763
962 964 453 941 555 588 557 879 918 921 793 922 957 613
1 2 472 13 22 472 989 96 35 22 101 73 7 989
453 1023 1001 555 588 557 941 879 1015 793 922 1019 957 613
303 1 22 10 303 1152 4 38 3 90 26 1 11 1152
1090 1059 453 1033 555 588 557 1091 1078 1083 613
13 70 209 84 67 209 1318 3 13 10 1318
1059 613 1033 1098 555 588 557 1099 1107 453
214 1224 6 18 126 159 1224 10 3 159
1059 453 1158 555 588 557 1133 1131 1163 1115 613
141 205 7 164 205 1472 64 8 4 72 1472
1059 1188 453 1192 555 588 557 1198 1133 1201 1205 1206 1115 1181 1182 613
178 3 218 3 141 218 1366 3 56 1 10 1 44 7 23 1366
1248 1133 1059 453 555 588 557 1261 1253 1266 1273 1245 1182 613
42 21 252 386 187 386 975 13 12 3 1 1 49 975
1059 453 1257 555 588 557 1261 1265 1266 1278 1271 1273 1274 1275 1276 1277 1182 613
136 295 16 481 295 602 25 14 1 2 6 2 2 2 10 7 107 602
1312 1059 1316 453 1319 1320 555 588 1261 557 1311 1317 613
4 339 8 223 2 1 444 223 47 626 4 7 626
1059 613 555 588 1325 557 1363 1357 453
430 1004 242 320 79 1004 1 10 320
1410 1059 453 1414 1413 555 588 557 1325 1360 1378 1411 613
5 521 276 2 15 213 276 665 66 14 4 9 665
1440 1059 613 1415 555 588 557 1454 1360 1462 1463 1466 1447 453
3 692 937 27 104 395 937 35 31 11 5 2 22 395
1488 1474 1059 1477 1481 453 555 588 557 1454 1360 1492 613
3 175 1160 9 20 424 12 424 1325 284 66 6 1325
1537 1474 1059 1540 453 1477 588 557 1454 1519 1360 1538 1527 1531 1541 613
3 456 1157 1 494 59 494 1376 559 22 193 4 19 13 1 1376
1584 1474 1059 613 1575 1477 1579 588 557 1454 1360 1586 1587 1588 1589 453
2 173 1032 1081 12 98 9 662 1081 313 423 6 1 2 2 662
1600 1474 1059 453 1606 1607 1608 1612 1477 1611 588 557 1454 1360 1585 1587 1599 1610 613
4 352 1057 695 1 4 1 1 110 1 695 1083 545 535 57 56 8 2 1083
1474 1059 1668 613 1671 1676 1477 1675 588 557 1454 1360 1585 1587 1666 1673 1599 1663 1674 453
463 1141 2 1141 3 1 2 2 695 1141 665 695 158 141 21 4 46 38 3 695
1728 1712 1474 1059 1732 613 1713 588 557 1454 1693 1360 1585 1587 1717 1730 1722 1599 1695 1727 453
2 43 575 1173 2 1173 11 668 1173 664 1 668 155 224 29 1 13 98 14 7 668
1712 1474 1059 453 1787 1772 1739 588 557 1742 1360 1585 1587 1748 1454 1763 1599 1786 1695 1757 613
13 513 859 774 1 13 22 774 859 56 774 11 455 14 546 52 13 6 192 35 859
1808 1474 1059 453 588 557 1454 1360 1587 1748 1806 1817 1695 1821 1822 613
45 396 1265 419 419 1265 448 419 333 67 2 14 448 10 4 1265
1856 1857 1474 1059 613 1858 453 588 557 1454 1360 1841 1587 1847 1817 1859 1820 1695
4 1 193 1027 1027 1 525 525 1027 238 525 6 376 4 16 1 76 528
1857 1474 1059 453 1874 1896 1865 588 557 1454 1871 1360 1906 1587 1908 1913 1914 1695 1820 1885 613
1 179 924 351 11 12 38 351 924 293 24 351 8 292 1 1 2 511 28 12 924
1936 1474 1059 1957 1885 1939 1960 1865 453 588 557 1454 1935 1360 1587 1942 1961 1695 1820 1949 613
105 322 928 9 7 9 2 37 161 161 928 429 16 161 161 22 1 340 7 4 928
1984 1936 1474 1059 453 1865 588 557 1454 1999 1360 1587 1695 613
11 173 124 692 276 204 276 692 145 5 276 276 304 692
1936 1474 1059 613 2022 2060 2056 1865 453 2059 588 557 1454 1999 1360 1587 2062 2053 2058 1695
52 16 532 532 128 2 18 471 471 3 471 532 16 16 471 471 1 10 3 331
2062 2071 2117 1059 2086 557 2097 2099 2101 1695 2108 2112 453 2118 2119 2120 1865 588 1360 613 2022 1587
4 15 6 718 19 718 12 21 20 560 1 1 274 6 1 8 274 274 274 718 76 274
1695 1059 557 1587 453 1865 588 1360 2133 2144 613 2022 2158 2159 2164 2165 2168 2169 2170 2171 2172 2173 2174 2175
616 692 692 148 148 148 148 148 5 42 692 1 6 10 13 11 10 8 2 1 1 4 4 2
2213 1059 453 2184 1865 2219 588 557 1360 2225 1587 2203 2170 1695 613
25 770 74 22 74 14 74 770 74 2 74 7 64 644 770
1059 2244 613 2259 2184 1865 453 588 557 1360 1587 2261 2267 2263 2264 2265 2170 1695 2269 2270 2239
471 46 471 5 12 134 134 134 471 134 134 21 4 3 3 12 49 379 7 1 29
2272 1059 2244 453 2184 1865 588 557 1360 1587 2284 2295 2296 2265 1695 613
25 152 38 200 9 200 200 152 200 200 35 7 1 26 152 152
2336 2352 1059 2244 453 2342 1865 2346 588 557 2351 1360 2353 1587 2284 2295 2331 1695 613
9 3 33 17 198 1 198 7 198 33 2 198 4 198 23 15 8 33 33
2400 2401 453 2375 1865 588 2382 1360 2386 1587 2388 2389 2391 2392 2362 2396 2397 2398 2373
1 1 366 10 366 366 2 366 8 366 11 15 4 1 28 5 1 2 12
2443 453 1865 2419 588 1360 1587 2441 2362
8 379 379 46 379 379 379 9 31
588 2480 453 2504 1865 2443 2444 2477 1360 1587 2501
269 32 269 1 269 25 17 2 269 269 1
453 2536 1865 2443 588 2542 1360 1587 2444 2533
425 9 425 54 425 1 425 425 80 1
2608 453 2598 1865 2603 588 2605 2607 1360 2609 1587 2612 2613 2614 2601 2611 2444 2558
2 452 14 452 14 452 2 1 452 2 452 6 3 2 8 1 17 28
2672 453 2598 2631 1865 2603 588 2670 2639 1360 2641 1587 2645 2673 2558 2661
3 299 15 45 299 15 299 7 40 299 13 299 21 3 124 22
2720 453 2631 2697 1865 2666 2663 588 2639 1360 2641 1587 2709 2681 2712 2713 2715 2717 2558
6 79 55 13 79 5 44 79 39 79 39 79 21 60 4 9 4 8 64
2753 2631 2729 2663 2727 2639 2641 2741 2742 2681 2746 2747 2748 2558 2751
1 95 67 45 52 21 257 19 9 9 10 3 9 95 6
2784 2787 2663 2760 2729 2631 2727 2798 2639 2800 2641 2804 2805 2806 2799 2812 2558 2783
31 31 25 24 123 41 16 3 59 18 220 3 2 1 11 2 41 17
2849 2843 2853 2854 2631 2760 2729 2799 2641 2835 2836 2846 2842 2639 2558 2815
2 5 1 2 42 17 14 33 299 29 33 3 48 50 42 127
2881 2895 2884 2886 2631 2760 2889 2859 2893 2894 2799 2864 2641 2836 2558 2842 2639 2846 2815
41 1 1 3 4 32 8 3 5 2 23 23 417 23 4 32 23 24 1
2886 2889 2924 2925 2927 2641 2842 2846
31 49 5 1 2 248 10 24
2977 2978 2980 2889 2641 2964 2965 2842 2973 2974 2975
15 8 1 160 170 36 16 171 3 2 2
2977 3011 2889 3018 3020 2641 2994 2964 2965 2842
11 6 67 3 1 67 65 34 41 91
2977 3035 2889 3051 2641 2994 2964 2965 3062 3031 3067 3036 3069 3070
25 2 162 3 162 35 42 65 3 12 6 22 2 4
3108 2889 3116 3117 2641 2994 2965 3094 3113 3098
8 157 3 4 157 161 128 18 4 4
3145 3152 2641 2994 2965 2889 3160 3162
36 10 97 99 97 97 1 1
3204 3205 3208 3145 2641 2994 3188 2965 2889 3195 3165 3199
5 17 5 285 7 17 29 7 7 27 131 4
3266 3145 3210 3244 3246 2994 3251 3188 3255 3263
2 206 25 13 11 20 3 9 22 14
3145 3287 3246 3280 3286 3255 3290 3263
221 4 23 1 6 55 2 107
3296 3328 3331 3333 3145 3255 3321 3325 3263
89 3 3 2 363 58 11 11 236
3331 3332 3334 3145 3339 3373 3374 3375 3363 3347 3348 3263
85 5 27 435 97 7 2 1 1 19 16 307
3331 3334 3409 3145 3339 3363 3378 3411 3412 3413 3414 3416 3417 3418 3391 3388 3421 3263
178 54 25 174 102 25 89 32 5 4 3 5 1 5 1 19 1 263
3488 3331 3145 3339 3378 3446 3480 3388 3263
1 202 186 107 106 12 12 91 132
3331 3492 3525 3145 3530 3339 3507 3446 3480 3519 3531 3263
64 56 2 90 2 21 10 304 39 2 1 229
3553 3492 3560 3145 3339 3446 3548 3263
4 21 3 16 83 170 3 258
3586 3589 3590 3591 3145 3606 3339 3598 3605 3446 3608 3579 3263
18 14 20 1 35 4 189 5 2 131 1 17 41
3651 3622 3590 3145 3606 3339 3653 3446 3609 3579 3589
5 39 74 58 15 199 1 140 14 25 8
3590 3339 3694 3695 3696 3698 3700 3701 3446
112 136 49 2 1 1 3 3 478
3713 3715 3718 3590 3719 3339 3446 3706 3710
3 2 2 165 1 79 417 42 2
3745 3766 3590 3753 3339 3724 3758 3765 3446 3769 3706
3 8 51 17 92 35 12 4 422 1 101
3745 3830 3777 3815 3590 3339 3820 3789 3823 3827 3829 3446 3832 3706
57 1 18 49 2 129 29 105 4 10 4 398 4 231
3745 3883 3877 3815 3339 3789 3886 3885 3861 3446 3706 3887
131 1 7 154 76 183 1 9 8 470 193 3
3745 3910 3815 3913 3339 3916 3789 3921 3446 3706
11 6 81 9 32 24 152 2 586 238
3947 3943 3339 3916 3789 3950 3951 3952 3446 3706 3934
17 26 86 195 75 1 1 1 386 46 11
3947 4015 3976 4012 4010 3339 3916 3789 4014 3997 4016 4019 3956 3446 3706 3963 4003 3934
44 1 37 14 7 25 146 79 1 6 2 3 39 340 56 2 8 1
3976 3947 4044 3789 4047 4048 3446 3706 4030
5 101 9 101 6 10 249 195 11
4128 4129 4118 4103 4109 4111 4048 4115 3446 3706 4123 4127
2 4 10 15 7 8 123 1 194 60 15 10
4160 4144 3446 4161 4103 4138 4139 4048 4118 4153 3706 4123
15 4 140 3 12 10 17 163 37 16 24 33
4208 4185 4123 3446 4175
4 17 219 5 22
4227 4228 4199 4232 4201 4231 4237 4175 4211 4235 4185 4123 4191
5 4 27 1 28 3 2 274 10 1 62 17 23
4256 4258 4292 4293 4199 4175 4242 4246 4250 4284
175 14 12 5 12 109 51 51 27 3
4256 4292 4293 4296 4297 4300 4175 4304 4242 4246 4303
354 14 61 11 16 9 78 3 63 63 5
4256 4292 4293 4333 4175 4242 4341 4246 4345 4347 4348
399 51 21 2 222 5 3 5 3 2 2
4256 4394 4398 4175 4407 4410 4411
235 1 16 418 21 11 1
4256 4482 4484 4485 4407 4461 4398 4175 4464 4465 4470 4471 4442
353 3 1 2 5 3 230 363 19 9 5 7 13
