2 46 28 34 14
7 5 9 27 49
70 75 79 82 51 60
8 3 1 5 8 14
112 97 106 107
18 42 6 5
112 137 146 152 150
18 17 8 2 1
193 196 198 200 137 203 204 205 206 208 189
17 6 4 1 8 3 1 3 5 2 16
265 263 257
5 1 2
34 35 9 13 16 19 20 26
4 1 9 2 7 5 33 8
67 33 26 51 61
1 12 34 2 19
106 109 110 111 113 115 89 91
8 1 3 6 4 3 22 14
160 169 106 111 157 177 179 180 151 125
139 31 125 37 3 2 2 2 8 3
160 192 227 230 231 200 202 224 211 218 106
389 8 12 2 6 25 23 5 7 10 68
160 258 260 200 106 269 270 251
308 3 22 227 33 1 1 7
160 289 322 321 200 297 299 320 307 281 314 319
451 13 2 3 384 10 23 4 10 26 1 7
160 358 326 200 363 360 377 382 319
588 22 37 157 3 10 18 1 25
160 432 200 429 431
565 3 15 1 3
160 194 195 199 201 202
884 2 3 2 10 1
160 195 239 208 244 246 216 249 250 252 221
682 133 31 79 11 12 4 3 5 1 38
160 289 290 195 270 208 277 280 221 286 287
864 1 2 15 7 17 7 3 168 4 1
160 320 324 294 328 307 221 319
703 3 8 27 1 30 379 15
160 294 339 373 374 375 376 377 347 221 350
647 36 52 24 5 2 1 1 12 576 7
160 385 411 294 392 399 373 375 379 221
797 18 1 33 31 21 33 56 53 496
160 450 454 294 457 458 375 373 439 441 221 446
833 6 1 106 1 1 92 33 38 7 572 7
160 513 515 516 517 294 520 521 522 495 512 375 504 441 477 221 446 511
981 41 4 10 7 491 3 2 2 181 20 60 23 5 9 178 5 9
160 513 550 294 555 495 565 568 576 221 574 575
742 12 27 732 12 126 12 10 2 210 1 2
160 513 294 621 495 593 626 627 608 221
1106 42 389 25 65 6 3 2 4 233
160 513 294 621 495 658 665 671 221 670 669
1138 158 247 5 152 8 7 3 353 3 4
160 513 709 294 711 712 713 495 666 221 702
1389 23 14 248 6 2 1 183 15 55 12
160 741 294 744 495 730 763 764 221
1131 11 352 10 327 3 21 1 12
160 800 294 808 778 823 813 495 816 820 821 791 824 825 826 763 796 221
848 9 286 4 34 2 5 286 22 4 5 75 2 1 1 41 8 79
160 867 294 871 872 875 495 791 221
893 9 202 2 3 1 202 66 111
160 929 930 294 495 918 791 924 221 927
888 2 21 600 600 6 18 1 167 7
160 929 294 961 951 971 974 495 981 983 984 953 221
673 12 891 11 1 85 52 891 6 3 2 39 142
160 993 994 294 971 974 495 981 983 953 984 985 987 221 990 991
960 1 3 667 247 8 667 36 2 76 4 23 3 126 4 1
160 971 1028 1029 294 1035 1038 495 981 1046 1030 987 221
868 334 7 63 939 12 19 939 33 1 13 40 11
160 1090 1091 1093 294 1095 971 1100 1101 1071 1073 1099 1078 495 1094
966 18 9 5 793 3 220 4 1 63 25 4 12 793 2
160 1152 1123 1157 294 1095 971 1100 495 1136 1139 1071 1125
1296 4 17 6 693 28 387 22 693 28 4 7 1
160 294 1161 971 1100 495 1136 1173 1142
1186 814 16 226 63 814 43 11 15
160 1186 294 1100 971 1196 495 1203 1204 1142 1175 1208 1209 1211 1213 1214
1293 5 707 76 451 38 707 11 36 14 101 12 3 5 1 1
160 1220 1253 294 1255 1224 1100 1258 971 1196 1261 495 1256 1204 1175 1273 1276 1271
1473 68 6 527 53 30 41 22 349 107 7 527 33 133 114 1 3 7
160 1287 1283 1220 1285 294 1255 1224 1100 1258 971 1196 1294 495 1204 1289 1292 1175 1276
1527 3 14 22 14 473 95 31 84 84 225 186 4 473 144 2 1 31 73
160 1345 1351 1283 1348 1350 294 1255 1224 1196 1258 971 1100 1346 495 1328 1204 1175 1276 1343
1610 5 1 58 1 2 390 155 85 66 102 258 102 3 390 29 113 85 111 3
160 1408 1283 294 1255 1224 1385 971 495 1392 1409 1204 1175 1404 1387 1276 1407
1807 4 128 193 316 38 26 101 193 11 1 26 38 1 5 133 1
160 1440 1451 294 1255 1224 971 1452 1453 495 1175 1276
1910 34 3 90 385 5 196 1 3 90 5 85
160 1504 294 1255 1481 971 495 1488 1440 1498 1487 1276 1501 1502
1880 3 120 615 8 20 120 26 120 2 6 120 4 2
160 1440 294 1255 971 495 1523 1525 1276 1501
1996 4 4 684 14 4 146 2 4 14
160 1568 1541 1255 1576 1577 1578 1575 1523 1560 1532 1573
2000 4 9 751 1 1 1 2 79 13 17 3
160 1632 1635 1637 1255 1641 1647 1648 1624 1523 1649 1623 1560
2000 4 2 12 582 6 3 2 16 212 1 6 49
160 1664 1666 1255 1678 1624 1523 1686 1560 1689 1681 1691 1692 1693
2000 15 7 620 28 75 197 12 75 1 2 6 2 2
160 1255 1736 1739 1741 1712 1523
2000 1180 3 1 3 2 309
160 1761 1765 1766 1255 1773 1774 1523 1780 1781 1782 1779 1752
2000 19 9 16 1351 3 7 313 5 4 1 1 91
160 1825 1826 1827 1796 1255 1523 1814 1817
2000 11 1 2 5 1151 183 5 1
160 1825 1255 1833 1872 1523 1882 1883
2000 58 1109 119 10 434 2 3
160 1825 1923 1255 1833 1927 1934 1935 1523 1929 1917 1919
2000 198 12 1054 184 2 6 3 573 5 21 6
160 1825 1923 1255 1833 1962 1964 1965 1966 1523 1944
2000 278 20 738 197 46 1 6 1 805 78
160 1825 1985 1989 1990 1255 1833 1963 1986 1969 1523 1991 1944
2000 161 1 1 1 690 402 7 2 31 1104 2 88
160 1825 1986 1255 1833 1963 1523 1993 1944
2000 95 10 600 486 9 1069 95 61
160 1825 2022 1255 2024 1833 2028 1523 2035 2004 1944 2041 2010 2044 2045
2000 202 17 433 3 383 14 1101 14 79 41 1 72 2 4
160 1825 2022 1255 1833 2061 1523 2004 2069 2070 2071 2072 2073 2010
2000 422 26 211 211 2 1071 67 2 13 1 2 2 141
160 1825 2084 2113 1255 2112 1833 2090 1523 2004 2010 2075
2000 285 36 2 191 4 191 81 1306 169 113 82
160 1825 2171 2084 2117 1255 1833 2090 2144 2162 1523 2004 2166 2168 2010 2075 2138
2000 225 1 27 9 180 180 106 1 4 1173 180 3 3 172 144 2
160 1825 2195 1255 1833 2090 2209 1523 2004 2229 2230 2199 2084 2010 2075 2218
2000 9 15 79 79 46 2 1590 79 2 1 2 7 285 146 24
160 2273 2275 2195 2277 2279 2280 2281 1523 2262 2276 2010 2075
2000 15 18 39 13 11 6 1 1711 29 9 392 294
160 2340 2341 2342 2291 2345 2348 2318 1523 2195 2350 2262 2327 2329 2010 2075 2332 2333
2000 2 9 15 19 2 1 21 1710 76 1 122 21 21 172 242 7 1
160 2404 2342 2407 2408 2377 2410 2318 1523 2195 2262 2327 2392 2361 2010 2075
2000 3 16 1 7 9 5 110 1836 119 289 110 12 29 39 339
160 2195 2441 2474 2483 2318 1523 2478 2327 2361 2010 2075 2463
2000 9 41 3 15 251 1947 2 251 65 44 518 1
160 2441 2473 2474 2477 2318 2480 2481 1523 2478 2327 2010 2075
2000 3 6 4 2 21 1 1 1911 4 21 3 267
160 2528 2530 2531 2532 2529 2505 2493 1523 2517 2522 2075 2524 2525
2000 20 2 1 3 4 30 13 1923 29 12 113 18 18
160 2075 2566 2505 2572 2573 2547 2579 1523 2517 2522 2575 2581
2000 1 7 167 27 15 50 1 1774 46 9 2 1
160 2598 2599 2505 2603 2572 1523 2517 2582 2615 2616 2617 2618
2000 38 10 64 17 12 1838 115 61 6 2 1 1
160 2656 2599 2667 2668 2671 2672 2673 1523 2676 2517 2582 2652
2000 17 25 10 16 2 3 5 1859 1 186 22 49
160 2688 2690 2691 2726 2727 2728 2732 2730 2731 2668 2722 2733 1523 2517 2652
2000 53 2 15 17 2 1 2 2 2 159 1 1 1893 79 46
160 2786 2787 2789 2791 2792 2764 2668 2765 2766 2769 1523 2517 2774
2000 1 2 1 2 2 10 152 3 35 16 1733 81 5
160 2850 2851 2852 2822 2668 2766 1523 2810
2000 2 2 2 14 20 65 1596 21
160 2850 2893 2887 2888 2889 2890 2891 2668 2882 2766 2863 2865 1523 2870 2867 2810
2000 80 1 8 3 6 6 3 28 6 10 6 8 1870 21 2 47
160 2945 2914 2948 2950 2888 2953 2954 2944 2924 2850 2952 1523 2936 2810
2000 5 25 2 2 3 4 2 3 3 81 10 1924 4 18
160 2850 2950 3018 3019 3022 3005 3026 1523 3028 2810 2986 3027
2000 55 13 14 7 8 60 2 1884 1 55 44 1
160 3073 2850 3083 2986 3019 3056 3082 1523 3062 2810 3005 3070 3071
2000 15 24 1 84 41 12 1 1917 14 5 108 5 26
160 3073 2850 3139 3140 3141 3112 2986 3019 3136 1523 3128 3135 3005 3071
2000 77 247 1 1 1 54 85 80 4 1981 4 7 84 171
160 3073 2850 3179 3201 3112 3199 2986 3019 3181 3183 3165 1523 3200 3135 3005 3198 3071
2000 45 263 9 2 88 46 103 67 29 39 27 1984 4 28 67 17 315
160 3073 2850 2986 3019 3245 3005 3217 1523 3252 3253 3254 3135 3165 3071
2000 114 518 8 31 20 31 56 1984 1 2 1 120 81 211
160 2850 3295 3245 3278 3217 3282 1523 3284 3290 3135 3292 3165 3071
2000 482 6 83 11 10 20 2000 20 2 133 11 32 281
160 2850 3332 3302 3303 3304 3338 3339 3245 3341 3344 1523 3348 3349 3350 3135 3165 3071
2000 533 10 99 24 56 7 7 104 7 13 2000 1 1 1 279 24 270
160 3392 2850 3396 3302 3367 3400 3339 3245 3341 1523 3135 3388 3390 3071
2000 3 504 7 64 22 3 26 226 27 2000 278 7 4 269
160 3457 2850 3427 3429 3302 3432 3434 3339 3459 3245 3458 1523 3412 3448 3444 3135 3420 3453 3451 3071
2000 4 161 28 1 11 3 35 11 1 11 2 2000 38 4 21 150 250 19 10 396
160 3489 2850 3427 3494 3434 3490 3474 1523 3478 3448 3481 3135 3420 3453 3071
2000 8 188 44 2 31 6 17 2000 1 19 17 188 224 144 330
160 2850 3427 3530 3532 3534 3535 3536 3474 1523 3515 3448 3071 3420 3453 3518 3135
2000 245 42 5 5 2 1 2 18 2000 11 18 237 749 299 11 245
160 2850 3427 3562 3579 3565 3566 3555 3569 1523 3574 3575 3578 3135 3420 3453 3071
2000 134 66 10 2 4 28 18 5 2000 3 10 1 134 925 384 95
160 3617 2850 3427 3611 3618 3566 3613 3619 1523 3575 3610 3071 3420 3453 3614 3135
2000 2 408 39 2 1 126 3 1 2000 34 17 15 924 416 1 408
160 3648 2850 3651 3620 3623 3650 3566 1523 3637 3643 3420 3453 3135
2000 4 467 1 24 82 10 21 2000 3 7 820 43 467
160 3680 2850 3620 3650 3664 3666 1523 3672 3673 3679 3675 3420 3677 3678 3135
2000 2 798 35 15 35 15 2000 2 9 1 8 353 14 4 798
160 2850 3699 3687 3666 1523 3701 3702 3704 3420 3677 3135
2000 977 32 29 12 2000 1 5 1 375 7 977
160 2850 3749 3755 3757 3758 3760 3666 1523 3739 3420 3135
2000 1183 16 2 2 2 3 14 2000 7 314 1183
160 2850 3783 3786 3787 3789 3761 1523 3420 3135
2000 1419 2 3 2 8 14 2000 407 1419
160 2850 3812 3761 3822 3825 1523 3830 3420 3135
2000 1090 71 2 17 36 2000 9 677 1090
160 2850 3812 3879 3883 3884 3874 3885 3825 1523 3866 3420 3889 3135
2000 1372 157 15 7 2 27 8 43 2000 38 581 2 1372
160 2850 3812 3879 3945 3953 3938 3885 3825 1523 3956 3893 3959 3960 3866 3420 3135
2000 1488 114 51 5 2 16 12 37 2000 7 43 1 7 14 475 1488
160 2850 3812 3885 3879 3978 3938 3982 4013 3825 1523 4021 4022 4024 4025 3420 3135
2000 1555 135 9 53 12 142 24 68 14 2000 1 6 3 2 431 1555
160 4032 2850 4035 3812 4037 3879 4028 3978 3938 3982 4013 3825 1523 4022 4024 4036 3420 4030 3135
2000 1 1541 2 191 3 43 1 10 255 61 49 99 2000 49 7 1 360 2 1541
160 2850 3812 4070 4071 4077 3938 4078 4013 1523 4022 4079 3420 3135
2000 1761 228 8 22 10 132 1 501 2000 501 1 239 1761
