64 65 66 68 37 72 73 31
3 5 9 4 16 1 2 76
100 141 142 79 145 31
23 8 2 150 2 9
192 194 100 169 141 79 149 184 185 189
1 1 150 86 101 9 40 27 2 1
256 100 232 169 141 207 149 247 223
4 148 23 18 195 14 17 3 8
100 309 232 169 141 207 305 308 149 303 285 286 287
9 1 120 26 225 27 2 4 67 1 47 2 31
288 342 341 295 232 330 141 207 340 149 333 315 285 287
2 5 2 2 90 5 305 88 6 30 3 37 2 190
388 232 141 207 402 149 315 287
11 120 273 11 8 1 28 90
449 450 315 453 423 232 437 141 432 435 447 287 415
7 4 6 3 38 55 1 448 32 14 1 152 44
443 423 141 432 435 438 441 442 287 415
1 3 471 73 16 2 2 3 122 33
450 489 490 491 141 463 482 466 476 287
143 2 5 1 362 51 2 14 25 34
516 523 141 526 463 528 529 466 531 534 536 537 538 527 476
45 45 391 22 250 11 7 2 3 2 1 1 1 44 18
581 583 584 141 526 527 463 557 574
5 2 2 199 15 34 213 16 32
593 618 620 141 463
11 5 6 223 147
672 673 141 463 666 670
1 1 31 270 3 1
706 708 710 711 463 693 676
1 3 3 1 106 7 9
676 710 714 717 718 463 720
33 152 5 6 2 194 1
772 710 463 752 753 758 766
3 89 89 9 7 52 2
710 776 778 781 463 752 758 759
133 4 6 6 133 101 126 16
816 710 776 842 843 463 752 820 758 759 824 825 831
2 474 76 3 1 474 58 16 130 44 14 10 20
868 869 710 776 873 874 463 752 872 820 758 861 831
8 5 565 45 1 2 565 69 1 138 177 3 31
912 710 776 908 909 910 463 752 904 820 758 911 831
2 597 101 7 1 1 597 73 8 15 136 4 140
710 776 938 939 940 941 911 758 463
897 9 17 2 1 3 106 101 897
911 982 710 940 463 979 981 758 983 984 986 955
1 6 1112 8 1112 1 2 211 3 3 1 134
1026 1030 710 1033 1034 1035 1037 1038 463 1006 758 983 955
7 5 664 5 1 1 4 1 664 20 17 25 9
710 1033 463 1072 1080 1081 1082 1083 1085
639 8 639 5 1 10 4 4 1
1123 1093 710 1128 1135 1134 463 1136 1139 1140 1115 1118
19 92 740 21 10 17 740 2 2 1 54 2
1123 1156 1093 710 463 1136 1169 1172 1175 1144 1178
10 9 186 737 737 46 11 6 8 55 6
1184 1093 710 1223 463 1178 1221
7 140 868 7 868 143 2
1093 710 1287 1288 1289 463 1268 1270 1271 1178 1277
25 1476 1 5 2 1476 10 11 1 391 10
1344 1345 1339 1093 710 1288 1327 1337 1178 463 1340
2 2 22 49 1340 74 25 2 482 1340 3
1408 1411 1412 1093 710 1288 1353 463 1392 1363 1178 1374
6 3 3 27 1342 323 17 1342 13 147 238 30
710 1288 1451 1421 1454 463 1363 1460 1463 1465 1178 1468 1466 1374 1469
1208 250 11 69 33 1208 32 6 7 3 166 1 6 30 1
1506 1507 1509 710 1479 1288 1510 1514 1515 1517 1454 463 1520 1512 1460 1518 1178 1500 1502
1 13 12 1302 61 345 13 5 9 2 95 1302 1 5 36 2 175 4 3
1544 1507 1510 710 1479 1288 1543 1454 463 1512 1554 1553 1178
2 39 16 1423 107 216 171 94 1423 69 2 11 12
1507 1510 710 1543 1288 1479 1613 1614 463 1512 1618 1553 1454 1567
25 26 1422 119 450 8 5 4 1422 162 5 45 30 55
1665 1635 1670 710 1543 1288 1673 1674 1479 1671 1454 463 1512 1624 1659 1629 1662 1567
30 71 2 1391 48 547 2 2 20 1 46 1391 6 20 4 12 35 19
1696 1728 1730 1635 710 1729 1288 1676 1710 463 1712 1704 1684 1685 1716 1724 1726 1727
12 3 3 239 1531 1 469 226 6 1531 54 20 15 41 8 4 2 2
1761 1730 1755 710 1767 1288 1769 1676 463 1777 1635 1775
16 14 22 1477 2 523 16 66 1477 2 19 25
1730 710 1831 1288 1836 1676 463 1840 1841 1813 1839 1789
2 1735 26 265 14 112 1735 7 1 8 1 17
1858 1892 1894 710 1895 1288 1897 1831 1676 463 1896 1843 1882
10 5 2 1479 5 521 1 3 231 1479 1 31 2
1921 1956 1957 710 1288 1676 463 1843 1940 1943 1950
26 1 3 1500 500 252 1500 96 6 1 4
1922 710 1927 1288 1676 463 1938 1843 1946
8 1693 17 307 161 1693 5 105 2
710 1927 1288 1993 1994 1991 1676 463 2001 1843 2004 2005 2006 1999 1971
1837 21 163 4 6 14 101 1837 3 447 5 2 2 12 23
1971 2049 710 1927 1288 1991 1676 2031 2034 1843 2004 2042 463 2044 2045 2014
3 2 1806 43 194 38 79 77 7 579 55 2 1806 1 6 35
2075 710 2055 1288 1676 2059 2092 2031 2107 1843 2004 2103 2104 2074 463 2108 2106 2014
35 1772 131 228 72 46 19 77 3 561 13 9 10 53 1772 5 15 15
2115 710 2055 1288 2127 1676 2031 2162 1843 2165 463 2142
120 1802 32 198 46 5 179 3 502 2 1802 11
2210 2115 2211 710 1288 463 1843 2196 2201 2202 2031 2206
12 134 1 1909 91 1909 688 24 20 54 134 25
2210 2243 710 1288 463 2248 1843 2196 2269 2270
44 48 1985 15 1985 3 707 76 1 4
2210 710 2323 463 2321 1843 2196 2319 2303
103 2000 5 2000 1 490 27 8 11
2368 2210 2371 710 2343 2348 463 1843 2361 2366
2 29 2 2000 9 4 2000 480 11 8
2210 2403 710 2409 2410 2411 2382 463 2386 1843 2366 2396 2398
84 14 2000 1 1 1 17 2000 23 242 49 21 6
2432 2433 2435 2438 710 2439 2440 2410 463 2386 1843 2424 2396 2366
2 10 7 2 2000 2 1 151 2000 151 127 2 132 50
2502 710 2505 2410 2483 463 2386 1843 2396 2506 2366 2501
3 2000 1 79 18 2000 79 117 619 4 133 2
2560 2529 710 2556 2410 2541 2542 463 2544 2386 1843 2552 2553 2396 2557 2366 2559
2 13 2000 1 134 7 55 2000 2 134 46 6 4 493 1 60 4
2529 2596 2598 710 2593 2588 2410 2542 463 2386 1843 2606 2607 2396 2366
156 8 8 2000 3 5 201 56 2000 201 176 13 10 568 90
2529 2628 710 2631 2632 2633 2410 2637 2542 463 2386 1843 2614 2619 2396 2634 2366
108 9 2000 1 8 3 409 2 85 2000 409 53 40 15 387 8 220
2529 710 2663 2664 2665 2410 463 2386 2614 2651 2396 2634 2366 2655
124 2000 23 9 1 393 2000 393 23 107 298 99 318 40
710 2664 2634 463 2386 2679 2651 2396 2410 2366 2655
2000 49 323 2000 265 2 73 350 265 461 97
710 2695 2664 2410 2733 2734 463 2736 2696 2386 2735 2651 2396 2634 2366 2655
2000 7 98 307 13 2 2000 4 32 307 3 155 240 240 443 32
2666 710 2664 2634 463 2386 2677 2678 2679 2651 2396 2410 2366 2655
49 2000 184 275 2000 183 10 3 1 1 275 183 233 95
2666 710 2664 2697 2634 2699 2702 463 2386 2687 2396 2410 2366 2655
86 2000 286 2 483 6 6 2000 68 88 483 68 76 81
2666 710 2664 2634 463 2386 2740 2741 2745 2713 2687 2396 2410 2366 2655
133 2000 174 291 2000 37 15 5 1 76 42 291 37 76 29
2752 2785 2781 2666 710 2664 2757 2634 463 2386 2784 2773 2774 2783 2713 2687 2396 2410 2366 2655
14 1 2 285 2000 89 9 367 2000 176 1 3 15 1 65 82 367 176 65 37
2816 2817 2811 710 2664 2812 2634 463 2813 2807 2810 2655 2396 2666 2815 2687
1 1 7 2000 47 3 487 2000 1 28 4 7 487 251 2 47
2821 710 2664 2634 2859 2830 463 2834 2867 2870 2841 2396 2666 2687
26 2000 74 334 2 21 2000 24 2 3 9 334 27 45
2916 710 2919 2664 2908 2634 2924 2922 2926 463 2928 2929 2834 2931 2930 2903 2396 2666 2910
5 2000 1 34 4 326 8 5 1 2000 2 1 34 2 2 16 326 20 6
2976 2979 2980 2949 710 2983 2664 2634 2989 2986 463 2834 2965 2967 2970 2396 2666 2974
14 1 6 49 2000 1 69 180 3 1 2000 69 4 1 4 180 130 3
2949 710 2664 3017 2634 463 3018 2834 2396 2666 3006
206 2000 121 2 206 2000 1 121 206 180 7
2949 710 2664 2634 3051 463 2834 3030 3078 2396 2666 3070 3077
180 2000 439 180 3 2000 439 36 1 180 256 3 1
3074 2949 710 2664 3100 2666 463 3080 2834 3093 3030 3096 3099 2396 2634
2 95 2000 362 10 333 2000 7 362 40 132 7 9 95 95
3107 2949 710 2664 2634 3115 3116 3117 463 3112 2834 3114 3093 3030 2396 2666
8 279 2000 185 279 7 2 1 2000 2 185 1 77 173 279 237
3169 3170 3107 3172 2949 710 2664 2666 463 2834 3171 3156 3093 3030 2396 2634
40 3 53 2 79 2000 101 214 2000 101 1 25 154 154 79 79
3169 3107 710 2664 2666 3181 463 3184 2834 3156 3093 3030 3194 3195
62 7 2000 42 730 46 2000 39 42 18 103 103 62 1
3169 3204 710 2664 2666 463 2834 3219 3156 3222 3223 3225 3226 3194
2 50 2000 8 485 2000 8 101 21 8 11 2 4 2
3232 3233 3204 710 2664 2666 3287 463 3280 2834 3283 3284 3289 3225 3290 3292
57 54 249 2000 52 770 2 2000 14 52 8 23 2 21 1 2
3232 3233 3330 3204 710 3304 2666 3280 463 3312 2664 2834 3347 3348 3349 3353 3351 3225 3354 3356
66 168 13 455 2000 17 746 17 2000 28 5 5 12 5 3 1 1 14 2 2
3232 3392 3362 3204 3365 710 2666 3330 463 3280 3378 3349 3225 3387 3389 3390
301 4 192 744 7 2000 462 32 2000 68 2 209 67 1 22 4
3232 3362 3204 710 2666 3437 3438 463 3280 3409 3349 3421 3225 3439 3389
126 99 894 2000 474 2 3 2000 102 86 107 5 41 1 52
3232 3489 3362 3204 3462 710 2666 3492 3438 463 3280 3409 3474 3488 3349 3449 3225
110 12 277 1061 9 2000 651 5 20 2000 246 402 3 1 433 44 31
3232 3520 3362 3204 3493 710 3537 3497 2666 3462 3532 3522 3534 463 3280 3409 3538 3349 3541 3525
49 42 135 1083 122 2000 18 55 725 35 1 17 5 2000 525 665 4 665 5 14
3362 3555 3204 710 3560 3561 2666 3532 3565 463 3280 3409 3538 3349 3542 3570 3567
57 34 790 2000 7 1 1082 57 3 2000 1033 665 1 665 17 2 6
3586 3555 3204 710 3560 3561 2666 3532 3566 463 3280 3409 3349 3593
2 24 442 2000 24 9 1532 44 63 2000 1474 265 265 1
3204 710 2666 3532 3566 463 3280 3409 3635 3636 3349 3638 3630
381 2000 1619 48 20 2000 1177 149 1 3 149 1 9
3680 3681 3683 3204 3686 710 3687 3688 3689 2666 463 3280 3409 3667 3349 3684 3676
9 1 5 630 1 2000 3 4 1 1370 2000 841 497 7 497 1 13
3204 710 2666 3723 463 3280 3409 3731 3349 3727
340 2000 1660 25 2000 1081 121 10 121 13
3204 710 2666 3723 463 3280 3409 3349 3772 3773 3742
414 2000 1586 1 2000 874 93 93 3 3 167
3809 3204 3813 710 3793 2666 3815 3820 463 3280 3409 3795 3796 3349 3802 3807 3818 3742 3797
3 325 15 2000 64 1675 6 1 2000 932 74 17 12 74 15 4 1 162 12
3204 3846 710 3847 2666 3863 463 3280 3409 3349 3862 3831 3864 3793 3857 3850 3861
287 7 2000 17 1713 1 2000 1155 55 55 3 86 1 67 4 8 1
3904 3889 3906 3204 3910 710 3847 2666 463 3280 3409 3891 3349 3831 3896 3908 3901
4 4 4 565 1 2000 192 1435 2000 971 77 17 77 156 1 2 5
3904 3204 3974 710 3847 2666 3975 463 3280 3953 3954 3891 3831 3960 3923 3963 3965 3973
62 584 4 2000 319 1416 4 2000 1261 27 60 60 71 2 166 13 5 1
3204 3973 3974 3847 4038 4006 3975 4012 4015 3891 4030 4032 4034 710 4040 4041 4042 463 3280 2666 3954 3965
288 7 8 451 13 22 10 30 8 80 5 6 12 2000 2 2 1 2000 1408 1712 22 53
3204 3847 4006 4012 3891 4030 4034 710 463 3280 4047 4064 4066 4071 4072 2666 4079 4081 4082 4085 4086 4074
385 437 9 13 272 128 30 2000 2000 1218 33 1 1 5 10 1615 5 1 1 2 1 7
3204 4102 3847 4108 4113 4115 4121 4123 4127 4129 4131 4012 3891 4030 4034 710 4047 3280 463 4066 4072 2666 4074
186 23 497 11 9 15 13 19 10 9 2 161 264 46 23 2000 6 1642 2000 63 23 1814 161
3204 3847 4115 4123 4127 4012 4141 3891 4030 4160 4034 710 4168 4169 4172 4174 463 3280 4178 4180 4184 4185 4066 4072 2666 4074
67 673 13 79 125 222 4 118 9 92 115 2000 14 11 7 1 2000 1900 8 2 1 2 182 115 1933 222
3204 3847 4115 4123 4127 4012 3891 4160 4034 710 4169 463 3280 4187 4066 4196 4198 4072 2666 4205 4206 4207 4208 4217 4074
245 383 67 40 236 326 22 83 88 2000 1 2000 1723 79 10 9 6 88 1755 15 2 23 9 1 326
4160 4219 3204 4115 710 3847 4232 2666 4012 4205 4270 463 3280 3891 4123 4266 4187 4074 4127
28 21 372 17 2000 238 65 1628 259 4 4 2000 1628 22 2 3 61 259 72
4160 4257 4187 3204 710 3847 2666 4267 4012 463 3280 4243 4266 4260 4219 4074 4239
6 15 124 875 2000 4 1125 7 234 2000 1125 17 3 7 63 234 14
4288 4219 3204 710 4298 2666 4267 4012 463 3280 4317 4315 4313 4312 4260 4187 4316 4074 4286
5 65 1130 2000 3 870 71 331 2000 870 2 3 9 5 38 56 2 331 1
4352 4353 4347 3204 710 4332 2666 4267 4012 463 3280 4340 4312 4324 4187 4074 4351
1 3 4 1170 2000 36 830 68 445 2000 830 4 66 15 100 445 4
