64 36 39 41 16 56 25 63 60 62 31
1 22 6 2 47 14 19 9 19 6 23
110 81 116 120 122 124 94 31
5 40 5 1 2 2 2 54
185 179 182 31
1 4 1 49
219 212 221 222
4 1 2 3
258 262 266 267 269 271 272 212 253
12 16 11 2 6 3 1 57 18
280 306 310 303
6 5 1 18
353 356 360 366 335 372 342 375 376 377 351
3 2 23 1 15 4 12 4 2 1 19
360 396 433 435 372 342 407 409 413
71 36 1 2 7 92 53 48 20
489 438 488 492 490 460 493 494 342 407 474 413 479
1 39 2 5 3 9 1 2 21 60 8 239 6
501 438 407 413 510 511
3 130 75 70 6 4
550 554 555 556 533 407 413 542
5 4 2 6 75 23 250 9
579 582 584 585 588 592 533 572 413 597
20 4 29 12 2 2 6 48 144 2
642 584 572 636 413 638
2 9 58 9 98 4
673 642 675 676 656 572 413
1 15 6 1 18 87 25
736 737 679 714 726 729 732 413 734 735
4 1 5 4 22 75 18 74 8 9
768 747 750 752 786 755 788 789 791 787 729 413
34 33 43 51 4 26 4 4 1 3 110 196
834 838 842 811 844 750 752 824 729 413 798
11 9 3 22 4 29 58 25 198 351 18
897 898 899 873 893 729 890 413
3 1 3 5 8 75 12 257
413 913 914 729 890 893
90 8 10 99 74 111
962 964 965 893 968 969 970 971 413 945 729 890 955 957
4 1 7 106 1 1 1 1 344 2 36 36 2 2
992 995 999 1002 413 983 890 988 893 990
10 1 4 1 341 46 55 1 118 30
1051 1066 1038 413 1072 1075 1076 1078 983 1048 890 1007 893 990
30 3 19 459 18 3 2 2 39 12 174 108 80 296
1139 1125 1098 1133 413 1075 1140 1118 890 1007 893 990 1087
3 3 27 36 880 129 4 3 198 47 104 247 98
1184 1185 1191 893 1194 1195 1133 1167 1075 1172 890 1007 413 990
1 9 1 52 2 1 10 3 459 10 507 9 954 128
1185 1221 1235 1191 1228 1167 1231 893 1232 1233 1234 1075 1236 890 1007 413 990
99 6 1 36 1 34 2 136 3 12 2 405 1 582 18 675 287
1191 893 1233 1234 1075 1240 890 413 990
95 11 11 16 837 2 861 522 217
1191 1299 1290 1298 1075 1300 1278 890 413 990 1301
115 1 28 9 971 1 57 974 833 48 3
1379 1381 1191 1352 1358 1341 1075 1342 1368 890 413 990 1375
2 1 218 3 16 6 897 3 20 897 1046 47 13
1382 1191 1395 1391 1075 1396 1397 1400 1401 890 413 990
229 250 3 6 1211 4 1 4 1 1211 782 7
1472 1474 1467 1476 1191 1454 413 1075 1396 1464 1402 1435 890 1471
1 4 8 1 356 17 1210 790 93 2 169 20 790 10
1505 1506 1507 1191 1479 413 1075 1396 1494 1495 1402 1435 890
2 8 6 196 2 1082 918 50 31 5 25 2 918
1191 1514 1511 1075 1556 1557 1494 890 413
459 11 275 869 3 2 10 869 1131
1603 1604 1606 1511 1575 1514 1191 1597 1075 1607 890 413
10 5 1 71 1 39 115 3 813 2 813 1187
1665 1634 1667 1668 1670 1191 1514 1511 1661 1075 1639 890 1659 413 1630
2 32 3 2 2 93 123 60 24 1053 7 1053 7 947 56
1697 1698 1699 1700 1511 1514 1191 1693 1681 1075 1694 890 1692 413 1630
3 2 1 1 292 26 292 8 9 1105 4 1105 19 895 23
1760 1776 1511 1768 1514 1191 1774 1712 1075 890 413 1630
4 7 206 12 66 206 1 23 1204 1204 796 82
1835 1191 1514 1511 1836 1837 1712 1831 1810 1075 1779 1815 1834 890 1819 413 1791
3 330 63 330 1 2 62 9 8 926 3 4 4 926 4 1074 50
1894 1511 1865 1514 1191 1882 1901 1900 1712 1075 890 413
4 185 4 57 185 16 1 2 252 1205 1205 795
1920 1936 1937 1923 1904 1511 1191 1931 1933 1903 1712 1917 1938 1075 890 413
85 4 1 24 14 33 33 6 12 37 198 1 1 1472 1472 528
1920 413 1075 1956 1191 1960 1712 1971 1980 1983 1988 1989 1991 1994 1995 1996 1997 1999 1511 1903 1904 890
127 642 1358 4 68 22 77 7 11 6 16 7 10 5 3 1 1 2 68 54 68 1358
1920 2050 2020 2024 2028 1903 1712 1075 2036 890 1999 2044 413 1983
149 5 33 31 8 110 79 1186 2 1186 71 4 814 21
1920 2057 2064 2074 413 1075 2094 1712 2097 2099 2100 2101 2102 2103 2104 2105 2106 1983 1999 2024 1903 890
169 64 60 20 697 1303 4 36 5 1 6 4 4 1 1 1 1 64 20 30 95 1303
1920 2106 2057 2131 1903 1712 1075 2132 890 2127 413 1983
221 17 87 1 254 27 1345 1 1345 1 655 87
1920 2145 2146 2148 2120 2057 2127 1903 2130 1075 2133 890 2143 413 1983
165 1 3 2 60 60 3 473 70 876 5 876 6 1124 60
1920 2182 2120 2057 2189 2190 2173 2192 2194 1075 890 1903 413 1983
77 10 242 59 9 3 34 3 1 900 900 407 1100 59
2227 2120 2218 2219 2220 2221 2222 1903 2189 2226 1075 2229 2198 2200 890 2223 413 2230 2207
6 190 6 12 6 11 8 245 38 3 528 4 2 2 528 10 1472 1 36
2120 2189 2254 1903 2221 1075 2295 2296 2297 890 2223 413 2271
534 283 79 198 34 312 1 2 2 312 26 1688 3
2307 2343 2120 2345 2347 2189 2254 2223 2352 2344 2354 1075 2358 2299 2296 890 1903 413 2334
118 13 335 4 19 322 126 105 14 9 7 447 6 9 16 447 328 1553 15
2402 2307 2426 2343 2120 2385 2427 2189 2254 1903 2417 1075 2388 2414 2392 2420 890 2223 2428 413
20 48 2 56 136 47 7 361 124 391 22 406 66 11 2 16 406 246 2 1594
2433 2307 2444 2189 2447 2457 413 2463 2343 2477 2223 1075 2488 2489 2492 2120 2254 2385 2392 2402 1903 890 2427 2430
51 143 53 300 5 25 1611 24 51 24 378 389 1 1 1 192 136 25 80 20 389 389 68 21
2433 2307 2444 2189 413 2343 2477 2223 1075 2120 2254 2511 2512 2385 2510 2392 2402 2513 1903 890 2427 2430
237 572 156 48 1716 237 60 278 284 572 19 15 1 23 4 572 196 2 284 284 160 1
2433 2307 2444 2189 413 2343 2477 2223 1075 2120 2530 2254 2392 2524 2525 2527 2529 2402 2531 2532 2533 1903 890 2427
184 701 161 125 1616 184 79 272 384 701 7 79 701 13 7 5 16 70 2 2 1 384 384 110
2433 2307 2568 2444 2189 2579 2580 2582 2585 2588 413 2343 2477 2223 1075 2120 2254 2392 2529 2402 2535 1903 890 2427
293 655 1 40 268 15 8 5 6 1 1680 293 197 316 320 655 235 655 63 30 46 320 320 280
2433 2307 2444 2189 2582 2584 2586 2607 413 2591 2592 2343 2223 2609 2610 1075 2120 2254 2392 2529 2535 1903 890 2427
275 784 111 297 153 25 17 7 1658 10 3 275 181 1 1 342 784 270 784 203 147 342 342 164
2433 2307 2444 2189 2582 413 2343 2223 2632 1075 2657 2120 2254 2392 2652 2655 2529 2660 2535 2665 2666 2668 1903 2672 2673 2675 2676 2677 890 2427
427 900 99 119 118 1521 427 33 19 479 11 900 119 900 23 1 245 9 96 14 18 3 479 1 4 1 2 1 479 33
2433 2307 2692 2444 2189 2582 413 2718 2723 2724 2343 2729 2632 2738 1075 2744 2745 2120 2254 2392 2652 2529 2535 1903 890
280 1217 1 10 77 73 1574 8 12 7 280 1 84 5 426 2 6 1217 77 1217 171 443 77 426 426
2433 2307 2189 2582 2799 413 2723 2343 2780 2632 1075 2120 2761 2254 2775 2392 2652 2529 2789 2535 2793 2795 2796 1903 2800 2803 2805 890
140 1428 57 31 7 1625 31 140 11 149 375 1428 240 57 9 1428 263 564 14 57 4 11 2 375 1 3 6 375
2433 2307 2189 2834 2835 2837 2839 2841 2843 413 2846 2343 2652 2632 1075 2120 2761 2254 2392 2780 2529 2789 2535 1903 890
401 1195 20 48 31 14 12 8 10 1616 4 401 361 107 384 1195 91 20 1195 15 804 48 20 384 384
2433 2307 2834 2835 2839 2841 413 2343 2632 1075 2879 2880 2883 2120 2761 2896 2898 2900 2392 2652 2529 2789 1903 890
368 1241 175 23 41 2 1609 368 142 391 118 2 6 1241 52 13 2 2 1241 391 788 175 391 391
2433 2307 2959 2960 2961 2962 2963 2839 413 2343 2632 1075 2879 2120 2761 2392 2652 2529 2789 2834 1903 2929 2835 890
274 1428 13 19 34 19 1 62 1702 274 123 298 62 1428 191 1428 298 952 62 62 298 38 2 298
2433 2307 2961 2834 2839 413 2343 3036 3037 2632 1075 2999 2879 2120 2761 3019 3030 3031 2392 3034 2652 2995 3038 2529 2789 2983 1903 2929 890
270 1147 70 195 30 1417 270 1 4 14 583 4 195 1147 57 3 4 10 1147 2 583 15 1 1042 195 3 583 106 583
2529 2307 2789 2433 2120 2343 3090 1903 2839 2961 2834 1075 2995 3070 2929 2392 890 2652 413 3038 2879
999 999 210 248 999 248 8 753 37 359 210 753 23 31 182 999 753 753 1247 160 210
2433 2307 2961 2834 2839 413 3107 2343 3112 3116 3118 3121 1075 3124 2879 2120 2392 2652 3038 2529 2789 3111 1903 2929 890 3070
486 978 384 218 34 1464 35 486 5 1 2 1 536 1 218 978 978 536 373 978 218 9 536 264 536 72
2433 2307 2961 2834 2839 413 3107 2343 3164 1075 3129 3133 3134 2879 2120 2392 3162 2652 3165 3038 3167 2529 3170 3171 3172 2789 1903 2929 890
634 808 249 63 10 1442 25 634 11 558 22 16 90 63 808 808 23 558 18 634 4 808 3 4 2 63 558 121 558
2433 2307 2961 2834 413 2343 1075 3134 2879 2120 2392 2652 3165 3038 3167 2529 2789 3179 890 1903 2929 3194
823 886 470 20 1709 823 291 316 20 886 886 291 25 823 170 886 20 166 291 291 71 6
3200 2433 3202 2307 2961 3223 3227 413 1075 3236 2343 3244 3247 3251 3134 2120 2392 2652 3038 3167 2529 3179 1903 2929 890
17 1024 55 741 392 27 12 1765 235 8 1024 6 1 3 244 741 741 235 1024 243 741 166 235 67 235
2433 2307 2961 3223 413 1075 2343 2652 3251 3256 3134 2120 3279 2392 3292 3038 3167 2529 3298 3179 1903 890
840 848 749 9 1688 312 840 312 15 12 417 848 9 848 5 840 120 848 16 69 312 312
2433 2307 3351 2961 3350 3223 413 3361 2343 3372 3376 3378 1075 3134 2120 2392 2652 3038 3167 2529 3298 3379 3179 1903 3314 890
805 806 1 542 24 3 1611 5 805 6 3 1 389 205 806 806 389 805 91 806 167 1 173 389 32 389
2433 2307 2961 413 3361 2343 1075 3134 2120 3404 3408 3413 2392 3418 3419 2652 3038 2529 3298 3179 1903 890
710 716 379 1426 66 710 574 88 716 9 6 1 716 2 4 574 710 716 239 241 574 574
2433 2307 3461 3463 3465 3467 2961 3475 413 3361 2343 1075 3134 2120 2392 2652 3038 2529 3298 3179 1903 890
714 677 6 47 6 6 178 3 1391 19 714 609 3 677 677 609 714 677 167 440 609 609
2433 2307 2961 3474 413 3361 3491 2343 1075 3511 3512 3513 3134 2120 2392 2652 3038 2529 3298 3179 1903 890
502 858 467 94 1360 84 35 502 640 1 4 6 155 858 858 640 502 858 312 391 640 640
2433 2307 2961 3474 413 3491 2343 1075 3513 3134 2120 3529 3532 2392 2652 3038 2529 3298 3558 3559 3179 1903 890
156 1120 784 63 1276 26 156 724 26 612 1120 23 19 1120 724 156 1120 172 4 1 336 724 724
2433 2307 3599 2961 3602 3604 3608 413 2343 1075 3134 2120 2392 2652 3038 2529 3298 3179 3474 1903 890 3583
28 748 5 524 1 1 9 776 28 1224 454 748 748 1224 28 748 70 224 232 1224 1224 14
2433 2307 3623 2961 3474 413 3615 2343 3633 1075 3637 3644 3134 3648 3653 3655 2120 3658 3659 2392 2652 3038 2529 3298 3179 1903 890
65 723 1 624 353 788 3 65 35 1212 9 14 533 14 5 3 723 5 2 723 1212 65 723 91 99 1212 1212
2433 2307 3725 3728 2961 3474 413 2343 3633 1075 3644 3134 3648 2120 2392 2652 3038 2529 3298 3729 3179 1903 890
119 449 3 9 417 271 568 119 34 1432 137 407 10 449 449 1432 119 449 10 1 32 1432 1432
2433 2307 2961 3474 413 3749 2343 1075 3764 3766 3767 3644 3773 3134 3775 3776 2120 2392 2652 3038 2529 1903 890
23 172 172 417 195 21 23 1805 3 15 4 125 1 172 2 1 172 172 1805 23 172 1805 1805
2433 2307 2961 3474 413 2343 1075 3764 3644 3134 3777 2120 3796 2392 3802 2652 3805 3038 2529 3812 3814 3817 3818 3821 3822 1903 3824 890
26 456 456 508 482 26 1518 142 74 456 47 456 14 456 7 1518 37 26 456 9 8 5 3 3 2 1518 1 1518
2433 2307 3846 3847 3850 3856 2961 3474 3843 3867 413 3871 3874 3875 3876 2343 3880 3881 1075 3764 3644 3134 2120 2392 3802 2652 3805 3038 2529 1903 3833 890 3835 3838
19 885 11 3 1 68 885 445 18 23 904 4 5 4 5 19 2 6 1096 94 24 885 885 885 76 1096 27 19 885 1096 80 1096 63 4
2307 3856 2961 3474 3867 413 3875 3882 1075 3764 3900 3134 2120 3928 3922 3923 2392 3929 3802 3931 2652 2529 1903 3833 890 3835
1006 129 1006 311 47 1006 42 1 994 134 1 1006 1006 2 2 63 1006 5 6 2 994 1006 994 132 994 94
2307 3972 3973 3975 3978 3856 2961 3474 3987 3989 413 3875 1075 3764 3134 2120 2392 2652 2529 3984 3963 3985 3944 1903 3958 3960 3833 890 3835
1158 34 6 5 7 19 1158 369 1 3 1158 146 842 214 1158 1158 1158 842 1158 2 105 4 105 842 15 13 279 842 146
2307 3856 2961 3474 413 3875 4004 4007 4009 4010 1075 3764 4030 4031 2120 4003 2392 2652 2529 3963 3944 1903 3134 3958 3833 890 3835
833 53 833 354 833 105 64 86 14 8 1167 196 18 7 833 18 833 1167 833 105 105 1167 833 109 306 1167 105
2307 3856 2961 3474 413 3875 4007 4009 1075 3764 3134 2120 4043 4067 2392 2652 4063 2529 3835 4068 4069 3944 1903 3958 3833 890 3963
935 263 935 290 935 33 37 102 1065 210 935 935 30 1 935 1065 12 935 33 1 2 33 1065 196 124 1065 33
2307 4100 4107 4108 4111 3856 2961 3474 4115 413 4007 4009 1075 3764 3134 2120 4043 2392 2652 2529 4112 4072 1903 4081 4085 3958 3833 890
1240 50 16 6 9 204 1240 174 1 1240 41 510 760 174 1240 1240 41 1240 760 1240 1 29 760 12 91 163 203 760
2307 4107 3856 2961 3474 413 4132 4007 4009 4125 1075 3764 4150 4157 3134 4161 4165 4166 2120 2392 2652 2529 4072 1903 4085 3958 3833 890
916 27 493 916 320 916 15 185 394 21 1084 320 4 28 916 4 6 1 916 916 1084 916 185 1084 33 127 264 1084
2307 3856 2961 3474 4207 413 4007 4009 1075 3764 4157 3134 2120 2392 2652 2529 4072 4201 4202 4203 4204 4205 4206 1903 3958 3833 890
892 487 892 373 2 892 18 564 1108 373 84 892 892 892 1108 892 18 3 7 4 1 4 2 1108 39 129 1108
2529 2307 2120 4009 4157 4206 1903 3856 2961 3474 1075 3764 3958 2392 3833 890 2652 413 3134
947 947 947 482 90 17 1053 425 947 432 1053 432 154 947 118 1053 1053 947 947
2307 4228 4233 4234 4237 4238 4239 3856 2961 4242 4243 413 4009 1075 3764 4157 3134 2120 2392 2652 2529 3474 1903 4213 3958 3833 890
862 10 4 1 4 1 4 585 862 1 2 862 381 1138 304 25 862 862 862 1138 862 304 1138 34 148 90 1138
2307 3856 2961 3474 4246 413 4264 4009 4274 1075 4276 3764 4283 4157 3134 4287 4288 2120 2392 2652 2529 1903 3958 3833 890
858 267 858 198 72 858 31 424 1 1142 90 198 10 95 858 15 56 858 858 1142 858 1142 148 12 1142
2307 3856 2961 3474 413 4009 1075 3764 4276 4157 3134 4287 4288 2120 4302 2392 2652 2529 4330 4332 4333 4334 1903 3958 890
944 238 944 139 944 643 1056 139 245 209 944 9 263 944 8 944 1056 944 14 2 1 2 1056 40 1056
4353 2307 4358 4361 4367 3856 2961 3474 4372 4376 4377 413 4009 1075 4276 3764 4157 3134 4288 2120 2392 2652 890 2529 4370 4368 1903 3958 4346
20 1090 2 1 4 87 1090 110 4 5 2 1090 618 910 391 110 17 1090 276 1090 1090 910 910 1090 5 26 910 258 11
4416 2307 3856 2961 3474 4378 413 4384 4009 4401 1075 4276 4405 3764 3134 4288 4422 4423 2120 2392 2652 2529 1903 4414 3958 4393 890
1 1108 63 1108 319 56 1108 37 549 5 892 458 3 319 1108 205 1 3 1108 1108 892 1108 892 5 214 37 892
2307 3856 2961 3474 4378 413 4384 4009 1075 4276 3764 3134 4288 2120 4437 2392 2652 4474 2529 4450 4451 4458 1903 4465 3958 4393 890 4477
1170 75 1170 236 31 1170 82 597 830 597 236 1170 125 1170 158 1170 830 9 1170 21 33 5 830 17 50 82 830 13
2307 4491 4494 3856 2961 3474 413 4384 4009 1075 4276 4533 4534 4535 4536 3764 4538 4540 3134 4288 2120 4437 4537 2392 2652 2529 4450 4498 1903 4465 3958 4393 890
1271 67 19 6 1271 85 1271 154 833 729 833 16 13 6 1 85 2 7 1271 188 1271 78 9 1271 729 1271 30 10 729 16 16 154 729
2307 4491 3856 2961 4498 4591 413 4009 1075 4276 3764 3134 4288 2120 4555 4437 2392 2652 2529 3474 1903 4592 4593 890
1145 142 54 1145 11 9 1145 593 855 593 241 1145 3 1145 90 39 1145 855 1145 241 855 2 4 855
2307 4617 4619 3856 2961 3474 4627 4591 413 4009 1075 4276 3764 3134 2120 4555 4437 2392 2652 2529 4626 1903 4596 890 4607
802 19 2 22 802 355 1 65 802 383 1198 383 355 802 802 359 9 802 1198 802 1 1198 84 1198 3
2307 2961 3474 413 4642 4009 4652 4656 1075 4276 4663 3764 4667 3134 4676 4677 2120 4681 4682 4555 4684 4685 4437 2392 2652 2529 1903 4596 890
677 677 336 677 3 316 21 19 1323 316 32 336 41 677 4 3 677 2 6 316 1 1 133 677 1323 677 1323 285 1323
2307 2961 3474 4757 4759 4760 413 4009 4724 1075 4276 3764 4667 3134 2120 4555 4437 2392 2652 2529 4718 1903 4720 4596 890
918 918 526 2 1 1 918 318 4 1082 318 526 171 918 918 318 356 918 1082 918 24 1082 17 471 1082
2307 2961 3474 413 4009 1075 4276 3764 4667 3134 2120 4555 4437 2392 2652 2529 4718 1903 4720 4721 4722 4596 890
1258 1258 207 1258 393 742 393 207 10 1258 1258 393 766 1258 742 1258 13 742 4 9 2 207 742
4736 2307 4741 4742 4744 2961 3474 413 4009 1075 4276 3764 3134 2120 4555 4437 2392 2652 4730 2529 1903 4596 890
2 1281 2 8 3 1281 509 1281 399 719 399 509 1281 1281 399 734 1281 719 1 1281 719 509 719
