35 37 7 42 43 44 47 52 53 54 55
13 17 7 6 3 17 5 2 4 3 1
99 37 103 104 73 44 47 85 54 89 91 101
7 7 2 1 3 7 32 25 9 50 6 3
171 37 169 151 44 109 174 145 172 148 119 89 155
8 80 9 20 80 1 5 20 2 4 105 143 24
161 162 163 37 165 119 44 151 89 155 159
2 1 2 54 1 625 54 51 674 10 2
226 227 37 231 44 151 172 205 207 119 89 175 221 229
14 6 139 1 139 21 59 22 13 458 605 15 1 1
37 264 172 119 44 205 270 271 272 151 89 265
131 12 33 242 131 300 2 2 1 72 242 3
300 37 326 327 172 151 44 337 305 338 276 119 89 282
12 203 20 23 19 179 203 8 94 2 27 170 170 51
37 380 119 44 365 305 276 382 374 375 89 282 151 364 383
228 1 87 228 20 95 18 2 8 18 87 80 58 6 1
420 37 422 305 44 365 401 434 435 404 438 374 151 436 411 421
3 249 6 5 249 35 8 3 1 13 1 141 52 7 15 13
421 438 44 365 401 404 437 374 441 436 37
108 4 23 62 92 62 6 218 2 4 23
473 421 401 466 469 374 471 441 474
3 320 35 53 7 414 9 4 4
421 492 401 466 374 473 441 506 479
583 23 48 35 658 7 54 19 6
421 553 566 492 558 401 565 374 506 571 572 574 575
642 10 13 18 34 232 10 642 7 3 2 2 1
578 421 618 619 620 558 401 374 607 603 506 613
257 296 5 7 2 103 23 296 10 3 16 11
676 421 401 683 621 662 685 657 558 374 687 686 613
18 208 142 4 33 23 3 46 9 208 3 5 21
676 421 401 685 558 717 657 723 724 662 374 721 734
108 236 116 53 57 50 108 5 21 21 236 9 1
676 421 657 717 558 685 784 401 374 765
151 93 151 92 56 45 9 253 93 6
834 835 676 790 838 657 840 841 685 717 401 818 374 836 826 799 421
1 2 77 30 5 77 1 2 50 11 437 2 11 1 6 9 11
834 676 870 657 844 401 818 884 868 890
41 49 10 49 23 409 10 4 22 1
929 930 931 676 933 401 937 657 818 927
59 20 1 149 3 123 4 149 56 8
929 676 657 974 401 982 985 987 996
31 117 117 20 109 17 2 7 2
929 676 1041 1035 974 401 657 1045 1047 1049 1050 1051 1023
7 160 10 6 231 19 160 6 4 3 4 2 43
1059 676 974 1072 657 1074 1070 1060 1055 1023
1 61 531 5 61 3 5 20 49 5
1123 1060 1126 1095 1098 1133 974 1134 1111 1080 1130
6 58 4 15 23 1 407 1 32 27 1
1152 1060 974 1140 1177 1183
29 21 55 12 8 1
1060 974 1201 1202 1203 1183
18 21 4 4 3 15
1216 1250 1252 1253 1255 1256 1204 1214
1 6 1 2 3 2 65 18
1312 1313 1255 1204 1303 1305 1307 1276 1310
3 1 46 296 4 9 2 22 5
1318 1319 1328 1331 1204 1333 1337 1276
4 168 17 6 479 3 4 23
1377 1379 1381 1319 1384 1386 1383 1359 1331 1204 1364 1371 1387
5 5 2 79 2 1 5 24 14 424 11 2 2
1204 1319 1359 1364 1369 1370 1374
113 110 23 36 2 1 1
1408 1410 1319 1387 1394 1364 1399 1204 1406 1375
1 1 68 48 33 48 8 5 8 43
1479 1473 1477 1478 1319 1480 1481 1482 1387 1424 1394 1427 1364 1432 1440 1470 1375
6 4 6 19 20 3 1 1 42 46 40 47 40 145 5 1 15
1473 1387 1522 1528 1394 1523 1364 1494 1432 1529 1531 1533
12 82 34 11 32 3 32 2 301 1 4 2
1570 1573 1575 1387 1394 1364 1432
5 2 1 30 65 65 320
1633 1387 1619 1432 1628 1631
2 59 37 141 4 3
1698 1699 1700 1702 1672 1387 1619 1432 1693
3 1 3 4 45 102 11 438 4
1739 1734 1672 1705 1707 1740 1387 1745 1746 1742 1432 1723
22 9 14 5 89 10 5 1 1 3 314 3
1792 1793 1794 1796 1798 1734 1799 1672 1740 1774 1746 1432 1789
1 3 1 4 2 42 2 15 101 9 82 192 12
1825 1734 1740 1869 1870 1848 1746 1432 1850 1854
68 2 131 3 2 10 20 174 2 5
1825 1922 1740 1930 1900 1938 1935 1432 1746 1940 1941 1929 1912
160 18 147 1 42 3 4 52 122 2 1 3 13
1984 1825 1985 1900 1740 1746 1974 1432 1978 1983 1981 1982 1951
1 177 1 18 94 86 51 27 8 3 4 2 28
1825 1740 2017 2025 1900 2029 2030 2031 1746 2035 2036 1432 2020
269 62 37 37 75 7 2 5 196 1 1 39 4
1825 2098 2087 2025 1900 2093 2095 2096 2097 1746
533 1 20 145 53 1 6 3 3 420
1825 2146 2148 2149 2087 2025 2154 2155 2156 2157 1746 2131 2141 2111
287 11 4 18 33 317 4 5 1 1 406 23 6 1
1825 2178 2213 2214 2087 2025 2186 2215 2190 1746 2131 2199 2171 2204
301 29 2 8 39 567 17 1 16 636 29 21 80 5
2240 1825 2178 2246 2087 2248 2025 2241 2258 2256 2257 1746 2131 2232 2171 2259
16 318 49 32 133 1 421 1 1 3 3 794 137 2 89 4
2304 1825 2178 2275 2087 2312 2025 2315 2240 2288 1746 2131 2260 2316 2313 2171 2302 2303
11 210 135 12 53 2 58 5 20 46 954 78 42 1 1 5 11 13
2304 1825 2178 2339 2343 2025 2288 1746 2368 2260 2357 2360 2364 2334 2367
100 31 236 7 29 149 82 954 1 45 13 9 4 59 1
2304 1825 2178 2025 2391 2412 2415 2288 2417 1746 2409 2416 2334
111 123 252 89 16 3 6 91 3 1010 76 2 111
2304 2416 2178 2467 1825 2440 2025 2466 2415 2288 1746 2464 2409 2456 2457 2458 2461 2448 2334 2463
327 9 474 1 45 4 50 4 15 270 769 2 155 53 9 2 2 15 327 7
2304 2178 2025 2507 2514 2478 2288 1746 2409 2456 2457 2334
371 594 44 28 2 20 497 682 407 14 32 371
2304 2178 2564 2025 2570 2507 2288 2513 1746 2520 2409 2456 2334
344 800 55 26 2 129 638 10 212 1 20 7 344
2304 2608 2178 2603 2614 2507 2604 2606 2288 1746 2611 2612 2582 2334
250 3 798 13 1 36 33 9 420 177 1 6 21 250
2304 2178 2507 2604 2626 2639 2288 2673 1746 2645 2582 2679 2651 2685 2334 2687
177 867 20 162 39 72 229 17 464 12 101 1 21 1 177 2
2304 2178 2698 2582 2711 2334 2722 2723 2728 2729 2730 2731 2604 2733 2734 2736 2737 2739 2626 2639 1746 2651 2288
114 1150 15 214 34 114 23 7 7 14 2 19 306 5 5 1 2 1 9 29 445 3 200
2304 2178 2729 2698 2731 2604 2733 2765 2288 2769 1746 2782 2582 2775 2778 2779 2780 2781 2334
203 1571 200 168 19 237 40 4 165 6 233 2 193 6 5 1 9 1 203
2304 2178 2819 2789 2824 2729 2698 2604 2818 2733 2288 1746 2582 2778 2334
97 1416 2 9 1 158 91 18 19 26 147 437 336 11 97
2304 2848 2178 2834 2855 2729 2698 2604 2818 2864 1746 2850 2868 2582 2840 2778 2843 2334
308 9 1859 13 26 86 308 163 33 3 141 3 1 130 5 44 24 308
2304 2178 2915 2698 2604 2818 1746 2910 2582 2903 2908 2914 2334 2911
91 1981 1 91 270 127 19 3 19 1 5 4 91 2
2304 2944 2178 2947 2948 2942 2952 2698 2923 2604 2818 1746 2946 2334 2582 2935 2937 2910
105 8 1996 1 6 15 8 105 45 425 26 4 3 105 4 30 6 59
2304 3008 2178 3009 2986 2923 2604 2989 2910 3000 2818 2698 2334
224 4 2000 2 15 22 267 16 122 21 24 224 224
2304 2178 3016 2698 2604 3023 3024 3025 2910 2334
515 2000 10 515 216 8 3 1 67 515
2304 3072 2178 3075 3078 3025 3080 2698 2604 3024 3057 3058 2910 3082 2334
817 17 2000 6 13 33 6 817 130 49 59 23 13 2 817
2304 2178 3121 2698 2604 3087 3120 3025 3122 3091 3125 2334
936 2000 3 936 86 3 9 149 4 10 1 936
2304 2178 3153 3144 2698 2604 3155 3152 3025 3154 3091 3158 3159 3146 2334
1015 2000 3 24 1015 92 3 3 201 1 35 4 1 3 1015
2304 3168 2178 3171 3172 3173 3174 2698 2604 3149 3152 3025 2334
754 4 2000 7 5 4 2 754 57 19 33 538 754
2304 3201 2178 3203 3204 2698 2334 2604 3152 3025 3200 3180 3184 3186 3188 3190 3191 3192 3194 3195 3197 3198
759 1 2000 2 3 759 759 171 13 224 1 88 2 24 12 10 6 10 4 3 2 2
2304 3232 2178 3222 3249 2698 3180 3234 3025 3186 3252 3190 3255 3188 2334 3254
613 1 2000 46 4 613 34 48 331 34 9 36 2 3 613 3
2304 2178 3300 3301 3304 3305 2698 3234 3025 3289 3292 2334
599 2000 5 3 1 1 599 39 467 34 3 599
2304 2178 2698 3234 3341 3025 3346 3322 3343 2334
184 2000 184 42 7 531 1 17 5 184
2304 3367 2178 3234 3368 2698 3371 3362 3360 3025 3354 3370 2334 3359
282 10 2000 45 4 282 3 18 2 445 10 3 282 4
2304 2178 3409 3412 2698 3404 3374 3418 3025 3380 3415 3416 3417 3354 3419 3388 3370 2334
208 2000 5 2 208 1 30 1 337 54 6 1 1 71 1 26 5 208
2304 3424 2178 3464 3471 2698 3469 3374 3439 3025 3380 3477 3478 3476 3419 3388 2334
79 29 2000 37 5 79 12 29 47 356 75 2 5 3 27 4 79
2304 3521 2178 3464 2698 3499 3471 3025 3439 3380 3515 3517 2334 3519
146 2 2000 25 146 11 14 418 2 196 11 5 146 1
2304 2178 3555 3557 3560 2698 3563 3471 3025 3380 3546 3499 2334 3519
192 2000 1 2 2 192 5 8 266 127 3 3 192 32
2304 2178 3557 3591 3592 2698 3597 3600 3025 3380 3614 3606 3607 3608 3611 3613 2334
266 2000 64 13 95 266 28 10 356 140 2 1 10 3 4 4 266
2304 2178 3652 3557 3592 2698 3660 3630 3025 3380 3662 3638 2334
345 2000 15 45 180 345 6 41 332 212 5 21 345
2304 2178 3557 3592 3688 2698 3702 3025 3699 3380 3638 3703 3704 2334 3685
242 2000 148 215 20 242 1 90 23 272 212 3 2 242 6
2304 2178 3557 3592 2698 3638 3725 3025 3730 3699 3380 3734 3703 3737 3739 3740 3741 2334
235 2000 165 441 235 56 31 86 19 78 6 47 6 4 14 3 2 235
2304 2178 3557 3782 3592 2698 3755 3725 3025 3730 3699 3638 3786 2334 3781
162 2000 136 12 698 162 59 28 43 54 136 28 1 162 21
3808 2178 3557 3815 3592 3817 3755 3025 3821 3824 3784 3730 3699 3796 3825 3823
4 2000 98 5 678 8 39 282 6 3 3 183 98 28 1 2
2178 3844 3857 3592 3865 3853 3025 3730 3860 3861 3863 3796
2000 76 7 571 1 40 501 52 3 3 2 2
3905 2178 3592 3906 3880 3025
1 2000 373 4 43 770
2178 3592 3881 3915 3880 3025 3892 3913
2000 488 28 2 78 818 23 6
2178 3939 3973 3985 3592 3977 3980 3981 3982 3880 3025 3976 3987 3961 3964 3965
2000 3 2 1 814 10 3 2 2 191 742 3 7 5 1 6
2178 3592 4028 4011 3880 3025 4019 4029 4024 3987 3965 4030 4031
2000 814 5 3 78 848 5 2 6 10 18 1 10
4033 2178 4067 4069 4071 3592 4041 4075 4011 3880 3025 4083 4088 4089 4059 3965
1 2000 39 6 4 664 65 2 1 97 1013 5 3 2 10 96
4097 2178 4067 4132 4101 4134 3025 3592 4041 3880 4089 4059 3965
23 2000 19 7 32 2 941 1040 121 180 32 135 180
2178 4101 3592 4041 3880 3025 4184 4089 4059 3965 4190
2000 20 1125 44 47 875 11 20 244 47 2
4256 4257 2178 3592 4041 4258 3880 3025 4211 4244 4245 4218 4059 3965 4254 4255
4 4 2000 1214 68 2 68 786 5 8 3 53 60 68 2 3
4288 4289 2178 3592 4269 4285 3025 4218 4282 4286
1 2 2000 1215 21 1 785 244 7 3
2178 3592 4332 3025 4338 4340 4343 4218 4287
2000 1406 16 594 15 1 3 291 56
4352 2178 4358 3592 4363 4368 3025 4338 4343 4218 4287
11 2000 13 1591 3 35 409 64 140 280 81
4384 2178 4391 3592 4395 4396 4368 3025 4338 4343 4218 4379 4381
4 2000 12 1655 3 2 55 345 219 109 674 33 13
4456 2178 4453 4454 3592 4427 4368 3025 4338 4343 4218 4411 4413
1 2000 1 5 1458 20 5 542 352 61 404 52 11
4512 4513 2178 4411 4516 4453 3592 4509 3025 4338 4515 4343 4218 4475 4508 4413 4511
3 3 2000 22 1 22 1071 1 929 392 2 40 294 110 16 40 11
2178 4411 4453 3592 4572 4554 4523 4475 3025 4338 4568 4218 4571 4508 4570 4549
2000 56 56 1046 5 41 2 190 954 331 8 470 8 22 1 21
2178 3592 4617 4621 3025 4338 4629 4632 4633 4218 4475 4634
2000 1257 2 11 743 340 1 5 1 871 329 7
