17 42 43 15 56 50 52 53 54 55 24
10 26 21 82 1 13 3 1 3 1 91
70 73 42 15 80 81 82 24 57
26 1 9 146 4 10 3 12 22
100 133 137 42 141 15 144 24
15 8 1 20 3 7 1 327
100 104 105 110 113 116 118 119 24 123 124
41 14 12 14 10 56 16 3 279 3 2
100 166 167 104 169 170 116 149 24 155
15 2 5 143 1 1 39 16 6 76
224 187 104 234 236 238 239 176 116 155
21 45 195 1 10 1 3 45 68 92
155 104 271 176 273 275 116 245 187 254
97 426 1 210 4 2 37 12 210 49
187 104 303 176 305 306 116 279 308 155
220 574 1 220 5 7 14 4 2 392
187 104 363 335 176 355 343 312 155
384 416 8 8 384 20 50 10 557
155 389 390 104 363 387 176 355 343 187 380 382
268 2 2 372 31 1 541 22 107 541 5 4
155 421 104 425 363 176 343 187 380
106 25 238 8 122 792 25 792 66
457 155 453 104 425 363 176 466 470 343 474 187 380 445 475
8 21 17 98 18 102 1055 10 4 18 4 1055 136 23 1
514 515 104 425 363 176 520 155 343 187 380 510
10 10 209 13 43 1031 12 13 13 1031 67 19
577 571 580 581 104 525 176 579 565 187
1 1 2 1 167 4 781 1 4 781
640 624 642 641 104 650 654 655 176 628 187 636 607
28 20 7 11 233 9 6 1 750 16 750 35 87
624 707 104 176 697 187 636
78 2 119 1073 18 1073 72
624 742 104 176 725 758 187 636
68 14 28 1001 17 7 1001 76
624 810 176 817 819 820 187 796 816
157 12 1488 2 1 3 1488 3 5
624 837 838 841 844 845 176 187
48 10 5 7 3 11 1378 1378
864 870 841 879 176 882 187
8 9 28 4 1464 2 1464
960 929 962 955 935 841 879 176 951 952 187 924
12 1 3 23 2 13 51 1543 4 6 1543 38
1008 987 1007 1004 879 176 1027 1012 1014 951 952 187 1021
4 80 2 5 314 1460 2 24 2 197 102 1460 2
1056 1057 987 879 176 1051 1012 1045 951 187 1053 1055
9 2 269 35 1281 38 206 7 35 1281 20 9
1072 987 1079 879 176 1012 951 187 1084 1087
12 200 9 114 1279 149 114 1279 1 1
1122 987 1092 1125 1095 1128 1129 1079 176 1012 1111 187 1117
3 321 2 3 6 2 1 9 1219 116 4 1219 7
1153 987 176 1147 1012 1141 1142 1144 187
14 194 766 5 113 30 11 11 766
1200 987 1190 1159 1192 1193 1194 1199 176 1187 1012 1141 1144 187
2 94 20 40 5 2 3 1 867 19 150 25 21 867
1222 1217 1218 987 1253 1190 1159 1256 1225 1226 1227 176 1012 1141 1243 1239 1240 187 1255 1237
66 50 11 14 4 24 7 3 6 24 7 694 73 66 3 14 8 694 2 31
1280 1217 1218 1281 1296 1226 1260 1293 1294 1295 176 1297 1141 1274 187
5 71 52 1 1 2 12 40 4 8 467 3 38 38 467
1313 1317 1217 1324 1323 1260 1328 1327 176 1298 1302 1305 187
7 4 93 1 7 97 1 5 126 20 35 3 126
1351 1353 1260 176 1362 1331 1302 187
5 13 25 247 2 13 5 247
1392 1378 1371 1416 1418 1387 1260 1426 1423 176 1424 1427 1430 1399 1432 1433 187
11 12 30 1 5 4 29 1 7 249 8 1 2 54 2 1 249
1424 187 1453 176 1461 1399 1371 1469
37 157 7 157 1 266 16 4
1424 1476 1512 1513 1514 1515 1516 1453 1517 176 1491 1399 187
23 25 11 3 2 1 1 165 2 109 2 161 109
1544 1399 1453 176 1527 187
20 130 159 81 15 81
1584 1572 1582 176 1585 1586 1587 1588 1589 1399 187
6 1 14 50 8 2 3 4 2 89 50
1636 1637 1639 1642 1643 1644 1645 1585 1399 1627
28 8 16 2 6 2 1 115 36 10
1703 1707 1709 1679 1585 1713 1627
5 9 8 4 401 1 45
1742 1585 1741 1726
1 176 5 2
1763 1770 1776 1585 1782 1751
47 36 5 74 10 30
1824 1763 1585 1813 1817 1818 1820 1821 1822 1823
2 6 51 5 13 6 3 4 5 1
1825 1891 1893 1899 1901 1840 1585 1842 1907 1908 1909 1910 1880 1886 1887
51 4 4 2 1 21 11 1 4 2 1 1 3 8 5
1825 1962 1964 1965 1967 1950
44 11 4 1 1 5
2021 2022 2023 2025 1999 2005 2011 1980
1 3 1 1 27 45 1 22
2050 2052 2021 1999 2009 2043 2013 2047
2 1 15 14 14 10 18 1
2081 2117 2118 1999 2096 2101 2102 2009 2108 2078
40 5 1 31 14 15 12 31 6 52
2113 2114 2121 2122 2103 2109
1 11 4 2 8 13
2152 2160 2161 2163 2165 2166 2167 2168 2169
17 7 6 1 13 1 3 1 2
2182 2214 2225 2230 2231 2232
131 6 2 1 1 1
2274 2243 2253 2275 2263 2264 2268
10 4 19 2 15 17 2
2257 2270 2262 2296 2297 2298 2299 2302
11 120 8 7 3 2 1 3
2368 2369 2307 2340 2353 2312 2371 2350 2257 2355 2270 2361 2362 2365 2366 2357
2 1 44 14 6 7 4 8 257 5 137 1 9 7 6 4
2340 2405 2407 2408 2257 2355 2358 2392 2270 2399
135 4 2 1 21 131 16 4 182 14
2340 2449 2443 2444 2447 2448 2257 2355 2430 2358 2270 2399
661 1 3 3 4 4 3 134 6 37 52 199
2496 2497 2499 2340 2469 2482 2355 2358 2488 2462 2399
5 1 1 480 18 6 42 26 4 55 49
2340 2469 2538 2547 2544 2552 2355 2549 2358 2488 2553 2555 2462 2399
397 1 9 12 5 2 65 7 12 65 1 1 157 1
2592 2595 2340 2597 2355 2549 2488 2590 2462 2591
6 2 358 2 79 79 79 38 202 3
2592 2340 2641 2643 2355 2612 2549 2646 2488 2649 2650 2652 2653 2462
40 248 1 1 329 101 329 21 329 7 1 2 2 258
2657 2658 2340 2661 2662 2355 2549 2488 2660 2653 2462 2655
11 2 213 1 4 530 530 530 1 181 258 8
2690 2340 2694 2696 2697 2703 2704 2355 2549 2488 2653 2462
3 31 6 2 12 1 1 951 951 951 105 181
2752 2754 2340 2758 2759 2749 2712 2355 2549 2488 2746 2653 2462
2 16 187 9 1 5 29 875 875 875 3 46 145
2782 2340 2795 2796 2797 2800 2801 2355 2772 2549 2488 2778 2653 2462
2 194 8 8 8 6 1 607 31 607 607 10 34 50
2340 2834 2355 2549 2488 2462
305 30 370 370 370 121
2880 2881 2882 2878 2340 2860 2862 2865 2355 2549 2488 2883 2876 2877 2462
4 2 1 3 94 16 7 3 230 230 230 1 9 1 80
2340 2885 2921 2922 2923 2928 2898 2355 2900 2549 2488 2462 2911
87 28 20 4 1 1 22 224 8 224 224 56 20
2340 2921 2923 2924 2898 2355 2549 2488 2462
274 149 1 1 16 73 73 73 4
2340 2952 2921 2962 2355 2549 2966 2488 2969 2970 2971
202 9 16 7 69 69 2 69 2 1 2
2340 3013 2982 3018 3024 3026 2355 2996 2549 2488 3028 2970 3027 3029
193 6 11 9 14 3 58 22 58 58 1 58 1 4
3074 2340 3078 3018 3051 3026 2996 3093 3065
33 72 2 122 70 22 83 13 19
3074 2340 3080 3018 3051 3086 3088 3090 2996 3093 3094 3095 3092
53 66 4 453 177 2 16 14 57 5 2 1 11
3074 2340 3112 3018 3051 3092 3125 3129 3128 2996 3093
65 65 108 300 408 59 18 2 2 29 33
3169 3170 3112 3145 3018 3051 3092 2996
7 2 51 18 30 548 80 94
3173 3112 3051 2996 3192 3092 3195 3196 3199
27 73 582 69 7 105 27 2 1
3202 3211 3173 3207 3112 3051 3212 3220 3215 2996 3221 3192 3092
14 39 17 26 290 521 4 3 7 109 3 60 131
3211 3236 3173 3207 3112 3051 3245 3246 3247 2996 3192 3092
62 8 10 47 88 440 4 2 1 109 84 45
3299 3301 3207 3112 3211 3274 3051 3282 2996 3192 3289 3292
20 1 53 116 40 6 733 3 93 145 3 2
3051 3348 3207 3346 3211 3341 3311 3344 3345 3282 3347 3316 3349 3289 3192 2996 3343
736 3 2 1 64 4 23 2 1 48 1 11 3 48 139 66 2
3393 3398 3368 3401 3402 3051 3282 3192 3289 3359
12 15 23 2 1 598 67 117 67 6
3403 3368 3051 3405 3416 3282 3411 3417 3192 3289
16 30 678 7 2 18 4 1 97 18
3456 3458 3462 3051 3436 3282 3414 3289 3454
2 6 1 820 13 4 4 4 12
3488 3489 3491 3492 3493 3464 3051 3454 3487
10 3 1 1 1 80 1071 196 38
3542 3538 3051 3526 3454
4 28 750 9 82
3051 3595 3538 3604 3454 3607 3610 3611 3614
845 17 25 3 67 4 1 1 1
3051 3538 3635 3639 3644 3645 3454
1102 52 20 4 3 3 44
3680 3051 3664 3635 3674 3454
29 876 37 38 21 32
3680 3681 3714 3723 3716 3718 3721 3051 3698 3454
183 93 4 1 2 5 7 982 14 183
3680 3745 3747 3748 3749 3681 3752 3051 3733 3454
150 23 3 5 3 124 2 955 4 150
3680 3745 3681 3051 3792 3795 3800 3454
24 9 78 1069 15 1 2 24
3681 3051 3846 3851 3861 3862 3863
349 1402 41 9 2 2 1
3681 3883 3908 3846 3910 3051 3916 3918 3919 3920 3894 3887
224 27 3 72 13 1368 8 2 7 4 6 61
3681 3883 3846 3051 3887 3953 3954 3957 3958 3935
134 6 83 1315 36 5 7 3 1 20
3681 3883 4004 3846 3051 4016 3987 4020 4021 4023 3960 3967 3997 3935
209 44 3 109 1308 2 15 5 1 1 28 66 80 185
3681 4059 4004 4037 3846 4074 3051 4077 4078 4080 3987 3935 3967
291 36 7 66 199 2 1301 1 1 1 44 247 70
3681 4059 4100 4037 3846 4103 4104 4105 3051 4108 4110 3987 3967 4083 4093 3935
241 53 19 174 77 11 3 1 1374 3 1 99 182 24 2 218
3681 3935 4100 4037 3846 4129 4136 3051 4142 4143 4145 3987 4132 4059 3967
248 262 137 106 137 17 16 1158 3 4 4 95 2 69 106
3681 4163 4100 4037 3846 4136 4201 3051 4174 4176 4200 4171 3987 4195 4203 4151 3967 4187 4189 4158 3935
49 7 120 2 80 185 3 1323 17 60 8 5 37 2 4 80 2 9 13 27 354
4225 4226 4235 4100 3846 4136 4233 3051 3987 4151 4219 4158 3935
8 10 1 116 62 303 3 1470 3 78 113 29 450
4225 4226 4136 3051 4243 4244 4248 4249 4250 4219 3935
5 22 241 1504 17 16 3 1 3 223 857
4288 4289 4226 4291 4136 3051 4268 4290 4243 4244 4281 4219 4285 3935
4 1 6 1 141 1366 24 3 20 62 17 311 26 833
