32 36 37 38 41 43 46 23 24
1 3 4 11 9 1 8 19 10
65 68 38 72 41 75 76 78 49 53 24 61 62
8 12 73 3 130 5 1 2 31 45 18 6 21
131 38 136 41 139 140 49 53 137 123
6 14 1 246 2 1 21 112 1 7
41 171 173 179 53 182 183 184
268 100 22 2 133 2 5 1
235 231 232 41 171 173 210 211 53 233
2 3 4 639 2 12 20 10 180 5
273 232 41 241 211 276 53 252 253 254 277
11 11 459 24 58 9 252 5 3 56 1
315 292 232 41 299 303 304 307 309 314 319 317 254 53
3 9 8 467 9 6 4 9 17 2 3 10 20 75
355 41 299 365 366 368 370 371 53 317 254
17 123 366 1 6 6 5 1 121 39 127
368 424 41 426 299 437 432 402 53 438 446 440 447 444 445 254 405
43 23 139 11 585 5 13 17 96 2 2 11 2 10 1 109 45
405 368 41 426 299 53 437 448 454 463 465 467 484 485 488 490 492 494 495 496 497 254
3 91 49 26 314 111 103 121 217 17 2 2 5 8 1 17 1 2 2 1 4 57
454 551 552 41 426 299 564 53 566 572 490 574 437
149 3 17 7 35 408 19 40 19 7 15 4 41
587 612 613 454 437 490 299 591 611 597 602 426 53
1 3 5 74 13 153 230 14 1 9 6 66 47
673 675 676 678 454 615 617 490 299 652 53 667 668 426 437
5 1 8 1 14 25 1 43 84 4 11 3 15 273 11
704 454 426 299 720 721 722 437 490
4 20 103 1 4 27 3 91 1
454 721 426 749 720 753 754 437
122 7 34 39 64 1 2 94
769 454 426 780 749 782 437
29 80 41 44 13 13 72
769 805 454 426 812 813 814
121 65 181 83 53 1 2
822 769 835 805 454 840 843 812 847 851 854 858 864
8 27 41 105 132 75 13 104 1 43 23 2 2
896 835 900 805 454 840 812 925 912 854 887 924 893
5 113 31 78 113 27 78 4 19 53 1 6 11
962 835 454 971 940 973 946 854 953 925
3 93 93 6 1 3 40 67 11 31
1027 962 835 1028 454 1002 995 854 1020
1 84 4 2 4 50 11 21 10
962 1061 1065 1066 1068 1074 1075 1076 1046 1078
157 12 27 22 3 7 7 2 3 1
1121 962 1123 1125 1065 1098 1122 1075 1110 1114 1116 1061
2 127 1 2 145 9 2 4 8 10 4 1
962 1158 1160 1065 1132 1134 1142 1161 1146 1149
75 10 3 57 31 33 25 1 13 25
1217 962 1188 1142 1065 1194 1175 1218 1149 1178 1205 1174 1193 1146 1211 1213 1214
3 14 16 25 68 15 4 3 11 6 4 69 9 157 1 4 2
1251 1188 1174 1065 1194 1267 1268 1142 1271 1272 1146 1178
19 166 2 5 111 1 6 170 2 2 33 103
1188 1351 1353 1194 1325 1330 1142 1335 1146 1354 1178
23 6 2 6 4 11 152 20 74 1 100
1188 1178 1330 1332 1142 1146 1340 1341 1342
64 29 98 10 97 150 2 6 2
1188 1381 1382 1385 1388 1330 1396 1397 1142 1368 1178 1146
21 30 4 3 1 175 11 1 232 20 19 403
1408 1441 1442 1443 1188 1381 1330 1396 1142 1399 1146 1435 1178
88 3 3 1 7 20 88 54 320 127 438 10 22
1408 1446 1478 1482 1486 1487 1488 1330 1396 1142 1399 1146 1469
67 1 7 8 7 1 5 136 326 397 84 783 13
1408 1558 1541 1478 1553 1513 1546 1330 1551 1521 1490 1396 1557 1142 1559 1146 1554 1532
83 1 1 25 1 37 9 193 6 5 33 478 1 445 1 824 4 24
1408 1478 1521 1610 1588 1583 1616 1617 1330 1396 1621 1142 1620 1146 1615
23 56 14 8 2 4 3 10 202 611 1 418 2 883 2
1478 1650 1678 1615 1680 1682 1330 1683 1396 1142 1684 1146 1679
71 38 7 64 2 2 170 3 509 750 5 720 3
1478 1330 1684 1142 1687 1396 1146 1692 1693 1694
27 355 74 580 18 588 899 1 1 2
1478 1734 1711 1330 1396 1142 1146 1723 1722 1733
89 2 47 268 686 716 1016 15 5 2
1478 1738 1751 1778 1711 1330 1396 1781 1142 1783 1146 1723 1757 1758
57 82 7 10 2 123 650 11 1087 5 790 31 9 7
1851 1846 1478 1738 1836 1837 1838 1808 1330 1843 1396 1845 1142 1848 1849 1146 1723
2 2 112 154 5 14 3 7 89 8 568 4 1251 3 8 660 101
1891 1878 1478 1738 1837 1873 1330 1843 1396 1142 1146 1723 1885 1893
2 33 109 239 30 18 295 17 608 1076 629 2 5 1
1478 1738 1935 1873 1330 1843 1396 1142 1146 1948 1949
99 51 9 55 241 81 486 1273 486 19 2
2002 1985 1988 1478 1956 1997 1330 1843 1396 1142 1977 1146 1979 1948
3 2 2 10 2 6 322 10 351 1327 12 351 16 35
2070 2025 2060 2062 2031 1330 2067 1396 1142 2071 1146 1948 2047
2 7 4 4 25 193 2 169 1638 1 169 20 6
2087 2031 1330 2099 1396 1142 2072 1146 2095
1 38 202 1 362 1436 90 362 10
2145 2148 2117 2151 2152 2031 2136 1330 1396 1142 2072 1146 2139 2106
16 3 26 3 2 79 20 162 488 1350 39 488 57 150
2182 2189 2192 2193 1330 1396 1142 2168 1146 2106
6 1 4 1 122 571 1307 24 571 163
2240 1330 1396 2197 1142 1146 2106 2238
2 23 433 15 1544 433 270 2
2230 2216 2220 2222 2225 2226 1396 1142 2199 2228 2106 1146
8 8 17 6 2 5 327 1673 87 5 255 327
2272 2249 2220 2254 2237 2228 1142 1396 1146 2267 2106 2271
1 4 102 9 5 96 1581 419 419 5 323 5
2308 2316 2220 2317 2318 2237 2320 2290 1396 1142 2228 2106 2319 1146
8 8 141 1 2 84 1 105 380 1620 72 259 1 380
2363 2358 2343 2344 2359 2220 2318 2237 2355 2228 2325 1142 2329 1396 1146 2351 2364 2106 2357
1 4 19 3 2 157 51 72 3 194 40 1594 15 406 406 10 1 239 10
2410 2412 2362 2411 2220 2413 2318 2106 1396 2325 1142 2329 1146 2363 2394 2237
6 2 21 2 34 4 57 64 785 93 1215 90 785 25 23 39
2465 2466 2467 2470 2471 2441 2318 1396 2325 1142 2456 2329 2106 1146 2463
3 21 2 1 1 23 16 844 112 1156 4 161 24 844 11
2441 2318 2482 1396 2325 1142 2487 2488 2329 1146 2463
95 27 27 1029 7 971 4 4 49 1029 69
2496 2497 2498 2506 2507 1396 1142 2488 2329 1146
22 95 4 1 1 1499 501 201 130 1499
2496 2561 2563 2564 2535 2536 2569 2570 2508 2568 2497 2547 1396 1142 2488 2329 1146
70 11 6 3 34 65 6 2 91 1 27 8 1576 424 83 232 1576
2496 2593 2627 2628 2497 2536 2508 2604 1396 1142 2624 2329 1146 2620 2618 2622 2623
182 58 3 2 29 59 97 24 1331 669 6 334 1331 8 19 5 6
2496 2497 2688 2682 2536 2665 2508 2678 1396 2677 1142 2329 2644 1146 2684 2685 2686 2687
388 72 1 9 7 3 97 9 1427 17 573 21 11 1427 7 2 1 2
2496 2508 2735 2739 1396 1142 2743 2744 1146
248 162 1 4 1607 393 2 6 1607
2496 2754 1142 2769 2792 2796 2508 2766 2801 1396 2798 2774 1146 2778
333 16 497 21 5 1 266 14 2 1503 1 22 1503 3
2496 2855 2856 2858 2859 2508 2861 2863 2834 2835 1396 1142 1146
103 4 9 1 1 174 2 6 30 12 1680 320 1680
2496 2880 2902 2886 2856 2508 2898 1396 2869 1142 2903 1146
20 1 3 26 33 103 4 1932 32 68 2 1932
2946 2954 2955 2508 1396 2869 1142 2937 1146
18 2 1 124 1903 67 97 2 1903
2978 2983 2985 2508 1396 1142 1146
22 2 1 138 1985 15 1985
3008 3009 2978 3045 3046 3047 2985 2508 1396 3028 1146 3035 3004 3037
27 2 66 2 2 1 71 218 2000 18 2000 10 8 8
2978 2985 2508 3084 3058 1396 1146 3101 3102
81 69 81 18 11 2000 2000 2 1
3138 3143 3144 3146 3147 3148 3149 3121 3123 1396 1146 3130
68 8 3 4 6 1 1 31 4 2000 2000 8
3138 3176 3197 3181 3183 3186 1396 3190 3193 3162 3196 1146
105 1 1 5 11 6 2000 8 12 38 6 2000
3138 3254 3243 3212 3181 3219 1396 3222 3257 3256 3252 1146 3258
38 13 41 47 26 11 2000 12 1 3 14 2000 2
3138 3270 3243 3181 1396 1146 3294
40 29 14 40 2000 2000 13
3270 3138 3333 3334 3340 3181 1396 3319 1146
306 2 2 34 7 2 2000 21 2000
3334 3270 3369 3370 3344 1396 3381 3382 3319 3353 1146 3355
77 339 17 18 15 2000 6 1 8 42 2000 28
3451 3334 3270 3432 3369 3370 3447 3437 3344 3409 3443 1396 3434 3433 3353 1146 3355 3402 3423
1 121 263 3 48 74 1 2 15 19 1 2000 21 9 12 2000 88 10 31
3334 3270 3369 3402 3468 3471 3472 1396 1146 3370
165 193 32 25 44 8 1 2000 2000 3
3520 3522 3270 3334 3527 3526 3369 3525 3468 3507 1396 1146 3484 3482 3518 3519
7 7 160 27 2 1 69 1 128 25 2000 2000 3 30 1 2
3556 3590 3270 3569 3564 3468 3537 1396 3580 1146 3532 3482 3582
2 2 33 5 17 171 53 2000 1 2000 6 55 2
3653 3624 3592 3468 3564 3633 3634 1396 1146 3482
1 29 59 54 11 19 13 2000 2000 80
3674 3592 3666 3468 3661 3677 3634 3667 1396 3669 1146 3643 3482 3678
8 11 4 18 34 5 85 7 2000 19 2000 203 344 2
3712 3692 3721 3722 3723 3724 3698 3696 3697 3634 1396 1146 3643 3482
34 8 5 2 1 2 7 9 4 67 2000 2000 389 454
3728 3738 3482 3743 3745 3749 3755 3756 3634 3771 3776 3777 3780 3781 3784 3785 3786 3787 3643 3698 1396 1146
108 20 559 27 51 19 37 7 92 21 2 9 1 1 2 4 2 1 125 29 2000 2000
3808 3745 3738 3814 3755 3820 3698 3728 3825 3634 1396 3826 1146 3643 3804 3482 3743
54 181 8 2 55 2 11 76 1 219 2000 1 2000 77 38 368 33
3745 3874 3876 3728 3856 3634 1396 1146 3643 3482 3743
548 3 10 19 11 339 2000 2000 9 349 12
3745 3905 3915 3885 3919 3920 3634 3923 1396 3894 1146 3922 3482 3903
643 6 9 31 3 3 349 1 2000 21 2000 4 169 11
3936 3745 3971 3972 3969 3949 3965 3634 1396 3960 1146 3482
6 884 2 13 1 17 5 202 2000 2 2000 224
3745 4002 4001 3977 3997 3634 1396 1146 3995 3482 3998
826 1 1 129 1 237 2000 2000 1 218 1
4064 3745 4068 4069 4070 3977 4074 4061 3634 1396 4073 1146 3482 4063
2 1174 2 1 1 223 1 4 146 2000 1 2000 95 12
3745 4130 4099 4129 3977 4125 3634 4131 1396 1146 3482 4122
973 1 26 5 167 3 287 2 2000 2000 152 4
4160 3745 4165 3977 4140 4173 4174 4175 3634 1396 1146 3482
1 1284 3 264 2 3 1 1 490 2000 2000 99
3745 4244 3977 4247 4242 4206 4221 4240 3634 1396 4237 4233 4217 1146 4218 3482
1276 4 214 2 10 68 7 3 570 2000 14 13 4 2000 40 101
3745 4264 3977 4267 4268 4269 3634 1396 1146 3482
1065 90 321 13 2 2 862 2000 2000 69
4288 3745 4290 4267 4308 4295 4264 3977 4289 4299 4306 3634 4307 1396 4309 4281 1146 3482
36 864 6 14 2 5 212 553 33 11 8 1097 5 2000 2 38 2000 39
4352 4355 4358 4359 3977 3482 3745 4264 4267 3634 4281 4288 4325 4326 4335 4336 1396 4345 1146 4347 4348 4351
9 3 3 2 649 7 1056 143 24 937 133 17 16 14 9 16 2000 9 2000 44 3 2
3745 4326 4404 4264 3977 4267 4336 3634 1396 4407 4281 1146 4347 4377 4409
1206 17 6 140 614 55 48 794 2000 22 195 2000 131 1 2
3745 4443 3977 4267 4434 4429 3634 4435 1396 4437 4439 4440 4281 1146 4347 4444 4442
1373 3 764 175 35 3 627 3 2000 5 4 5 288 2000 54 3 7
3745 4483 4484 4454 4488 3977 4267 4493 4496 3634 1396 4281 1146 4347
1598 31 1 7 6 1191 53 1 1 402 2000 83 2000 7
3745 4545 4552 3977 4267 4556 4527 3634 1396 4553 4281 1146 4347 4543
1539 18 7 1038 173 5 3 461 2000 14 119 2000 58 1
3745 4612 4613 4614 4545 4615 3977 4267 3634 1396 4281 1146 4604 4605
1608 12 1 3 17 6 1258 218 392 2000 34 2000 11 31
3745 4644 4545 4615 3977 4267 4653 4656 4657 3634 4659 1396 4662 4664 4628 1146 4636 4605
1667 62 81 59 1422 194 17 21 7 333 6 2000 2 11 32 2000 77 94
3745 4644 4678 4545 3977 4267 4653 4686 4656 4689 3634 1396 4692 4628 1146 4636 4605 4698 4693
1871 34 25 138 1340 34 9 4 288 14 129 2000 13 46 2000 15 46 5 4
3745 4644 4678 4743 4545 3977 4267 4748 4749 4750 4733 4656 3634 1396 4752 4628 1146 4751 4636 4605
1919 40 2 5 111 1453 40 14 1 5 7 183 81 2000 1 7 2000 2 124 7
