22 47 49 50 52 54
30 4 3 4 2 1
96 97 67 79 84 56 58 93
5 1 17 12 11 50 16 10
144 134 135 137 106 79 112 145 146 147 148 121 143
2 16 12 5 15 28 17 3 5 1 2 8 2
192 197 134 167 200 199 146 180 183 153 187 189 190 191
1 1 45 23 2 1 35 37 7 87 9 18 18 1
230 215 134 199 167 221 244 249 153 253 190
12 20 24 27 40 23 40 13 318 12 38
299 292 134 294 295 297 298 199 300 269 153 190
1 2 19 4 1 1 2 52 3 20 140 16
328 153 333 334
23 70 2 1
352 355 328 360 153 376 377
39 20 9 1 6 14 4
416 417 387 397 376 415
3 2 81 6 262 1
423 426 435 376 442 445
16 35 10 386 1 1
482 462 464 497 498 376 474
28 59 16 3 2 301 57
516 462 527 464 529 530 531 376 474 508
51 15 4 15 6 1 1 97 8 44
539 580 583 586 588 462 591 464 590 376 570 571 508 573
35 3 4 3 4 117 1 117 1 74 12 56 33 6
608 582 462 464 376 601 607 575
1 21 89 89 169 4 2 33
582 462 464 664 629 662 376 665
66 200 200 1 48 1 281 1
706 708 710 582 711 712 713 462 464 692 376 699 702 703
15 1 3 67 1 2 3 59 59 13 606 11 1 2
769 770 771 742 713 376 699 702
3 5 2 6 41 821 166 51
805 824 820 823 376 699
23 1 2 8 819 265
864 859 805 870 871 872 867 874 843 876 851 376 858 699 861
1 1 16 12 6 8 3 3 31 3 5 360 53 491 16
805 945 883 843 910 920 946 851 948 376 858 699 892 947
44 4 10 6 13 7 14 98 3 338 135 366 44 1
1005 1004 973 1006 975 1009 851 981 982 376 858 699
11 10 89 10 39 1 25 19 64 391 218 202
1025 1051 1004 973 1006 975 1042 851 1012 1054 1044 376 1049 858 699 1050 1037 1055
14 2 22 244 31 4 2 33 1 1 1 527 2 307 143 1 15 2
1025 1093 1096 1066 1004 973 1037 851 1098 1078 376 1049 858 1085
25 14 2 49 49 253 69 25 4 6 562 45 360 7
1152 1153 1122 1123 1093 1159 1160 1164 1131 1037 973 1165 1161 1128 1108 1142 1111 376 858 1148 1146
7 1 8 7 71 1 5 1 87 2 381 3 1 2 13 50 64 740 452 31 19
1217 1111 1131 973 1213 1204 1175 376 858 1146 1214 1215
1 7 250 392 1 13 29 584 392 188 1 2
1249 1250 1251 1252 1253 1223 1224 1225 1131 973 1175 376 858 1146 1246
9 2 1 1 1 10 215 10 468 433 37 684 433 302 10
1249 1323 1317 1318 1224 1322 1131 1324 973 1325 1297 1301 1175 376 1305 858 1146
42 8 1 1 85 4 419 1 198 1 27 41 15 770 19 198 119
1323 1224 1131 1356 973 1357 1363 1364 1365 1334 376 858 1146 1342
106 291 258 11 397 38 11 1 2 16 845 397 329 2
1409 1131 1412 1413 1224 1323 973 1405 1411 1364 1334 376 858 1391 1146
4 338 4 1 622 153 709 39 2 26 31 568 709 20 622
1472 1323 1412 1224 1417 1131 1461 973 1391 1424 1464 1459 1471 1405 376 1469 858 1467 1468 1146 1439
1 262 79 794 111 234 2 953 28 22 8 6 1 52 535 2 953 2 6 794 22
1474 1323 1412 1224 1417 1131 1516 973 1517 1405 1512 1515 1494 376 1146 1487 858 1471
85 351 213 313 414 476 1 326 1 59 17 8 30 1021 313 13 326 85
1506 1131 1412 1224 1417 1323 1516 973 1518 1405 376 858 1146 1515
73 309 187 230 295 649 3 230 3 14 1435 230 230 3
1532 1506 1515 1541 1224 1417 1323 1516 973 1565 1553 1562 1131 1559 376 858 1563 1564 1146 1566
22 63 363 24 474 231 863 99 474 1 11 2 231 12 1295 474 2 1 474 1
1323 1224 1417 1559 1515 1516 973 1584 1592 1586 1131 1587 1589 1594 1577 376 1593 858 1596 1146 1567
661 504 390 15 379 25 504 11 2 10 390 2 4 3 7 1106 14 504 1 504 160
1633 1131 1607 1224 1417 1323 858 973 1584 376 1146 1515 1630 1567
2 505 6 228 505 614 228 228 69 1267 228 180 6 112
1666 1323 1670 1224 1417 1515 973 1584 1131 1667 376 858 1146 1662 1567
15 587 8 281 517 197 281 6 517 6 1202 281 281 7 62
1728 1730 1323 1675 1723 1224 1417 1131 973 1725 1731 1718 1719 376 858 1567 1146 1694 1515
1 5 449 38 22 277 723 723 277 6 1 2 12 1000 277 25 277 66 263
1794 1131 1675 1798 1799 1224 1417 1515 973 1694 376 1323 858 1723 1788 1146 1790
31 1056 121 3 2 233 1056 233 233 11 711 251 233 32 30 233 24
1856 1857 1826 1675 1860 1861 1799 1224 1417 1131 973 1837 1809 1811 1846 376 1323 858 1146 1854 1515
8 1 19 89 17 3 25 15 1258 1258 15 6 80 9 1 727 237 15 15 3 15
1826 1323 1675 1925 1873 1417 1131 1901 1904 1809 1875 1897 376 1924 1914 1919
63 395 192 2 12 1236 1236 64 6 214 3 23 764 6 14 2
1826 1323 1675 1990 1809 1992 1417 1131 1967 1873 1944 1976 1897 376 1980
35 299 65 3 144 1 1125 1125 51 68 46 17 50 875 47
1323 1675 1873 1417 1131 2027 1809 1944 1976 2057 2040 1897 376 2063 1980 2046
373 108 70 1407 1407 20 286 137 52 8 14 22 593 18 109 31
1323 2065 1809 1417 1131 1897 2094 2027 2096 1944 2098 2099 2101 1675 2089 376 2095 1980 2046
403 20 315 1406 1406 14 21 98 8 191 4 2 1 30 34 594 1 64 35
1323 2118 2129 1417 1131 2124 2027 1809 1944 2134 2135 376 2137 1980
745 33 13 1170 1170 2 95 366 85 8 7 830 1 343
1323 2129 1417 1131 2162 2173 2027 1809 1944 2167 376 2172 1980 2141 2174 2175
1103 107 744 744 2 4 157 217 153 7 1256 14 268 32 2 1
2209 1323 2212 2182 2129 2216 1417 1131 2188 2027 1809 1944 2215 2167 376 2217 1980 2141 2206
5 1403 4 18 233 10 498 498 18 133 154 99 4 52 1502 3 222 108 5
2241 1131 1809 1417 1323 2286 2027 2288 2129 1944 2262 2283 376 1980 2141 2206 2271
17 326 49 326 1671 1 38 2 212 3 49 17 1674 210 220 4 20
1131 1809 2331 1417 1323 2332 2027 2129 2262 2327 376 2315 1980 2141 2328
216 56 2 216 1784 2 56 293 110 5 1784 5 152 200 1
1323 2390 1809 1417 1131 2027 2129 2262 2327 376 1980 2141 2360
1757 1 22 243 243 22 446 30 131 1757 221 151 2
1131 2129 1417 1323 2027 1809 2262 2327 376 2361 1980 2141 2366 2367
401 303 401 1599 151 151 65 159 1599 65 250 278 1 2
1131 2404 2406 1417 2378 1323 2413 2414 2129 2387 2410 2262 2327 376 2361 2379 2411 1980 2141 2409
169 37 10 169 9 1831 13 4 193 34 3 192 70 1831 42 1 2 169 380 4
1131 2406 2439 1417 1323 2444 2443 2129 2387 2420 2262 2327 376 2452 2447 1980 2141 2409
63 58 28 63 1937 4 15 305 26 91 169 77 1937 10 5 63 569 33
1131 2468 2454 2406 2439 1417 1323 2444 2508 2129 2420 2262 2505 376 2458 1980 2141 2507
38 8 3 137 10 38 1962 137 2 475 40 146 2 1962 38 38 667 9
2563 2439 2568 2569 2444 2573 2575 2576 2577 2578 2567 1323 2512 2129 2262 2141 2527 2528 2529 2406 2543 2551 376 2554
35 21 5 2 369 2 2 2 2 2 9 2000 128 687 46 759 26 11 39 369 21 2 2000 10
2603 2596 2598 2406 2601 1323 2444 2605 2589 2512 2129 376 2607 2141 2604 2527
6 33 5 389 6 2000 389 3 12 151 719 2000 2 993 7 109
2596 2406 2616 1323 2444 2512 2129 2612 2613 2614 376 2617 2619 2620 2141 2527
24 276 1 2000 276 223 1311 3 13 3 2000 1 1 1 626 593
2690 2659 2596 2629 2406 2631 2665 1323 2444 2512 2129 2691 2681 376 2649 2687 2141 2686 2527
1 6 32 22 88 21 5 2000 88 188 1231 2 3 2000 56 1 650 1 460
2721 2723 2596 2725 2406 2695 1323 2444 2629 2512 2129 376 2649 2141 2527
10 4 1 1 60 64 2000 60 1 370 1206 2000 195 772 270
2753 2747 2757 2790 2695 1323 2512 2129 2773 2789 2782 376 2649 2769 2751 2141 2783 2527
24 1 55 1 60 2000 190 1106 4 5 11 2000 51 16 57 894 6 247
2753 2795 2789 2769 1323 2512 2129 2802 2805 2807 376 2809 2810 2811 2141 2782 2527
172 3 12 9 2000 87 684 83 4 4 2000 7 1 7 1316 154 97
2753 2843 2853 2855 2856 2858 1323 2860 2830 2845 2512 2129 2802 376 2809 2769 2811 2141 2527
41 13 7 6 3 1 2000 2 13 27 83 321 259 2000 110 7 46 1679 25
2753 2928 2921 1323 2926 2512 2129 2802 376 2809 2811 2141 2878
51 1 18 2000 1 42 289 17 2000 159 77 1711 8
2753 2971 2961 2968 2921 2972 1323 2512 2129 2802 2974 376 2809 2970 2811 2940 2141 2878
7 1 8 11 36 4 2000 13 302 120 1 2000 76 2 174 9 1698 78
3041 3035 2993 1323 3019 2512 2129 2802 2996 3038 3031 376 2809 3034 2811 2141 2974
3 5 1 2000 6 80 517 198 37 1 2 2000 63 16 165 1483 24
3074 3092 3076 3099 3079 1323 3101 3087 2512 2129 2802 2996 376 2809 3098 2811 2141 3102
10 2 8 3 18 2000 1 8 121 779 249 56 2000 99 1 238 1221 3
3105 3074 3109 3121 1323 2512 2129 2802 2996 3126 376 2809 3130 2811 2141
6 237 1 9 2000 108 792 142 41 2 2000 57 3 331 1208
3168 3169 3074 3172 3174 3176 1323 2512 2129 2802 2809 376 3161 3159 2811 2141 3166
5 2 206 8 8 1 2000 174 875 64 72 2000 37 3 302 1125 7
3074 3207 3208 1323 3180 3215 2512 2129 3217 3161 376 2809 3224 2811 3223 2141
102 1 4 2000 56 1 504 1095 2 7 2000 434 2 119 1 905
3074 3208 3232 3233 3242 1323 2141 3261 3269 2512 2129 3283 3287 3289 3290 3291 3292 3293 3281 3180 376 2809 2811
58 4 12 15 46 2000 1106 38 2 281 894 3 4 12 1 2 1 1 46 64 2000 763 58
3312 3074 3301 3281 3336 3242 1323 3180 3344 3261 2512 2129 3311 3350 3351 376 2809 2811 2141 3333
17 104 24 14 16 14 2000 148 2 124 267 603 14 2 7 2000 840 104 1397 7
3392 3393 3074 3396 3398 3399 3400 3372 1323 3180 3261 2512 2129 3375 376 2809 2811 3388 2141 3352
2 10 84 3 1 1 1 22 2000 116 190 436 965 39 2000 610 84 1 1035 138
3074 3439 3396 3430 3434 1323 3426 3438 3261 2512 2129 3411 3422 376 2809 2811 2141 3352
308 2 20 9 4 2000 86 7 5 463 915 15 6 2000 561 308 1085 295
3488 3489 3074 3459 3411 1323 3453 2512 2129 3475 3422 376 2809 3482 2811 2141 3352 3487
4 13 306 37 28 2000 60 800 1282 4 52 2000 412 4 306 718 241 2
3530 3074 3491 3537 3528 3499 1323 3535 2512 2129 3515 3422 376 2809 3514 2811 2141 3352
1 218 50 1 11 38 2000 4 542 1450 15 23 2000 332 2 218 550 407
3552 3582 3074 3491 3575 1323 3581 2512 2129 3538 3555 3573 3542 3577 376 2809 3549 2811 2141 3352
4 17 145 65 27 2000 28 498 1660 64 7 23 5 21 2000 195 10 145 340 640
3074 3593 3600 3607 3352 3618 3491 3622 3624 3626 1323 3628 2512 2129 3538 2141 3573 3575 376 2809 2811 3582
214 18 52 17 562 15 369 38 4 5 2000 2 583 1556 69 444 110 52 2000 230 214 154
3074 3600 3607 3352 3491 1323 3647 3657 2512 2129 3538 3669 3670 3674 2141 3664 3573 3575 376 2809 2811 3582
198 78 74 979 109 2000 65 17 510 1752 6 15 1 1 248 6 180 142 2000 50 198 464
3616 3600 3074 3491 3620 3607 1323 3618 2512 2129 3573 3575 376 2809 3352 2811 2141 3582
6 95 22 325 2 15 2000 3 450 1958 96 471 2000 20 991 22 42 309
3582 3491 3654 3625 1323 3662 2512 2129 3667 3573 3600 3575 376 2809 3644 2141 3352
438 204 14 77 2000 4 670 1910 3 124 19 153 2000 90 15 90 734
3680 3600 3682 3715 3654 3672 3625 1323 3714 2512 2129 3710 3575 376 2809 3352 3708 2141 3582 3573
20 92 17 1 11 19 143 2000 2 561 1985 11 132 2000 15 1289 12 15 929 136
3680 3738 3718 3729 3672 3625 3722 1323 3737 2512 2129 3573 3734 3575 376 2809 3352 3740 2141 3582 3733
11 4 88 2 4 142 14 2000 2 391 1886 109 2 49 2000 114 1468 2 114 1310 3
3776 3777 3754 3718 3745 3625 3775 1323 3756 3773 2512 2129 3774 376 2809 3352 3768 3772 2141 3582 3573
1 1 3 89 4 67 2 2000 6 9 788 1984 6 2000 16 1196 5 4 16 1142 54
3806 3810 3811 3812 3718 3625 1323 2512 2129 3582 376 3773 3352 3807
1 12 5 4 45 218 2000 890 2000 1110 2000 44 1110 3
3856 3718 3625 1323 3853 3855 2512 2129 3859 3862 3863 376 3352 3773 3582 3807
5 52 243 2000 2 6 754 2000 3 3 2 2000 1246 28 1246 50
3888 3878 3879 3625 1323 2512 2129 3891 376 3897 3352 3582 3807
27 10 6 56 2000 512 2000 2 2000 4 1488 1488 22
3888 3938 3942 3945 3946 1323 2512 2129 376 3929 3352 3933 3582 3935
16 1 5 7 2 2000 248 2000 2000 13 1752 8 1752 1
4011 4005 4017 4010 1323 3986 2512 2129 3992 4019 4020 376 3352 3582 4018
13 4 12 2 2000 4 33 2000 31 2 1 2000 1967 1967 1
4088 4011 4037 4071 1323 4077 4045 2129 3992 4067 4056 4085 376 3352 4027 3582
1 7 2 9 2000 3 2 2000 23 1 6 7 2000 2000 2 2000
4107 4132 4133 4134 1323 4011 2129 376 3352 4091 3582
40 11 2 3 2000 24 2000 2000 2000 60 2000
1323 4133 4177 4169 4107 4011 4175 2129 4171 4163 376 3352 4091 3582
2000 18 5 2 227 54 4 2000 2 15 2000 2000 88 2000
4193 4194 1323 4177 4199 4201 4107 2129 376 3352 4091 3582
4 1 2000 18 2 2 128 2000 2000 2000 250 2000
4107 1323 4108 4110 4112 2129 4114 4115 3582 376 4091 3352
21 2000 22 9 3 2000 2 1 2000 2000 398 2000
4128 4139 4132 4137 1323 2129 4131 4116 3582 376 4091 4124 3352
5 6 1 9 2000 2000 6 3 2000 2000 355 12 2000
4131 4167 4199 1323 4174 2129 4183 376 4152 3352 4091 3582 4191
8 5 1 2000 15 2000 4 2000 18 2000 202 2000 15
4245 4131 4248 4233 1323 4174 2129 4242 4227 4212 4213 376 4238 3352 4091 3582 4191
1 4 1 43 2000 25 2000 3 16 82 70 2000 9 2000 125 2000 25
4257 4258 4251 4260 4261 4233 1323 2129 4242 4254 376 3352 4091 4253 3582
1 2 22 1 1 43 2000 2000 10 21 2000 2000 103 2 2000
4289 4251 4337 4264 4233 1323 4333 2129 4338 4339 3582 4343 376 4345 4346 4091 4316 4344 3352 4277
77 39 3 62 106 2000 7 2000 3 1 2000 15 2000 1 1 41 2 5 2000 5
4424 4289 3352 4423 4264 4233 1323 2129 4251 376 4410 4376 4413 3582
1 127 2000 1 32 308 2000 2000 79 2000 21 99 2 2000
4448 4289 4251 4443 4264 4233 1323 4461 4465 4464 2129 4446 376 3352 4376 4442 4410 3582
15 142 75 19 17 415 2000 15 6 7 2000 20 2000 2000 70 6 17 2000
