37 43 45 46 47 19 30
3 5 1 3 2 3 19
83 43 81 19 87 88 89 90 59 92 30
32 5 45 75 7 9 1 3 3 3 16
83 135 104 141 143 81 19 118 90
6 36 29 10 3 251 251 9 71
83 81 19 118 121 90 123 125 126 127
11 78 78 3 23 13 5 4 2 2
81 19 142 143
76 76 82 1
193 195 196 172 142 175 188 189 190
1 2 3 10 51 23 4 4 1
269 233 266 205 270 271 272 273 274 244 249 250
1 37 2 17 7 4 1 1 1 10 21 6
321 324 325 233 205 297 280 249 319
4 6 1 193 133 5 68 247 2
384 389 233 394 364 205 366 399 402 403 374 393 280 249 397
18 5 329 5 84 127 60 2 4 1 7 2 28 42 3
421 233 426 364 366 431 436 437 280 249 428
13 316 3 82 88 8 1 1 60 202 10
454 233 461 366 431 473 280 249 474 476 477 478 479
19 147 3 182 82 9 82 217 22 2 9 4 1
233 366 431 432 280 440 249 442
113 222 39 8 39 3 501 1
233 490 495 498 249 474 476
95 25 8 1 349 32 2
569 490 556 561 532 565 566 567 249 570 571 538 542
1 49 1 5 28 24 9 19 823 14 3 13 4
610 614 615 616 585 618 567 620 589 621 532 599 249 538 601
31 2 1 4 123 2 18 4 21 1 90 8 557 100 1
673 674 675 677 665 681 610 656 660 532 567 249 538 669
14 13 4 12 27 2 104 49 59 194 18 278 237 6
610 713 714 715 722 718 719 656 660 723 532 725 728 249 538 732
128 3 16 10 2 19 29 29 28 13 83 26 1 135 218 2
610 803 804 775 802 791 738 781 656 532 790 249 761 538 795 762 798
24 1 4 4 1 1 31 11 24 21 20 180 73 99 2 1 6
865 738 867 868 869 870 610 656 532 761 249 538 859 861 798
3 37 2 2 1 2 76 76 64 46 139 33 6 14 76
929 738 899 932 933 935 936 937 938 939 908 610 910 656 931 249 761 538 861 798 930
7 128 4 7 5 3 3 1 1 2 14 15 17 15 8 83 11 63 22 15 8
738 931 933 908 974 977 978 980 981 982 984 249 538 861
102 1 8 9 29 11 9 6 2 1 1 108 36 1
992 738 1027 1028 1032 249 538 1021 1023
5 152 3 7 4 9 104 23 3
738 1066 1058 1050 1043 1081 538 1082
330 19 29 15 19 2 128 3
738 1125 1126 1066 1133 1135 1136 1138 1043 1140 1141 1142 1111 1144 1145 538 1130
357 22 36 72 3 1 6 1 82 1 9 3 17 1 2 80 16
738 1126 1191 1130 1196 1199 1201 1145 538
343 117 7 11 10 1 1 24 11
738 1252 1126 1196 1261 1263 1264 1267 1207 1240 1244 1215
284 16 95 11 4 5 3 1 68 17 11 38
738 1126 1287 1303 1292 1265 1298 1269 1207 1244 1310
71 111 78 30 17 34 21 21 108 20 3
738 1126 1287 1320 1322 1323 1292 1327 1265 1303 1305 1308 1207
5 256 192 3 13 8 93 14 86 38 80 38 70
1126 1350 1287 1340 1355 1292 1357 1358 1265 1303 1356 1305 1308 1341
43 11 214 3 9 33 3 4 263 79 4 263 4 2
1408 1381 1126 1287 1265 1397 1303 1400 1305 1404 1405
1 14 73 111 247 11 36 21 247 1 3
1479 1448 1476 1381 1126 1287 1480 1478 1447 1265 1461 1303 1305 1467
4 9 1 10 117 20 2 1 114 266 24 158 266 7
1126 1511 1447 1518 1519 1488 1265 1490 1303 1305
68 48 20 1 4 4 113 19 100 113
1569 1572 1126 1447 1545 1511 1521 1555 1303
2 3 34 314 100 14 78 31 122
1569 1602 1447 1624 1623 1582 1521 1619 1555 1614 1303 1592
61 19 361 1 7 28 14 5 169 1 158 20
1665 1666 1641 1447 1640 1673 1639 1676 1677 1678 1681 1682 1555 1683 1303 1669
2 8 25 293 17 19 19 1 3 5 4 3 20 2 344 18
1728 1729 1669 1734 1447 1736 1737 1740 1555 1303 1725
33 16 99 3 120 7 1 2 120 157 1
1761 1762 1669 1447 1555 1303 1758
7 9 285 217 29 47 30
1795 1669 1447 1804 1807 1808 1555 1787
7 210 29 4 6 3 61 39
1826 1795 1669 1831 1447 1807 1840 1814 1846 1847 1848 1821
86 18 151 33 257 25 10 13 10 15 5 19
1888 1840 1826 1669 1447 1864 1890 1872 1876 1877 1847 1889
1 45 5 222 244 10 1 19 7 15 33 7
1936 1923 1669 1447 1929 1943 1903 1872 1907 1876 1847 1944 1945 1947 1948
53 32 275 108 25 11 37 190 14 113 48 4 3 3 1
1956 1669 1958 1447 1903 1872 1876 1847 1977 1978 1948
40 302 10 150 84 47 5 253 1 1 5
2020 1669 1447 1998 2030 1847 2014 2021
13 355 476 10 6 251 10 5
2020 2053 2087 2088 1447 2092 1847 2084 2076 1669
16 35 7 4 182 2 457 3 29 456
1669 1447 2121 2122 2123 2125 2101 1847
531 214 6 1 7 1 33 248
2176 2177 2178 1669 1447 2164 2101 1847 2171 2172 2174
2 3 1 675 224 18 52 14 2 3 5
1669 2214 1447 2221 2224 2225 2164 2206
590 12 357 6 5 1 71 111
2283 1669 2278 1447 2247 2284 2288 2164 2206
16 528 25 211 22 2 3 144 326
1669 1447 2315 2318 2321 2164 2334 2331 2333 2206
161 68 24 26 6 118 1 3 3 258
1669 2342 1447 2377 2378 2321 2164 2206 2335
11 180 277 46 3 22 203 97 23
2432 2438 2435 2436 1669 2342 1447 2377 2412 2321 2164 2421 2428 2206 2437
3 1 1 1 157 55 118 93 33 42 167 22 7 57 3
2443 1669 2342 1447 2377 2442 2471 2412 2478 2480 2164 2421 2484 2485
5 142 115 115 169 9 11 24 3 1 169 47 2 4
2529 2539 1669 2342 2471 2377 1447 2412 2511 2544 2534 2545 2164 2421 2540 2549
16 15 190 44 35 105 44 191 15 7 14 1 105 41 9 3
2561 2563 2342 2534 1447 2377 2602 2412 2605 2529 2164 2421 2552 2553 2555 2589 1669
69 15 54 22 54 124 9 2 5 15 124 97 20 14 10 9 70
2561 2563 1669 2657 2377 2164 2421 2617 2552 2612 2650 2555 2621 2655
125 2 72 8 91 91 132 10 220 54 18 72 40 2
2720 2561 1669 2377 2719 2717 2705 2164 2421 2710 2679 2552 2713 2718 2555 2716 2621 2686 2687
1 29 36 28 1 10 4 28 29 4 6 16 6 1 36 4 31 29 3
2752 2561 2764 2377 2732 2765 2766 2735 2164 2421 2743 2552 2767 2748 2621 2686
4 32 2 100 39 7 3 34 100 32 23 15 2 11 248 2
2816 2817 2818 2787 2820 2377 2732 2797 2735 2813 2819 2164 2767 2621 2815
4 3 4 23 1 156 27 1 23 6 1 156 12 35 25
2883 2884 2885 2886 2824 2858 2861 2877 2869 2872 2873 2874 2879 2876 2621 2846 2815
1 4 1 2 27 4 21 2 4 1 3 3 2 10 69 38 144
2925 2938 2940 2621 2846 2815
21 5 6 21 175 110
2980 2982 2984 2985 2925 2938 2815 2621 2943
1 12 3 1 87 132 125 87 32
3041 3012 3046 3047 3016 3049 3050 2925 3022 2621 2938 2943 3034 2815
6 50 2 1 75 1 1 65 31 65 22 82 11 14
3075 3012 3077 3016 3081 3082 3083 3084 2925 3085 3034 3080 2938 2621 3070 2943
13 13 13 30 5 3 3 2 69 2 25 2 23 69 50 170
3107 3110 3111 3125 3116 2925 3087 3120 3122 3123 3124 3093 2938 3100 2621 2943
5 3 2 2 3 172 81 1 2 1 4 106 6 7 172 116
3136 3138 3146 2925 3087 3153 3093 3160 3161 2938 3163 3164 2621 2943
47 4 55 118 13 8 273 4 4 31 2 1 118 331
3136 3172 3175 3146 2925 3156 3093 2938 2943 2621 3167
155 2 1 15 15 5 485 4 222 15 21
3136 3201 2943 3207 3209 3211 3187 3093 3195 3199
23 4 264 1 3 1 7 614 49 16
3264 3259 3235 3285 3266 3277 3278 3281 3282 3251 3284 3093 3256 3195 2943
11 6 91 1 1 26 12 9 3 34 5 836 45 293 529
3297 3259 3235 3332 3333 3334 3331 3337 3307 3277 3314 3251 3093 3195 2943
28 42 89 3 7 1 2 1 107 303 3 54 743 151 637
3393 3195 3396 3251 3398 3400 3401 3338 3307 3277 3373 3235 3093 3395 3259 2943
4 189 5 30 6 2 3 49 52 284 33 159 842 7 43 469
3424 3425 3235 3338 3403 3373 3277 3195 3412 3093 3423 3420 3421 2943
2 2 3 9 118 60 633 1 42 1255 1 6 10 258
3338 3403 3373 3277 3412 3093 3416 2943
136 25 214 826 8 1299 5 149
3464 3465 3338 3277 3373 3093 3437 3466 2943
17 6 18 808 48 1631 52 3 19
3526 3527 3529 3498 3437 3277 3093
2 4 2 40 81 919 1606
3553 3558 3560 3561 3562 3533 3437 3277 3093
9 1 3 1 1 45 126 968 1576
3587 3533 3598 3599 3600 3277 3093 3437 3580
28 85 3 14 2 1261 1665 28 5
3533 3277 3632 3633 3637 3437 3093
169 1503 3 14 3 9 1807
3649 3533 3277 3632 3633 3093 3643 3645
2 49 1802 106 16 1895 2 2
3680 3632 3697 3277 3695 3696 3665 3093 3676
3 223 3 1786 3 7 102 1899 28
3744 3746 3716 3750 3751 3752 3755 3724 3277 3632 3665 3762 3093 3761
15 1 28 14 10 10 13 10 1687 193 44 3 1870 1
3792 3750 3277 3632 3665 3794 3795 3796 3093 3770
3 3 1899 180 41 11 3 1 1964 101
3841 3843 3844 3847 3849 3850 3277 3632 3665 3794 3093 3832 3770 3834
10 8 2 4 2 1 1902 305 62 97 1928 12 90 18
3843 3901 3880 3277 3887 3632 3665 3093 3896 3898 3899 3900 3770
52 1 1 1794 25 108 136 1794 6 4 2 6 10
3843 3955 3277 3951 3632 3665 3954 3923 3956 3093 3887 3933 3957
39 1 1746 2 81 303 5 5 1 1746 2 15 1
3843 4011 3277 4015 3632 3665 4018 4019 3093 4022 3991 4028 3933 4021
37 26 1843 7 39 323 2 13 1843 2 24 1 140 4
4064 4073 4074 4076 3277 4078 3665 3093 3991 3933
9 2 1 2 1811 1 496 1811 70 185
4102 4103 4104 3277 4079 3665 3093 4091 3933
8 2 1 1784 10 241 1784 6 289
4145 3277 3665 4116 3093 4152 4153 3933
7 1866 175 36 1866 4 12 223
4198 4167 4201 4202 4199 3277 3665 4179 4116 3093 3933
3 44 3 2 1 1906 325 66 156 1906 282
4224 4227 4167 4235 3277 4238 3933 4237 3665 4179 4116 3093 4239 4221
14 5 403 9 1927 2 163 1 284 94 211 1927 2 73
4261 4167 4241 4265 4267 3277 4221 4272 3665 4273 4179 4116 3093 4283 4284 3933 4286 4287
5 358 16 19 3 1935 28 6 303 4 189 59 1935 2 1 289 1 1
4323 4333 4293 4294 4167 4330 3277 4334 4317 3665 4179 4116 3093 4310 4314 3933
12 4 106 22 396 21 2000 1 2 751 243 188 2000 8 9 64
4323 4390 4401 4167 4330 3277 4398 3665 4179 4116 3093 4314
49 2 4 349 134 2000 4 605 129 144 2000 128
4448 4167 4330 4467 3277 4462 4464 3665 4434 4179 4116 3093 4468 4314 4446
20 126 176 9 2000 7 1 1118 60 267 77 2000 1 153 6
4448 4513 4517 4167 4501 4490 4467 3277 4509 4497 3665 4434 4179 4116 3093 4502 4519 4314 4330 4506 4469
125 3 2 163 19 78 73 2000 1 2 1021 41 563 21 2000 5 3 344 73 13 24
4448 4577 4578 4573 4570 4469 4490 4467 3277 4563 4557 3665 4434 4179 4116 4565 4330 4314 4506 4542 3093
26 2 1 1 4 10 103 43 2000 5 19 877 28 158 40 27 13 383 38 24 2000
4608 4448 4618 4594 4580 4625 4490 4619 3277 4622 4623 3665 4626 4179 3093 4630 4631 4600 4590 4314 4506
29 4 6 11 61 5 137 10 2000 4 16 884 16 239 2000 4 1 17 25 266 121
4179 4580 4490 4652 3277 3665 4626 4659 4660 3093 4314 4635 4634 4506
111 178 136 5 2000 620 171 33 4 2000 259 2 33 111
4490 4626 3093 4634 4506 4659 4665 4667 3277 4688 4689 4179 4697 4314 4705 4580 3665 4716 4717 4718 4720 4723 4724
111 149 2000 4 62 4 14 21 2000 4 12 62 22 138 14 93 599 5 3 1 3 1 2
