0 34 36 37 39 14 17 23 25 27 28
8 2 3 1 1 7 36 33 5 5 7
67 87 76 81 84 85 86 23 88 89 92
10 1 22 1 2 1 1 15 1 2 1
129 130 132 135 137 23 89 123
5 9 4 5 1 68 3 31
131 164 143 145 163 148 23 155 159
27 6 61 5 1 18 13 17 6
224 131 198 199 176 178 148 217 223 220 221 222 159
1 68 8 57 99 9 53 9 2 3 15 13 31
256 227 199 236 176 131 148 246 249 251 252 221 254
1 59 110 7 71 418 37 16 4 5 1 42 4
131 293 300 301 302 176 227 286 254
352 7 3 1 4 36 112 33 7
131 327 329 176 338 340 341 342 343 344 345
249 3 42 44 3 26 2 1 1 1 1
353 131 327 363 366 369 370 340 345 349
5 381 80 2 1 1 2 66 26 26
131 390 425 428 397 429 432 372 415
471 20 9 2 4 2 6 34 21
464 131 452 454 460 432 465 466 441 415
2 431 2 3 3 142 1 1 55 110
131 432 498 501 503 504 441 415 509 510 511
546 48 16 6 2 4 110 247 5 7 1
512 131 517 550 519 567 498 501 566 569 441 570 572 415
127 649 19 14 67 4 18 4 1 5 14 3 1 197
512 131 517 582 519 620 590 629 501 630 631 632 603 415
59 621 60 34 48 1 9 4 115 11 15 1 21 217
131 517 582 684 654 655 688 691 692 501 687 669 638 415
566 34 75 1 42 4 7 3 9 147 6 2 33 441
131 517 582 654 753 757 756 501 759 761 763 764 765 734 415
759 34 15 15 2 9 29 187 3 1 4 1 3 17 258
801 131 517 806 805 782 756 501 790 734 415
5 637 22 6 2 172 54 27 4 228 80
834 131 804 838 810 812 782 835 756 501 734 831
38 1070 34 2 6 30 406 19 128 104 70 7
131 804 878 870 876 782 756 501 890 891 893 734 895
1462 27 15 8 40 759 39 105 3 2 4 60 2
944 131 939 876 941 782 912 946 947 756 501 923 734
3 1658 3 27 2 1101 3 1 1 16 86 21 65
131 938 876 782 943 947 948 501 951 734
1593 11 74 903 1 1 2 124 1 188
131 945 971 876 782 977 963 948 501 734
1434 1 24 27 617 7 36 10 591 388
992 131 998 1009 1001 1003 782 1007 977 1010 963 948 501 1012 734 1011
12 1511 9 5 1 5 420 5 27 2 73 88 600 1 489 4
1056 1057 131 1060 1062 1059 782 1009 1011 948 501 963 734
2 4 1735 5 3 2 671 27 30 30 609 32 265
1088 1075 1090 131 1093 1105 1096 1091 1101 782 1104 1009 1011 501 1102 734
11 27 2 1789 3 1 2 4 3 638 1 196 60 997 1 211
1075 131 1124 1142 1131 1132 1133 782 1101 1009 1011 501 1110 1114 1139 734 1141
28 1915 32 1 1 3 28 593 42 376 79 1224 57 6 3 85 1
1152 131 1124 1162 1101 782 1168 1009 1170 1011 501 1110 1175 1176 1177 1178 734
18 1954 97 3 20 553 26 85 3 29 1349 46 1 1 5 3 46
1249 782 131 1124 1221 1250 1194 1227 1229 1198 1199 1011 501 1238 1242 1247 1205
1 352 2000 31 3 1 25 40 9 60 29 11 1642 14 1 2 16
1280 782 131 1124 1257 1258 1250 1198 1199 1264 1304 1294 1282 501 1302 1272 1305 1307 1275 1306 1205
11 407 2000 132 3 7 132 142 50 23 7 8 3 1591 3 30 1 2 20 2 3
1280 1250 131 1124 1198 782 1199 1300 501 1303 1304
12 89 2000 89 24 266 39 19 1734 4 4
1250 131 1124 1356 1357 782 1360 1331 1358 501 1348 1340
46 2000 46 3 1 122 1 8 7 1878 1 11
1250 131 1380 1382 1384 1386 1406 782 1394 501 1368 1124 1405 1374 1407
202 2000 27 8 13 7 2 329 2 1671 1 202 4 41 1
1441 1250 131 1124 1386 1419 1442 782 1425 501 1444 1433 1434 1435 1436 1437 1374
2 273 2000 273 99 3 2 273 19 1727 1 6 18 21 1 9 30
1472 1250 131 1124 1478 1447 1386 1479 1474 782 1425 1475 501 1463 1433 1466 1437 1374
2 282 2000 282 10 19 28 1 1 282 82 1 1718 2 182 20 14 120
1472 1250 131 1124 1512 1479 1540 1386 1516 782 1425 1539 1524 501 1433 1530 1535 1502 1518
28 143 2000 143 1 8 2 6 3 143 47 3 7 1857 21 1 4 25 4
1250 131 1124 1573 1574 1553 1576 1386 1575 1516 782 1551 1425 501 1558 1433 1557
149 2000 149 4 2 39 1 6 1 43 149 44 37 1851 8 33 3
1633 1250 131 1124 1575 1628 1578 782 1551 1616 1425 501 1617 1626 1627 1596 1629 1630
2 84 2000 84 15 3 31 84 98 12 181 1916 8 9 5 36 3 6
1680 1250 131 1124 1670 1425 1578 782 1551 1616 1649 1667 1684 501 1686 1687 1681 1689 1685
3 59 2000 59 1 311 17 59 98 32 14 27 3 1941 2 1 4 2 1
131 1706 1681 1704 1705 1578 1699 1551 1425 1667 1684 501 1687 1692 1693 1694
2000 1 4 3 5 36 13 167 345 39 39 2000 23 4 5 4
1760 131 1765 1667 1767 1738 1740 1774 1551 1425 1699 1684 501 1747 1687 1775 1693
4 2000 7 1 5 48 16 3 39 275 26 1 2000 17 60 1 121
1760 131 1828 1846 1804 1738 1803 1740 1815 1425 1747 1847 501 1814 1687 1849 1851 1852 1693
50 2000 21 9 2 115 24 14 33 198 214 9 2000 16 20 2 1 2 5
1760 1857 1858 131 1828 1861 1864 1865 1738 1803 1837 1425 1747 501 1815 1859 1866
67 1 7 2000 110 5 4 1 312 3 6 469 51 2000 156 10 2
131 1425 1815 1828 1837 1888 1861 1864 1738 1747 1883 1760 1894 1898 1900 1901 1903 1906 1908 501 1910 1911 1912
2000 605 34 84 69 2 19 289 571 6 7 94 43 7 4 3 2 8 2 2000 2 2 2
1760 1960 131 1956 1861 1864 1961 1738 1963 1932 1965 1425 1747 501 1952 1815 1912 1957 1962 1964 1951
29 1 2000 7 54 435 1 372 1 41 3 450 44 2000 4 78 32 1 3 1 18
1986 131 1861 2001 1864 1993 1738 1932 1425 1970 2003 501 1815
8 2000 82 6 170 5 589 154 749 253 5 2000 160
131 1861 1864 1738 1932 2034 2032 1425 1970 2004 501 1815 2040 2036 2010
2000 108 198 281 256 9 21 672 7 23 2000 391 6 12 12
2082 131 2084 1861 1864 1738 2059 1932 2063 1425 2036 501 1815 2085
4 2000 3 68 138 652 42 623 14 1143 26 2000 491 1
131 1861 2097 1864 2089 1738 2087 1932 2093 2092 2095 2059 1425 2098 501 1815
2000 17 3 265 8 687 42 687 2 1 2 7 942 3 2000 255
2114 131 1861 2129 2087 1864 1738 1932 2128 1425 2130 501 1815 2107 2122
26 2000 17 2 86 499 535 535 6 660 3 2000 125 17 2
2181 2146 131 2180 2149 2087 1864 1738 2155 1932 2160 1425 2162 2179 501 1815 2167 2173 2174 2165
1 9 2000 1 33 120 531 264 17 264 13 323 28 1 2000 59 4 3 15 52
131 2212 2149 1425 1864 2220 1738 2087 1932 2160 2216 501 2218 2217 2173
2000 10 1 299 516 2 299 23 299 37 4 2000 3 5 231
131 2212 2149 2214 2087 1864 2252 1738 1932 2160 1425 501 2250 2173
2000 11 11 5 65 807 2 197 197 60 197 2000 31 154
2274 131 2212 2278 2087 1864 2281 2250 2283 1932 2286 2287 2160 1425 1738 2280 501 2262 2173 2275
12 2000 61 12 4 940 4 150 6 175 1 1 4 175 175 22 2000 55 212 2
2304 2338 131 2212 1864 2345 2250 1932 1425 2322 1738 501 2173 2344
61 6 2000 53 701 17 145 12 12 3 12 2000 183 2
2304 2370 131 2212 1864 2250 2344 2354 2371 2356 501 2173
67 5 2000 118 746 117 109 53 3 12 2000 287
2304 131 2212 2406 1864 2250 2384 2344 501 2423 2424 2425 2173 2421
2 2000 167 55 670 66 20 41 2000 1 2 1 201 15
131 2212 2470 2406 2471 1864 2250 2477 2478 2344 501 2459 2173 2474
2000 27 1 84 2 629 110 1 1 53 2000 8 140 2
131 2406 1864 2505 2250 2504 501 2492 2506
2000 49 582 9 51 26 2000 28 1
131 2545 2504 2538 2539 2540 1864 2546 2547 501 2550 2520
2000 3 39 7 3 1 347 4 1 2000 3 5
131 1864 501 2583 2520 2556 2589 2590
2000 399 2000 54 68 78 4 4
2624 131 2629 2630 1864 2633 2627 501 2520 2556 2621
15 2000 2 3 560 2 3 2000 34 30 7
131 1864 2665 2667 2669 2671 2672 501 2520 2652 2654
2000 278 9 1 4 1 1 2000 112 16 12
2690 131 1864 2665 2743 2737 2738 501 2742 2729 2520 2652 2654
17 2000 46 51 1 10 6 2000 2 12 17 8 38
2690 131 1864 2768 2771 501 2774 2776 2778 2779
13 2000 18 9 11 2000 58 2 3 1
131 2793 2800 501 2811 2812 2814 2815
2000 11 9 2000 3 1 1 2
131 2828 2802 2835 2836 501 2839 2840 2842 2846
2000 40 21 45 11 2000 23 8 3 1
131 2855 2887 2828 2899 2836 501 2902 2903 2904 2873 2906 2847 2901
2000 28 2 107 2 17 2000 3 5 6 74 1 4 2
2945 131 2949 2950 2952 2953 2922 2947 501 2905 2937 2939 2901
1 2000 1 9 7 5 16 12 2000 101 12 22 24
131 2980 2952 2989 2993 2996 501 2998 2999 3000 2905 2939 2997
2000 4 14 3 13 1 2000 1 2 2 44 127 1
131 2952 3018 3020 3022 3011 501 2905 2939
2000 68 6 8 2 16 2000 71 131
3042 131 3045 2952 3018 3084 3090 3087 3088 3089 3026 3091 501 3095 3097 2939 3093
45 2000 143 7 15 2 7 14 2 2 90 1 2000 4 2 234 5
3136 3138 3107 3045 3142 3143 3018 3116 3139 3026 131 501 3127 2939 3135
6 9 23 211 2 1 31 112 2 86 2000 2000 51 196 53
3107 3045 3116 3198 3184 3026 131 3188 501 3194 2939 3166 3199
20 326 131 4 15 12 2000 2 2000 1 25 14 1
131 3045 3241 3242 3243 3116 3245 3230 3215 3107 501 3227 3246 3166
2000 208 18 2 2 128 2 4 19 51 2000 4 8 19
3107 3268 3045 3241 3116 3215 3248 131 501 3273 3279 3166
57 32 149 15 63 37 1 2000 2000 8 1 37
3107 131 3333 3340 3339 3116 3215 3294 3345 3299 501 3343 3325 3166 3045
94 2000 32 6 36 146 412 45 2 46 2000 1 22 412 4
3361 3107 3398 3333 3366 3399 3402 3116 3215 131 501 3166 3391
1 153 3 12 11 2 2 92 476 2000 2000 476 1
3424 3425 3426 3107 3400 3427 3116 3215 3409 131 501 3417 3403 3421 3166
3 7 2 306 11 2 14 372 2 2000 2000 31 3 13 372
3424 3107 3432 3465 3467 3475 3215 3472 131 501 3478 3448 3417 3451 3166
164 523 3 13 1 1 208 1 2000 2000 3 16 80 33 208
3424 131 3526 3529 3215 3537 3107 3508 501 3510 3417 3546 3547 3548 3517 3166 3549
15 2000 23 4 91 16 444 27 2000 76 231 4 3 2 16 91 2
3584 131 3574 3526 3596 3598 3215 3601 3107 501 3510 3417 3547 3166 3605
52 2000 81 72 3 4 70 10 268 2000 238 593 38 70 1
3650 131 3674 3510 3526 3622 3670 3215 3635 3107 501 3574 3673 3417 3663 3547 3676 3677 3166
10 2000 2 247 143 30 4 24 75 581 2000 190 5 393 2 16 2 1 24
131 3716 3574 3526 3722 3622 3734 3729 3730 3107 501 3510 3736 3417 3733
2000 1 206 223 21 82 1 11 1 513 2000 272 1 418 5
3777 131 3510 3526 3795 3785 3786 3755 3788 3794 3791 3792 3729 3730 3107 501 3574 3417 3622
49 2000 83 262 1 2 1 78 6 1 3 4 48 72 437 2000 83 611 1
3777 3107 131 3510 3526 3755 3831 3824 3830 3730 3795 501 3574 3827 3832 3417 3833 3836
18 383 2000 10 280 68 12 7 9 73 23 2000 10 20 1 448 1 5
3107 3526 3847 3853 3854 3856 3730 131 3860 501 3859 3417 3866 3867
467 432 36 12 1 1 71 2000 12 2000 1 487 5 1
131 3878 3526 3915 3917 3888 3730 3107 501 3417 3902
2000 56 192 11 2 47 43 835 2000 582 1
3979 3107 3878 3526 3975 3978 3915 3980 3730 3888 3954 131 501 3417 3947 3971
2 615 14 121 4 3 13 2 2 369 11 2000 2000 602 8 14
4001 131 3878 3526 4007 4010 3915 3981 3888 3107 501 4024 3417 3994 3997
19 2000 5 98 1 5 118 30 392 432 2000 12 956 68 51
4001 131 4048 3878 3526 4071 4072 3915 3888 3107 501 3417 3994 4053 4070
98 2000 29 35 399 2 3 39 283 360 2000 784 100 12 5
4048 4098 131 3878 3526 4001 3888 3107 501 3417 3994 4091 4080
10 4 2000 10 324 16 415 361 2000 848 2 1 6
131 3526 4142 3888 4145 3107 501 4153 3417 4149
2000 448 4 599 9 481 2000 2 472 1
4192 4194 131 3526 3888 3107 501 4182 3417 4190 4191
1 2 2000 670 469 417 2000 20 444 3 9
4256 4208 131 4196 3526 4240 3888 3107 501 4214 3417 4218 4250 4255
1 52 2000 29 731 5 726 177 2000 63 366 85 5 4
4310 4304 131 4292 4275 3526 4266 4299 4302 3888 4306 3107 501 4214 4311 4312 3417 4218 4309
7 8 2000 28 35 727 17 2 1 237 24 519 2000 26 5 1 517 187 10
4374 131 4275 3526 4323 4371 4367 3888 4306 3107 501 4214 4375 4376 3417 4218 4351
1 2000 50 447 60 2 7 420 177 425 2000 309 4 4 708 508 17
131 4422 4275 3526 4323 4403 4394 4399 3888 4306 3107 501 4214 3417 4218 4415 4413 4351
2000 1 213 490 23 25 22 111 300 305 447 2000 33 763 640 11 4 46
3107 131 3526 4461 4462 4399 3888 4465 4306 4275 501 4214 4441 3417 4218 4463 4469
297 2000 312 2 17 71 340 7 312 171 2000 153 9 1051 1051 6 8
4514 131 4527 4517 4518 4534 3526 4462 4399 3888 4306 3107 501 4214 3417 4218 4463 4541 4542 4543
18 2000 7 34 10 17 33 240 37 162 33 427 2000 97 1378 1378 15 4 1 2
