32 33 4 40 12 49
39 20 34 3 16 1
32 4 43 55 59 62
32 206 50 3 2 3
107 4 103 104 43 108 110
14 391 4 3 20 4 3
163 4 107 172 144 147 180 127
3 653 38 4 14 6 20 37
4 107 205 147 213 215 184 217 127
628 145 10 54 11 1 79 1 32
272 291 4 289 232 107 271 240 273 147 184 283 285 287
14 3 926 2 17 22 44 83 4 33 23 12 3 2
331 4 325 326 328 330 107 332 240 283 318
1 877 19 6 6 4 61 3 274 31 28
384 385 387 4 325 359 330 107 240 372 345 377 318
17 1 1 878 22 42 16 52 322 13 16 23 68
385 4 421 330 427 428 240 400 432 406 420 345 318
19 666 25 32 15 15 265 32 1 23 9 32 45
385 4 459 461 431 240 473 475 446
34 693 17 2 20 344 1 2 33
385 4 431 240 532 501 535 536 542 539 540 446
22 890 40 389 8 23 22 6 3 7 1 121
4 550 551 574 556 431 240 565 567 568 570 571 572 573 446
1038 8 75 1 17 71 408 6 1 4 3 2 2 1 281
4 550 551 636 606 240 596 629 631 632 634 635 604 637 446
1183 23 90 1 51 463 10 13 16 3 5 2 56 1 117
673 4 551 684 687 240 596 446 631 644 688 604 606
4 1499 86 9 11 386 3 200 15 25 3 131 18
4 551 732 240 722 725 631 728 729 644 604 733 446
1137 125 7 138 32 8 21 12 5 24 31 1 262
752 4 741 742 551 744 780 240 787 790 604 446 767
6 1162 28 68 87 17 5 36 10 1 36 485 2
811 4 742 551 744 839 780 240 818 819 798 825 604 446
18 1494 130 111 35 40 10 26 6 3 33 30 26 302
4 742 839 876 551 780 878 879 240 881 884 854 887 888 604 861 446
1269 135 72 24 6 80 12 10 44 12 6 39 2 1 44 23 499
4 742 839 876 780 917 918 920 446
1184 17 70 26 117 19 9 4 605
4 970 971 780 964 446 927
992 1 4 216 2 622 33
1024 4 1036 1035 780 1005 989 446
44 885 1 6 147 30 36 906
1024 4 780 1044 1054 1047 1050 1051 1053 446
61 1117 84 20 4 12 2 4 1 799
1024 4 1068 1066 780 1070 1044 1047 446
11 1020 4 12 11 2 47 58 969
1088 1024 4 1093 1096 1097 1098 780 1083 446 1087
93 69 895 9 10 1 2 69 6 1036 4
1088 1153 1154 4 1093 1158 1159 1156 1134 1136 1105 1107 1145 446 1157
53 5 5 571 6 4 3 2 90 3 39 17 11 1429 2
1088 1185 4 1192 1193 1134 1200 1207 1208 446 1183
37 35 666 10 5 76 3 1 3 1334 5
1088 1185 4 1254 1259 1260 1261 1134 1214 446
145 45 875 34 7 2 3 177 5 1125
1185 4 1254 1292 1134 1303 1273 446
50 641 12 18 281 2 18 1359
1185 4 1254 1322 1324 1134 446 1311
117 406 134 3 4 338 1594 18
1345 4 1254 1354 1134 1360 1364 1365 1366 1367 1336 446 1311
53 321 83 13 89 4 6 1 2 1 63 1679 41
1345 4 1254 1386 1390 1373 1392 1374 1367 1354 446 1311
9 346 111 5 4 14 3 4 14 43 1654 38
4 1254 1386 1419 1425 1426 1427 1429 1373 446
180 118 73 6 4 2 3 1 39 1820
4 1254 1487 1489 1455 1373 446
30 216 3 2 6 126 1970
1254 1385 1388 1389 1390 1373 446
278 18 3 5 11 82 2000
1442 1444 1446 1254 1385 1427 1433 1373 446
6 1 5 105 47 24 1 17 2000
1254 1385 1485 1490 1492 1493 446
56 97 6 9 6 2 2000
1540 1254 1544 1385 1548 1549 1517 1496 1508 1530 446 1535
45 128 9 259 1 9 10 1 102 18 2000 13
1568 1600 1508 1254 1385 1579 1584 1588 1589 1558 1593 1530 1597 446
18 2 136 179 465 10 4 8 3 36 20 23 8 2000
1508 1637 1254 1640 1385 1649 1650 1652 1558 1626 446
181 6 113 6 564 3 3 2 57 6 2000
1508 1254 1385 1678 1694 1558 1673 1626 1691 1692 1693 446
164 50 543 10 2 117 33 37 3 1 1 2000
1725 1730 1731 1508 1254 1385 1711 446 1558 1673 1732 1626 1722 1694
3 3 1 363 12 667 29 2000 85 12 1 77 8 102
1508 1385 1711 1746 446 1558 1753 1722 1694
529 573 107 55 2000 118 44 11 89
1508 1799 1800 1385 1770 1806 1711 1808 1746 1694 1558 1785 1753 1722 1807 1789 446
575 1 1 693 31 1 62 1 3 10 26 9 26 32 5 9 2000
1508 1829 1830 1385 1770 1834 1711 1833 1828 1722 1818 446
574 5 1 522 117 1 73 2 9 25 5 2000
1508 1861 1385 1770 1711 1876 1879 446
420 20 398 85 195 18 2 2000
1508 1925 1928 1385 1770 1711 1913 446 1861
198 7 2 866 48 82 24 2000 2
1385 1979 1508 446 1967
861 3 163 2000 8
1508 2022 2023 1385 1991 446
603 4 7 688 29 2000
1508 2055 1385 2059 2060 2062 2067 2078 2072 2073 2075 2077 446
648 23 465 69 4 24 3 1 20 3 2 1 2000
2112 2114 1508 2055 1385 2119 2126 2130 2131 446
12 23 763 21 293 1 10 4 1 2000
2112 2178 1508 2182 2055 1385 2151 2164 2153 2173 446
72 13 633 3 18 771 4 3 58 12 2000
2112 2211 1508 2213 2215 1385 2218 2219 2191 2224 2226 2195 2206 2153 2223 2227 446 2207
23 2 721 23 9 773 53 3 33 1 1 50 3 116 3 1 2000 9
2112 2273 1508 2277 2247 1385 2215 2253 2286 2255 2288 2289 2195 2293 2153 2297 2298 2299 446 2279
174 32 429 13 119 1075 74 9 4 57 4 2 103 1 17 2 1 1 2000 21
2112 2273 2306 2315 1508 2215 1385 2314 2279 2305 2317 2286 2316 2318 2195 2304 2294 2313 2247 446
107 39 10 2 344 153 1154 1 130 3 3 41 1 2 39 3 8 2 3 2000
2112 2273 1508 2215 1385 2279 2286 2195 446
86 133 295 122 934 75 189 133 2000
2112 2273 2366 2347 1508 2279 1385 2369 2215 2286 2368 2339 2354 2195 2357 2358 2350 2328 2361 2363 446
64 148 1 17 757 449 770 1 107 193 1 5 6 148 2 4 2 3 6 2 2000
2112 2273 2339 1508 2437 2438 2215 2408 1385 2347 2286 2195 2422 2439 2404 446 2279
179 204 5 658 11 7 284 11 751 15 79 204 67 1 15 2000 296
2112 2273 2467 1508 2279 2441 2215 2476 2480 2482 2195 2422 1385 2457 446
13 132 41 682 255 150 627 12 5 2 132 94 384 4 2000
2273 2505 1508 2215 2441 2506 2279 2509 2515 2513 2195 2516 2510 2422 1385 446
221 8 808 836 257 8 307 6 1 4 221 2 1 13 85 2000
2273 1508 2279 2441 2215 2542 2543 2195 1385 2532 2523 446 2527
211 1088 542 367 664 8 1 211 19 5 50 2000 2
2273 1508 2215 2441 2279 2573 2579 2580 2559 2195 2584 2548 2523 446 1385
166 1029 781 207 695 7 11 12 6 166 1 6 87 2000 24
2273 2627 1508 2215 2632 2441 2631 2279 2195 2613 2628 2590 446 2559
39 5 1274 687 2 550 1 684 39 45 2 17 2000 36
2657 2667 1508 2215 2664 2441 2279 2673 2644 2613 2646 2683 2684 2686 446 2687
52 12 1138 862 41 246 892 2 9 30 42 5 1 1 2000 2
2657 1508 2694 2279 2664 2729 2215 2735 2705 2706 2739 2740 2741 2742 2728 446
34 602 1 602 252 23 1398 2 24 34 1 3 2 2 15 2000
2784 1508 2790 2215 2664 2279 2767 2728 2706 2805 2742 2808 2809 2747 446
5 96 29 1904 25 96 8 7 157 16 79 1 4 53 2000
2819 1508 2854 2790 2279 2824 2215 2866 2864 2706 2835 2868 2869 2867 2842 446
69 76 1 76 76 29 1924 4 1 166 3 6 1 1 87 2000
2912 2819 1508 2917 2790 2215 2888 2279 2893 2706 2915 2905 2842 446 2879
28 149 136 2 136 1864 40 136 40 212 3 1 222 2000 67
2946 2819 2948 2790 2950 2215 2952 2953 2954 2279 2706 2947 1508 2842 446
10 56 3 29 6 1971 4 1 2 29 35 6 29 107 2000
2982 2983 2985 2215 2988 2706 2989 2962 2842 2991 2973 446
2 6 6 2000 7 127 3 10 44 1 7 2000
3009 2215 3017 3019 2706 2962 3028 3038 3030 3031 2842 3036 3037 446
78 2000 6 6 101 89 29 3 11 7 155 5 3 2000
3072 3073 3042 3075 3076 2215 3009 3053 3057 2706 3059 3070 2962 2842 3067 3066 446
1 11 41 1 2 2000 9 148 33 26 7 9 20 187 20 14 2000
3009 3042 3131 2215 3114 3053 3117 3099 2706 3123 2842 3067 3132 446
122 8 4 2000 32 109 18 9 114 6 181 26 4 2000
3168 3169 3172 3009 3114 2215 3186 2706 3155 3194 3200 2842 3067 3164 3197 446 3199
16 32 4 45 269 2000 1 76 9 8 2 288 94 16 4 2000 1
3232 3243 3222 2215 3114 3239 2706 3218 3254 3223 3256 2842 3067 3197 446
9 7 24 2000 156 10 113 25 1 9 1 315 301 83 2000
2215 3273 3114 3275 3278 3279 2706 2842 3067 3197 446
2000 7 96 1 3 1 174 317 239 174 2000
3301 3334 2215 3273 3114 3307 3281 2706 3289 3322 2842 3067 3197 446
44 2 2000 42 219 50 8 335 3 17 373 128 335 2000
2215 3114 2706 3380 3385 2842 3067 3388 3197 446
2000 143 373 6 11 285 272 1 373 2000
3392 3393 2215 3114 2706 3385 2842 3067 3388 3197 446
3 3 2000 80 438 134 273 408 4 438 2000
2215 3114 3436 3437 3438 3439 2706 3434 2842 3414 3418 3067 3402 3197 446
2000 32 6 1 7 2 239 5 176 5 18 366 86 239 2000
3482 2215 3469 3470 3471 2706 3477 3453 3480 3481 2842 3067 3197 446
7 2000 2 52 82 176 13 17 7 2 253 233 176 2000
3546 3515 3525 3533 2215 3498 3538 3470 3471 3547 3505 2706 3534 3544 2842 3067 3484 3197 446 3541
5 25 11 4 2000 76 16 79 126 2 5 87 26 5 143 338 22 87 2000 3
3515 3525 2215 3592 3564 3498 3606 3470 3471 3569 3601 3541 3574 3534 2842 3067 446
22 17 2000 52 1 29 2 104 29 50 6 39 38 55 654 96 2000
3515 3622 2215 3592 3625 3534 3664 3665 3541 3608 2842 3067 446
82 3 2000 5 26 25 4 1 25 7 846 82 2000
3682 3515 2215 3627 3629 3534 3664 3633 3683 3678 3608 2842 3067 446
7 245 2000 41 132 8 18 18 1 2 157 1071 245 2000
3715 3718 3727 3731 3608 3737 2842 3740 3738 3742 2215 3627 3629 3633 3515 446 3664 3682 3688 3696 3702 3067
21 3 7 11 98 6 1247 2 6 2 2000 18 299 21 88 2000 87 6 93 82 23 88
3744 3664 3682 3515 2215 3791 3629 3789 3696 3633 3715 3766 3608 2842 3067 3770 446
18 18 42 115 2000 1 157 7 180 8 39 20 140 942 115 9 2000
3824 3067 3830 2215 3815 3629 3789 3696 3633 3826 3715 3828 3829 3766 3608 2842 3515 446 3823
2 138 1 2000 4 549 41 105 41 1 93 1 1 1 33 1352 138 2000 1
3715 3876 3881 3878 2215 3880 3849 3866 3879 3629 3862 3863 2842 3067 3868 3515 446
37 1 2 3 2000 4 19 7 5 167 5 27 1445 56 34 56 2000
3515 2215 3849 3895 3884 3629 3899 3892 3863 3896 2842 3067 3900 3898 446
17 2000 17 7 49 174 1 2 115 2 1721 17 2 2 2000
3938 3934 3941 3942 2215 3629 3921 3922 3925 3863 3940 2842 3930 446 3903
3 18 1 2 2000 222 56 22 66 170 2 1345 6 2000 8
4000 4001 4003 4004 4005 2215 3977 3959 3629 3984 3985 3958 3863 3993 2842 3964 3994 446 3999
4 12 6 4 1 2000 24 14 219 4 17 24 78 11 1049 4 1 2000 5
4065 4067 4086 4070 2215 4040 4073 4071 4076 3629 4062 3958 4088 2842 446
3 12 1 17 2000 141 25 1 3 190 19 53 1 982 2000
4065 2215 4040 4105 4106 3629 4110 4077 4112 4113 4114 4117 4120 2842 4093 446 4095
75 2000 121 17 21 165 14 23 33 4 1 4 1 1260 12 2000 35
4065 4163 4164 4165 4161 2215 4040 4105 4106 4167 3629 4168 4158 2842 4157 446 4095
168 12 3 6 4 2000 150 78 10 1 726 1 19 1597 20 2000 110
4213 4065 4196 2215 3629 446 2842 4220 4218 4222 4095
5 183 30 2000 812 2000 1883 1 5 4 134
4065 4228 2215 4266 4263 3629 4270 4271 4272 4241 2842 446 4095
80 63 2000 4 3 602 3 3 2 34 1841 2000 191
4065 4323 4289 2215 4300 3629 4302 4241 4308 4319 4276 2842 4295 4282 446 4095
158 14 47 2000 16 555 3 33 11 21 77 1708 6 33 2000 270
4065 4356 4357 4358 2215 4360 4300 4364 3629 4334 4365 446 2842 4350 4095
188 6 5 7 2000 1 40 7 453 17 2 2000 1497 11 142
4416 4065 4419 4420 4357 2215 3629 4417 4414 4407 2842 446 4095
2 211 6 3 37 2000 197 12 26 8 1170 2000 8
