50 19 52 15
4 7 2 65
96 97 81 82 85 86 87 91 94 95
2 1 19 9 30 2 9 5 3 2
139 140 141 142 82 115 85 125 95
4 1 1 1 80 84 41 14 17
163 179 169 174 178 115 158 159
5 3 6 2 2 106 3 1
224 229 243 239 241 115 244 246 217 218
17 1 4 3 3 150 1 1 29 13
224 263 267 115 279 281 284 286
232 2 3 37 2 4 4 2
224 326 328 329 331 334 335 338 115 340 343 344 345 346
519 15 7 14 10 8 12 4 86 4 6 2 3 2
224 326 393 394 396 413 400 115 405 374 409 410 411 412 403 414 415
783 36 24 37 3 1 6 213 1 58 7 1 2 1 4 2 1
224 374 455 456 393 458 459 115 438 409 442
1046 3 6 1 40 3 1 148 8 135 23
224 483 471 494 496 498 115 438 473 409
1149 8 13 15 1 2 158 83 14 17
224 534 519 521 524 526 529 530 115 438 409 473
1343 3 17 9 16 12 4 22 133 226 7 59
224 577 580 556 115 438 540 574 575
1275 5 1 2 87 304 131 4 6
224 641 643 580 645 619 115 628 438 631 632 644 637 606 639
1369 3 2 39 3 16 83 2 786 8 6 2 4 19 6
224 706 707 709 655 115 438 695 632 606
1232 5 3 1 14 148 647 5 52 14
224 747 748 655 752 115 438 606
1261 5 12 57 2 137 366 57
224 802 782 797 784 817 754 115 438 787 763 765
1362 4 12 1 21 1 63 60 418 2 1 111
224 839 841 843 844 784 754 115 438 824 765
1442 4 1 3 1 110 28 180 641 18 143
224 866 870 872 874 890 878 893 784 754 115 885 438 824 889 851 892 765 894
1549 8 5 7 17 2 6 1 146 364 79 3 899 95 1 36 2 94 1
224 902 903 904 874 784 888 754 115 438 824 890 765 895
1777 14 11 1 105 40 26 237 8 675 247 19 154 4
224 961 962 963 933 874 912 754 115 949 438 824 953 765 927
1629 2 3 1 9 378 60 159 27 35 449 227 3 378 13
224 994 997 1000 874 974 1002 754 438 824 765
1743 25 15 2 646 65 3 168 400 295 646
224 997 874 974 1039 1008 1002 754 438 824 765 1022
1840 47 724 19 15 14 128 23 295 409 724 17
224 1093 1094 438 874 1095 1002 1048 824 1081 765 1022
1826 3 2 165 989 3 17 68 366 67 989 41
1130 1048 438 824 1081 1085 1105 1108 1112 224 1122 1129 874 1131 1132 1136 1137 1138 1139 1140 1141 765
9 83 170 293 56 34 19 1 70 1849 4 12 1121 9 8 2 3 1 1 2 3 1121
224 1195 1206 1166 1193 874 1131 1132 1198 1048 1203 1204 1205 438 1207 824 1081 765
1971 4 1 16 12 1373 90 2 12 55 5 7 5 119 1 244 189 1373
224 1259 1253 1265 1166 1193 874 1131 1198 1245 1264 1048 1256 1205 438 824 1081 1210 765 1246
2000 5 7 1 14 7 893 143 7 11 2 85 8 55 192 397 312 8 893 9
224 1328 1319 874 1323 1329 1326 1296 1048 1266 438 824 1081 765
2000 2 16 731 24 1 1 54 9 4 152 392 383 731
224 1377 1323 1380 1381 1383 874 1387 1389 1390 1391 1296 1332 438 824 1081 765
2000 16 36 5 7 9 792 3 3 1 1 254 28 143 825 825 792
224 1381 1415 874 1323 1437 1296 1427 438 1434 824 1081 1402 1439 765 1438 1407
2000 32 45 478 29 1 499 1 84 4 1276 1276 32 1 478 10 73
224 1441 1381 874 1323 1469 1296 1458 1440 438 824 1081 1402 1471 765 1470 1407
2000 52 6 492 52 2 543 2 23 31 1447 1447 172 2 492 3 14
224 1441 1507 438 1511 874 1323 1485 1296 1491 1494 1497 824 1081 1402 765
2000 46 13 20 4 122 72 59 553 35 5 4 1854 1854 110 122
224 1441 1507 1537 1485 1518 1296 1491 1536 824 1081 1402
2000 14 4 1 46 19 858 14 6 2000 2000 18
224 1441 1521 1512 1514 1296 1528 1491 1525 1526 824 1081 1402 1501
2000 87 8 5 17 876 3 75 2 4 2000 2000 5 3
224 1441 1571 1572 1573 1542 1296 1521 1491 1568 1559 824 1081 1564
2000 89 2 1 2 18 789 3 55 1 24 2000 2000 14
224 1441 1542 1577 1579 1580 1296 1553 1586 1491 1589 1590 824 1081
2000 5 28 37 2 23 1188 17 5 353 5 1 2000 2000
224 1648 1638 1296 1553 1650 1491 824 1081 1627 1628 1630
2000 12 9 811 47 3 123 2000 2000 3 3 3
224 1296 1698 1697 1648 1682 1491 824 1081 1693 1695
2000 1128 1 2 16 14 176 2000 2000 1 5
224 1648 1735 1753 1740 1742 1296 1720 1682 1491 1751 824 1081
2000 32 40 2 5 7 1024 48 181 216 10 2000 2000
224 1296 1741 1648 1682 1491 824 1081
2000 1098 8 81 94 350 2000 2000
224 1296 1730 1699 1648 1713 1682 1491 1715 1731 824 1081 1723 1728 1725
2000 1117 2 2 63 2 1 340 3 1 2000 2000 9 1 8
224 1648 1787 1768 1772 1774 1775 1296 1789 1491 1783 824 1081 1723 1725
2000 18 1 12 2 14 12 1468 2 389 16 2000 2000 109 21
224 1804 1296 1491 1779 824 1081 1791
2000 9 1137 59 20 2000 2000 136
224 1857 1826 1829 1831 1856 1296 1849 824 1081 1853 1854 1791
2000 6 33 20 9 1 1202 30 2000 2000 5 1 102
224 1872 1888 1831 1896 1897 1911 1849 1902 1296 1912 1909 1910 1913 824 1081 1791
2000 44 2 45 9 8 7 3 8 1222 1 10 5 1 2000 2000 171
224 1872 1831 1296 824 1081 1914 1919 1918 1791
2000 79 79 1089 2000 2000 41 2 32 185
224 1952 1931 1964 1965 1967 1296 1950 824 1081 1914 1918
2000 13 97 6 3 1 1132 2 2000 2000 34 16
224 2019 2020 2026 2029 2030 2031 1296 1977 824 1081 2011 1918
2000 41 10 2 6 3 4 1134 10 2000 2000 4 12
224 2082 2019 1296 2033 2078 2070 824 1081 2075 2076 2045 1918
2000 2 34 692 156 6 34 2000 2000 99 13 200 156
224 2107 2117 2118 2119 2110 2109 1296 2033 2115 2100 2078 824 1081 2075 2045 1918
2000 7 2 1 1 2 14 464 137 4 3 74 2000 2000 123 192 137
224 2192 2198 2193 2152 2157 1296 2033 2131 1918 2166 2169 824 1081 2075 2045 2078 2197
2000 4 1 1 36 10 339 280 53 280 20 18 2000 2000 280 287 258 2
224 2235 2152 1296 2033 2203 1918 2166 824 1081 2075 2045 2078
2000 9 45 167 59 12 59 65 2000 2000 59 344 344
224 2261 2276 2274 2238 1296 2033 2269 1918 2166 824 1081 2075 2045 2078 2271
2000 25 2 5 15 3 244 7 244 1 2000 2000 244 363 363 4
2310 2314 2320 2326 2329 2331 2332 2334 2336 2339 2078 824 1081 2238 2261 224 2278 2279 2075 2033 2297 2045 1918
33 43 3 7 2 5 1 4 5 1 225 2000 2000 22 20 2000 78 152 176 176 37 225 176
224 2353 2261 2340 2278 2279 2314 2347 2349 2033 2354 2355 2356 2078 2297 824 1081 2075 2045 1918 2357
2000 2 15 29 219 96 151 5 3 136 1 2 2 379 216 2000 2000 136 379 136 2
2314 2075 2078 824 2361 2365 2371 2374 2378 2383 2386 2387 2388 2261 1081 224 2278 2279 2033 2297 2045 1918 2389
23 116 351 2000 19 37 8 19 4 22 5 4 1 5 2000 2000 248 82 116 328 351 116 1
224 2395 2374 2278 2279 2314 2383 2033 2361 2078 2297 824 1081 2075 2396 2045 1918 2389
2000 3 50 202 70 93 48 129 21 233 140 2000 2000 129 1 233 129 3
224 2374 2278 2449 2314 2443 2444 2445 2383 2448 2033 2430 2447 1918 2297 824 1081 2075 2428 2045 2078
2000 68 93 1 233 2 4 3 177 4 22 6 5 22 16 2000 2000 22 12 249 249
224 2434 2435 2278 2374 2314 2455 2461 2462 2457 824 1081 2458 2383 2045 2078
2000 18 28 17 64 204 7 2 2 4 2000 2000 9 1 204 204
224 2278 2374 2505 2314 2475 2476 2509 2510 2513 2486 824 1081 2490 2045 2078
2000 42 253 2 172 15 9 4 2 2 7 2000 2000 14 172 172
224 2592 2531 2550 2374 2600 2601 2314 2603 2604 2509 2546 2582 824 1081 2598 2602 2588 2045 2078 2591
2000 5 25 29 253 4 3 21 1 1 50 77 17 2000 2000 1 1 4 21 21 7
224 2628 2374 2631 2314 2635 2608 2546 2634 824 1081 2045 2078
2000 29 137 1 93 4 40 6 3 2000 2000 93 93
224 2374 2314 2644 2647 824 1081 2045 2078
2000 136 25 73 3 2000 2000 25 25
224 2374 2314 2672 2674 2675 2677 824 1081 2652 2045 2078 2655
2000 126 140 8 24 8 2 2000 2000 12 140 140 24
224 2721 2722 2723 2724 2374 2314 2701 2675 2686 824 1081 2715 2045 2078 2655
2000 4 1 2 1 207 173 40 188 29 2000 2000 10 173 173 37
224 2374 2314 2768 2675 2741 2771 824 1081 2045 2078 2655
2000 403 98 1 403 55 6 2000 2000 98 98 7
224 2785 2786 2374 2792 2314 2797 2798 2675 2741 824 1081 2045 2078
2000 2 12 250 4 185 1 1 250 290 2000 2000 185 185
224 2786 2374 2825 2314 2827 2799 2833 2675 2741 824 1081 2831 2045 2078
2000 8 274 12 65 2 28 1 274 144 2000 2000 4 65 65
224 2786 2374 2858 2860 2862 2799 2864 2833 2675 2836 2741 824 1081 2863 2846 2869
2000 44 331 39 4 4 185 1 29 331 63 155 2000 2000 5 55 2
224 2913 2914 2884 2374 2858 2891 2892 2799 2896 2675 2741 2910 824 1081 2908 2846
2000 1 8 15 343 88 56 21 182 3 343 205 1 2000 2000 5 127
224 2947 2910 2942 2374 2951 2952 2891 2799 2675 2741 824 1081 2948 2846
2000 1 51 40 439 2 1 9 283 439 212 2000 2000 9 156
224 2976 2978 2980 2374 2799 2961 2675 2741 2966 824 1081 2973 2846
2000 9 2 1 327 290 54 327 284 14 2000 2000 23 37
224 3010 2374 3025 3022 2799 3024 2961 2675 2741 2966 824 1081 3023
2000 1 370 1 29 370 16 50 370 678 2 2000 2000 9
224 3040 3074 2374 3073 3048 3082 3079 3084 3022 2799 2961 2675 2741 824 1081 3036
2000 5 4 561 5 15 5 3 1 14 561 14 561 521 2000 2000 28
224 3138 2374 3144 3145 3147 3086 2799 2675 2741 3097 824 1081 3036 3135
2000 7 587 3 1 1 26 587 587 586 39 2000 2000 1 2
224 3170 2374 3179 3086 2799 3184 3186 2675 3188 2741 824 1081 3194 3164
2000 22 483 20 102 483 7 21 483 2 527 2000 2000 1 64
224 3219 3205 2374 3209 3179 3086 2799 3217 3218 2675 3220 2741 3225 824 1081 3226 3227 3228 3197 3221
2000 8 39 1026 32 16 119 1026 19 10 1026 3 504 10 2000 2000 2 4 1 16 1
224 3283 3205 2374 3086 2799 3288 3218 2675 2741 3287 824 1081 3290 3291 3292 3285
2000 12 88 759 50 759 8 19 759 813 1 2000 2000 2 3 1 18
224 3330 3205 2374 3335 3336 3338 3339 3086 2799 3218 2675 2741 824 1081 3323 3285
2000 1 220 987 6 1 2 2 11 987 16 987 555 2000 2000 25 20
224 3205 2374 3369 3385 3371 2799 3379 3378 2675 2741 3353 824 1081 3386 3323 3381 3285
2000 232 1077 12 2 2 1077 7 4 1077 356 20 2000 2000 2 17 1 53
224 3205 2374 3432 3433 3402 3436 3438 2799 2675 2741 3353 824 1081 3439 3385 3285
2000 315 1017 3 9 65 12 3 1017 1017 197 7 2000 2000 5 21 4
224 3488 3205 2374 3436 3402 3475 2799 3448 2675 2741 3478 3465 824 1081 3483 3484 3487
2000 1 205 795 19 41 24 795 35 795 232 77 17 2000 2000 4 26 13
224 3489 3205 2374 3529 3530 3531 3532 3507 2799 2675 3508 2741 3478 3513 824 1081 3533
2000 23 473 671 1 1 1 1 97 671 671 1 112 150 2 2000 2000 1
224 3488 3205 2374 3489 2799 2675 2741 3478 824 1081 3482 3484 3493
2000 10 630 767 5 767 767 45 5 2000 2000 10 24 1
224 3520 3494 3205 2374 3553 3558 3559 3556 2799 3538 2675 2741 824 1081 3521
2000 11 2 671 689 2 4 2 1 689 10 689 11 2000 2000 2
224 3605 3205 2374 3596 3571 3598 2799 3603 3601 2675 3573 3600 3575 824 1081 3578 3581 3589
2000 4 552 552 5 43 8 552 4 7 552 77 4 10 2000 2000 13 19 18
224 3205 2374 3571 2799 3632 3633 3634 2675 3603 3638 824 1081 3636 3621
2000 621 621 144 621 3 5 5 621 34 1 2000 2000 2 56
224 3649 3205 2374 3657 3659 3571 3647 2799 3603 2675 824 1081 3663 3664 3661 3653
2000 13 743 743 5 1 104 2 743 17 743 2000 2000 3 4 3 5
224 3680 3691 3205 2374 3649 3688 3689 3687 3571 3662 2799 3603 2675 824 1081 3663 3679
2000 2 5 668 668 28 3 9 5 62 5 668 15 668 2000 2000 24 15
224 3713 3714 3715 3205 2374 3724 3723 3571 3725 2799 3728 2675 824 1081 3710
2000 8 54 6 753 753 5 2 272 3 753 2 753 2000 2000 59
224 3714 3205 2374 3752 3755 3571 3778 2799 3730 2675 3767 824 1081 3770 3773 3774 3775
2000 162 885 885 9 60 125 2 885 24 885 18 2000 2000 2 9 4 5
3840 3841 3714 3205 3752 3755 2675 824 1081 3779 2374 3804 3807 224 2799 3571 3828 3832 3835 3837 3838 3839
2 1 42 661 69 140 661 2000 2000 124 661 18 71 2000 661 124 3 1 2 6 7 1
224 3714 3779 3205 2374 3847 3752 3850 3755 3571 3859 2799 3832 2675 3863 824 1081 3842 3804 3851 3807
2000 146 284 1062 1062 64 38 6 315 284 13 1062 34 1062 1 2000 2000 10 128 6 67
3714 3205 3859 3868 3872 3752 3755 3886 3571 3894 824 1081 3779 2374 3912 3913 3918 3804 3807 224 2799 2675
8 473 5 41 69 33 919 12 146 4 2000 2000 146 473 22 19 2 146 126 2000 473 473
3969 3971 3205 3974 3980 3982 3973 3872 3752 3755 3571 824 1081 3779 2374 3912 3804 3807 224 2799 2675 3962
29 4 769 3 1 1 12 23 32 768 496 2000 2000 496 769 1 496 238 2000 769 769 25
3969 3205 3980 3994 3996 3872 4001 3755 3571 4020 4022 4023 824 1081 3779 2374 3804 3807 224 2799 2675 3962 4019
80 484 15 54 21 263 35 1071 456 1 3 3 2000 2000 456 484 456 210 2000 484 484 69 40
3969 3205 4079 3996 3872 4001 3755 3571 824 1081 3779 2374 4058 3804 3962 224 4067 2799 2675 4088 4089 4090 4091
315 217 18 26 372 46 1120 217 2000 2000 217 217 34 217 46 2000 4 217 217 1 1 1 1
3969 3205 4079 3872 4001 3755 4140 3571 4148 824 4153 4154 4155 4156 4157 4159 4128 3779 2374 1081 4058 3804 224 4067 2799 2675 3962
462 142 9 404 60 1357 14 142 15 2000 2 7 2 1 2 1 4 142 142 2000 39 142 2000 170 142 142 60
3969 3205 4058 3872 4001 3755 3571 824 1081 3779 2374 4175 4177 4182 4184 4186 3804 224 4194 4067 4197 4199 2799 2675 3962
411 173 95 170 26 1321 173 2000 2000 173 173 18 5 10 1 3 173 2000 1 204 1 1 173 173 26
4224 3969 3205 4230 4235 4236 3872 4001 3755 3571 824 1081 3779 2374 4175 4058 3804 224 4067 2799 4208 2675 3962
19 510 82 18 4 1 162 29 1338 82 2000 2000 82 82 23 70 82 2000 57 82 32 82 29
