33 40 14 48 49 19 52 22 20
9 3 8 3 8 11 3 55 17
98 107 71 104 105 106 103 109 84
19 2 7 8 1 2 4 1 19
106 171 172 175 84 156
12 16 6 3 12 2
192 257 259 171 84 248 250 252 253 254
41 1 1 25 19 10 7 1 1 3
320 324 325 329 332 274 260 314 316
13 21 7 1 2 21 43 21 8
331 260 325 361 363 365 366 316 349
8 118 7 22 7 3 3 57 21
260 424 427 428 365 430 431 370 413 429 316 349 415
391 2 9 2 84 1 2 33 2 2 132 73 42
448 260 486 489 491 492 365 494 370 316 349 415
78 512 6 3 2 1 161 2 50 108 14 16
448 260 549 486 552 553 523 530 499 533 535 316 543
191 598 1 23 1 1 10 40 87 2 1 38 11
448 260 584 586 590 591 530 499 597 598 599 600 601 570 602
126 568 9 7 24 1 98 8 5 1 1 8 1 57 2
448 260 649 590 625 530 659 662 665 607
63 454 32 68 11 140 7 5 3 12
448 705 707 260 709 710 679 530 700 701
72 3 11 412 1 1 2 189 3 3
448 739 260 530 725 728 701
23 31 710 87 6 62 60
448 739 260 744 746 749 752 753 530 725 728 701
20 66 938 3 14 3 1 3 27 170 266 27
739 260 780 792 725 728 794 796 797 798
105 882 11 9 134 110 2 9 2 2
864 866 739 260 837 840 860 780 848 725 728 836 796 863
9 1 204 790 10 4 2 16 37 115 241 47 80 1
864 898 739 260 904 905 780 848 899 725 728 868 900 796
102 10 163 630 2 8 23 56 9 238 122 49 4 98
864 944 739 260 935 936 937 780 909 941 848 946 947 725 918 919 796 925
33 2 7 94 14 5 13 79 16 1 178 4 1 237 4 16 79 64
976 962 260 965 967 957 961 943 848 937 978 979 725 950 919 955 925
1 9 102 2 9 20 9 100 161 2 4 1 474 16 101 21 100
961 260 967 1003 943 848 1010 725 1025 919 1023 925 1022 981
20 29 68 19 11 207 5 312 2 109 1 11 2 3
1088 961 1090 1091 1089 1036 1039 848 1045 919 1081 1083 725
4 12 4 2 4 1 24 110 19 287 6 7 246
1091 848 725 919 1114 1115 1118
6 71 71 306 11 3 3
929 938 951 848 945 946 725 950 919 921 949
8 27 1 74 14 5 67 5 315 27 2
992 993 938 848 977 725 919 984 990
5 2 71 20 7 46 69 48 4
1028 1029 938 1035 1036 1037 1038 725 984 1034 990
1 11 39 3 2 2 1 38 156 2 118
1088 1090 1091 1029 938 1073 1086 984 1083 990
2 2 5 30 60 17 4 274 7 38
1156 1161 938 1163 1132 1137 1162 984 1149 1151
7 3 1 2 9 43 2 204 4 26
1202 984 1209 1211 1180 1151
43 269 5 1 25 23
1216 1282 1238 1288 1291 1292 1293 1296 1202 1270 984 1274 1278
9 6 13 6 1 1 2 2 29 30 484 5 27
1312 1317 1323 1324 1325 1295 1330 1333 1334 1335 984 1309
77 9 5 8 3 3 1 1 1 3 558 13
1312 1330 1373 1368 1362 1363 1332 1367 984 1369 1370 1372 1309 1342
25 107 2 6 24 14 42 3 315 2 2 2 13 7
1312 1421 1330 1391 1392 1362 1363 1428 1429 1430 1431 984 1370 1309 1342
183 4 78 10 55 183 27 1 1 1 1 595 62 5 10
1312 1392 1479 1330 1485 1486 1453 1490 1362 1363 1493 1495 984 1497 1370 1501
40 9 1 9 7 28 1 11 40 8 2 4 858 2 223 2
1312 1505 1546 1541 1510 1537 1545 1542 1547 1362 1485 1549 1522 1516 984 1370 1531 1532 1533
19 37 5 24 12 9 8 10 2 19 34 3 8 2 437 234 19 11 33
1312 1505 1606 1542 1608 1609 1546 1580 1485 1362 984 1370 1595 1599
45 50 1 21 3 1 4 86 87 45 583 229 20 6
1634 1617 1643 1580 1485 1615 1656 1651 1620 1649 984 1657 1370 1658
59 51 59 44 54 96 1 12 45 6 254 1 32 1
1730 1705 1643 1485 1615 1617 1714 1716 1726 1686 984 1620 1370 1724 1720 1727
2 4 230 83 11 83 5 19 3 6 538 17 17 2 4 6
1617 1643 1485 1615 1777 1778 1782 1783 984 1775
125 250 125 60 14 8 2 1 399 2
1793 1643 1485 1808 1617 984
1 329 60 8 60 256
1865 1866 1643 1485 1848 1617 1846 1847 984
2 5 135 61 7 61 10 4 49
1923 1925 1895 1897 1898 1643 1485 1902 1869 1617 1927 1929 1912 1930
12 5 48 25 50 158 98 24 97 98 4 1 21 1
1937 1895 1898 1643 1485 1902 1869 1617 1977 1979 1980
20 146 75 132 75 89 66 75 27 1 1
1937 2031 1991 2025 1898 1643 2028 1869 1902 1485 2032 1617 2034 1895 1997 2030 2023 2015 2037
3 1 7 52 85 111 2 69 160 85 4 85 2 98 108 5 7 10 1
2081 2082 2083 2084 2085 1895 2025 1643 2060 1997 1902 1869 1937 2072 2087 2077 2078
2 13 2 1 1 439 19 23 39 163 23 61 40 7 2 36 4
2114 2148 2149 1895 2025 2060 2082 2157 1997 2161 2130 2163 2164 2139 2162
12 13 1 309 13 7 99 2 304 3 26 4 1 6 2
2082 2213 1895 2216 2025 2186 2219 1997 2200 2218 2168 2215
29 12 199 2 30 29 1 141 28 3 29 3
1895 2249 2186 2252 1997 2254 2257 2258 2259 2260 2229 2235
37 12 58 2 157 4 3 3 5 2 10 11
1895 2236 2186 2253 1997 2285 2229 2266 2300 2298
12 13 97 10 148 12 59 36 2 2
2336 2339 2330 2342 2314 2253 2318 1997 2285 2324 2229 2266 2333 2335
1 1 3 1 6 102 15 159 4 8 102 6 9 1
2368 2369 2314 2347 2348 2253 1997 2229 2266 2367 2357
2 1 100 5 26 66 283 66 100 1 73
2370 2404 2405 2406 2407 2409 2314 2347 2412 2253 1997 2388 2229 2381 2392 2266 2394 2410 2357
38 10 11 20 11 8 7 16 3 141 252 82 141 113 24 7 1 2 252
2432 2370 2404 2444 2253 1997 2450 2229 2381 2357
14 52 69 6 157 272 8 157 24 290
2229 2370 2467 2404 2469 2470 2471 2472 2473 2253 1997 2463 2357 2455 2468 2459 2453
229 52 5 63 3 1 1 3 1 229 244 5 157 13 1 3 59
2229 1997 2253 2513 2515 2516 2453 2357
202 127 202 14 8 1 168 311
2229 2529 2536 2537 2253 1997 2453 2524 2357
166 52 3 2 166 147 154 42 432
2592 2529 2594 2357 2556 2571 2253 1997 2578 2453 2524 2557 2229
4 18 4 259 50 31 300 347 33 76 16 50 300
2630 2453 2636 2253 2645 1997 2578 2643 2644 2229 2646 2556 2557 2357
29 85 5 232 3 727 14 3 9 232 3 4 14 123
2656 2661 2630 2453 1997 2670 2253 2672 2357 2681 2682 2683 2684 2685 2229
8 5 85 39 636 13 315 21 69 1 2 3 3 3 315
2656 2630 2453 2253 1997 2672 2357 2679 2681 2684 2685 2229
32 32 8 436 748 36 174 6 1 3 2 436
2656 2733 2722 2724 2630 1997 2253 2736 2738 2739 2357 2686 2229
23 25 124 22 101 569 756 22 19 1 70 68 756
2752 2753 2722 2724 2630 2733 1997 2736 2769 2253 2771 2357 2738 2747 2780 2781 2229
14 2 321 126 122 175 112 34 40 1075 4 136 105 152 9 16 1075
2752 2722 2811 2724 2821 2630 1997 2733 2253 2738 2819 2229 2820 2747 2812 2357
25 532 23 87 1 469 25 272 900 235 7 900 6 57 10 90
2722 2875 2724 2630 2866 2253 2733 2738 2835 2357 2874 2747 2876 2877 2878 2229
371 3 28 354 9 819 371 166 37 137 8 32 1 2 1 819
2945 2722 2747 2724 2630 2890 2924 2733 2894 2253 2738 2229 2935 2904 2895 2882 2357
5 337 16 39 536 57 5 416 1 662 210 662 36 19 58 80 190
2962 2968 2977 2722 2979 2724 2983 2984 2988 2733 2991 2993 2738 2995 2996 2357 2994 2229 2882 2630 2890 2253 2904 2935
19 4 23 110 7 74 25 4 10 413 3 4 189 3 1 291 1 285 72 754 122 285 23 48
2977 2722 3043 2724 2630 3042 3017 2890 3020 2733 2253 2738 2979 2357 2935 3039 2882 3037 2962 2229
67 26 11 283 628 4 1 116 17 419 160 166 5 234 5 21 15 3 11 160
3072 3075 3078 3079 3081 3082 3083 2962 2977 2722 2724 2733 2738 2357 2229 2630 2890 2253 3039 3040 3047 3048
6 7 1 2 1 15 2 6 83 6 486 142 133 159 41 891 40 41 7 10 2 40
3104 2977 2724 3109 2630 2890 2733 2253 2738 3124 2357 3126 3127 3114 2229
48 122 74 14 1027 120 251 170 157 1 98 1 1 3 170
3104 2977 3172 3109 2630 2890 3179 2733 3183 2738 2357 3193 3192 2724 3186
11 98 31 150 1103 267 7 143 19 286 93 1 14 19 19
3232 2977 3243 2724 3109 2630 3239 3209 2890 3179 3186 2733 2738 2357 3242 3172 3247 3183 3197 3230
41 108 2 64 94 1104 8 2 293 41 108 108 293 1 2 86 4 64 88 33
3298 2724 2630 2890 3278 3183 2738 3288 3172 3197 3230
1 236 1087 308 21 236 308 1 30 145 54
2724 3334 2630 2890 3339 3341 3342 3183 2738 3197 3230
434 5 940 344 31 5 1 434 344 246 17
2724 3398 2630 3399 2890 3404 3410 3406 3183 3408 2738 3351 3407 3402 3197 3391
381 12 993 8 106 1 2 5 381 1 106 9 1 5 75 12
2724 3430 2630 3399 3432 3433 2890 3431 3183 2738 3434 3415 3428 3197
283 1 728 72 5 2 119 2 283 119 1 13 8 119
3456 2724 2630 3399 3465 2890 3463 3183 2738 3449 3450 3197 3466
4 188 509 92 1 9 1 188 9 9 4 9 1
3522 2724 3525 2630 3494 3530 3532 3534 3183 3515 3516 3518
8 60 8 762 7 1 8 1 60 4 16 4
3588 3590 3556 3582 2630
11 1 18 4 1081
3620 3621 2630 3591 3625 3627 3628 3632 3633 3634 3635 3556 3614
15 3 877 95 23 3 6 4 4 4 2 12 3
3683 3684 3685 2630 3591 3625 3658 3655 3633 3670 3674 3644 3677 3647
3 4 1 391 86 54 48 20 22 15 14 54 27 7
3685 2630 3625 3692 3694 3696 3644 3647
5 352 50 6 4 6 50 5
3729 3737 3734 2630 3713
6 65 14 358 16
3781 2630 3783 3785 3786 3787 3765 3737 3770 3742
1 189 7 1 2 1 7 122 23 3
3840 3809 3811 2630 3833 3737 3835 3837 3839
1 41 18 209 20 90 5 1 8
3737 3867 3865 2630 3863
201 1 1 179 45
3905 3908 2630 3879 3944 3946 3737 3932 3934
14 53 138 5 1 2 429 4 3
3944 3737 3976 2630
57 253 22 167
4001 4002 4003 4004 3944 3981 3737
1 3 4 3 59 48 150
4050 4036 4006 3981 4048 4049 4018 3737 4029 4031
4 2 29 32 3 4 31 341 49 31
4068 4069 4072 3981 4018 4079 4081 4082 4083 4054 3737 4060 4029
5 52 3 11 5 1 1 1 2 47 260 33 41
4069 4135 4072 4137 4138 3981 4082 4148 4149 4054 3737 4060 4116
182 16 2 10 10 51 80 6 6 43 256 19 8
4160 4193 4195 4069 4072 4138 4174 4177 4180 4149 4054 3737 4187 4158 4197
23 4 5 100 27 2 24 24 32 10 23 174 20 1 1
4160 4251 4229 4230 4200 4201 4206 4243 4180 4054 3737 4248 4244 4250 4219 4246 4069
77 1 58 55 15 8 8 6 41 77 12 7 5 2 94 2 25
4229 4296 4298 4302 4303 4200 4277 4278 4219 4069
345 22 8 1 1 27 13 28 63 2
4353 4229 4362 4363 4277 4278 4315
15 390 24 1 57 71 31
4229 4422 4423 4424 4401 4405 4406 4315 4278
161 3 6 1 6 9 18 49 34
4449 4451 4453 4464 4465 4437 4445 4229
1 59 42 48 3 37 46 85
4451 4229 4464 4500 4503 4504 4506 4508 4445 4510 4453
176 95 99 5 3 8 3 5 95 2 6
4546 4451 4453 4551 4552 4554 4464 4529 4536 4537 4541 4542
5 176 18 10 1 2 1 29 35 5 38 18
4577 4451 4529 4568 4567 4536 4569 4542
7 227 72 25 35 97 3 27
