42 46 48 49 51 52 53
33 3 2 1 2 5 1
98 101 70 77 110 79 115 117 118 89 61 62 85
10 27 4 59 12 57 7 24 6 23 24 6 4
101 173 175 117 79 156 165
32 5 2 32 86 3 4
101 136 139 141 144 117 121 126
14 26 1 13 4 14 30 11
101 167 174 117 185 184 121
11 12 17 11 1 9 52
231 232 235 236 237 239 240 121
8 8 5 8 7 2 3 309
256 292 295 271 281 121 287
48 21 1 8 17 323 3
256 352 325 338 271 306 281 121 346 349 351
105 1 46 11 28 130 80 464 13 3 4
256 387 325 358 391 306 281 121 390 383
149 3 39 99 1 4 316 701 4 24
256 121 431 358 281
226 859 1 226 337
256 452 454 358 456 458 459 460 281 121
226 10 8 226 6 2 4 1 109 410
256 358 361 364 367 371 372 281 121
193 193 23 25 9 9 1 39 363
256 421 358 422 367 281 121 414
267 4 267 5 75 78 522 10
256 452 421 358 487 488 486 459 367 465 469 281 485 121 431 476 477 479
270 32 8 270 1 2 1 30 100 3 2 11 1 337 17 20 33 9
256 515 452 358 522 367 496 530 531 533 121 477 476 509
288 21 107 288 17 137 14 1 6 1 288 1 1 15
256 544 546 515 548 549 358 552 524 554 555 452 367 532 121 538 509
328 7 16 111 2 5 328 5 10 1 1 42 355 10 264 5 105
256 544 546 611 614 358 615 616 610 367 561 515 121 570 509 605 613
449 57 74 4 1 449 5 1 5 121 1 3 82 6 199 6 1
256 544 644 645 358 641 620 367 629 632 640 509
465 18 2 7 465 1 18 390 31 20 1 75
256 544 645 358 620 637 629 367 509
149 25 15 149 61 28 23 299 159
704 256 709 358 673 682 620 367 688 690 629 697 509 668 637 703
3 60 2 60 35 29 30 399 69 3 39 5 139 8 48 8
736 673 763 748 682 620 637 688 765 754 759 760 761 762 367 764 509 766
8 10 1 2 195 7 87 153 3 2 1 3 1 1 414 3 74 2
816 773 809 682 367 688 817 818 819 792 637
1 3 4 183 475 52 7 2 1 35 25
864 866 867 869 682 367 819 820 792 857 858 847 862
1 3 2 3 142 365 72 48 127 3 3 44 3
866 682 877 367 882 819 884 885 888 890
27 210 6 708 6 41 42 19 2 1
866 682 910 367 912 915 884 917 916 922 925
114 34 17 655 7 1 22 7 5 12 3
866 963 910 367 884 955
68 10 75 619 54 17
995 1007 1003 910 367 1008 1009 884 955
39 7 4 63 1117 5 1 302 37
1057 1060 1061 910 367 884 955
1 6 3 54 1047 196 126
1093 910 1095 1102 367 1104 1105 884 1070 955
28 7 3 9 1251 8 2 20 176 396
1152 1122 1157 1159 1162 1163 1070 367 1137 884 910 955
10 97 6 8 1 1 146 1265 112 16 70 401
1122 1187 910 1192 1163 1070 367 1200 1137 1205 1206 1211 1209 1210 955
84 22 4 27 37 149 1142 14 91 26 11 1 5 2 126
1250 1192 1257 1070 367 1137 1230 1273 1274 1275
8 46 5 58 880 337 18 4 2 1
1280 1318 1326 367 1137 1331 1332 1070 1335 1336 1309 1333
118 17 6 718 222 3 30 117 1 2 17 2
1280 1376 1361 1386 1070 367 1360 1137 1396 1398 1367 1309
67 6 21 9 148 845 22 150 10 1 36 96
1280 1441 1449 1386 1451 1453 1070 367 1424 1137 1454 1437 1403 1309 1450
129 19 20 23 2 1 81 787 58 229 3 14 11 58 4
1479 1449 1486 367 1457 1490 1491 1493 1495 1499 1471
8 44 3 628 25 9 14 11 2 1 14
1536 1457 1537 367
25 49 1 588
1536 1601 1575 1582 1583 1457 1594 367 1599
67 1 64 6 12 121 11 514 2
1536 1602 1636 1638 1575 1640 1639 1613 367 1457 1619 1623 1625 1626
15 54 7 6 184 1 2 74 344 114 21 62 22 22
1667 1575 1704 1655 1613 367 1457 1619 1649 1623 1688 1699 1658 1692 1695
47 142 1 8 253 384 215 140 2 59 4 1 27 17 13
1667 1575 1613 367 1457 1619 1716 1731 1623 1688 1724
36 87 549 626 110 9 58 2 369 12 4
1792 1767 1771 1766 1777 1769 1623 1575 1613 1735 367 1457 1619 1716 1783 1784 1789 1790
2 36 7 12 13 13 282 38 620 80 739 95 30 47 6 1 1 1
1835 1457 1766 1575 1800 1831 1836 1613 367 1815 1832 1716 1623 1818
3 103 133 148 37 5 2 575 777 3 14 77 133 11
1858 1891 1766 1863 1800 1575 1613 367 1457 1906 1911 1716 1878 1623 1913 1914 1915
49 7 172 34 45 172 368 585 156 3 2 86 9 291 2 3 3
1947 1958 1766 1575 1960 1863 1613 367 1457 1716 1959 1878 1623 1915 1949
9 4 47 47 3 25 413 519 294 76 2 19 582 99 5
1985 2006 1457 1613 1966 367 1969 2004 1998 1878 1623 1976 1978 1999
16 3 320 345 12 345 21 2 2 27 685 85 10 7
1985 2050 2051 1969 2056 2058 2059 2060 1613 367 1457 2037 1878 1623 1976 2040 1978 2045
25 2 2 20 2 1 4 1 386 386 269 12 50 755 86 1 59 2
2112 2113 2114 1457 2103 1613 367 1969 2104 1623 1976 1978 2110 2111
1 5 1 133 4 317 317 18 14 885 260 59 3 4
2144 2147 2149 2120 1613 367 1457 1976 1623 2104 2137 1978 2139 2142
4 1 1 39 136 136 91 196 644 22 23 1 3 13
2144 2212 2214 2217 2218 1613 367 1457 2197 1623 1976 2137 2205
60 10 3 1 3 63 63 147 32 543 245 51 1
2144 2212 2263 1613 2222 367 2254 1457 2258 2197 2262 1623 1976 2235
156 117 1 33 59 33 11 178 1 81 2 486 323 27
2144 2305 2212 2310 2313 1613 2222 367 1457 2254 1623 1976 2296 2302
243 8 36 9 2 41 93 41 300 78 652 495 29 13
2144 2212 2222 1613 2254 367 1457 2350 2366 1623 1976 2296 2302 2367
361 114 75 48 90 48 201 8 3 796 555 40 29 1
2144 2212 2406 2377 2412 2222 2415 1457 2254 1623 1976 2395 2409
349 175 6 45 3 57 1 174 25 703 409 19 11
2144 2212 2378 2222 1457 1623 1976
380 115 1 31 90 912 472
2144 2212 1457 2251 2256 1976 2259 1623 2232
376 47 202 17 4 447 2 712 17
2144 2212 2312 2313 2284 1457 2293 2262 1623 1976 2303
407 19 3 1 6 127 24 95 939 515 10
2144 2212 2313 2314 2317 2352 1457 2293 2262 1623 1976 2365 2367
299 51 38 24 24 92 2 7 151 800 496 1 3
2144 2368 2404 2374 2407 2408 2313 2410 2411 2381 2352 2386 2262 1623 1976 2394 2397 2398 2399
440 45 18 104 7 4 138 1 2 6 2 29 132 887 817 96 20 14 7
2144 2368 2434 2404 2374 2433 2313 2450 2448 2386 2451 2452 2430 2262 1623 1976 2436 2394 2397 2398 2399
576 50 13 27 57 19 50 1 5 36 1 3 61 108 838 677 6 1 83 60 24
2368 2144 2374 2433 2489 2313 2479 2448 2488 2451 1623 1976 2493 2490 2397 2398
179 397 167 89 1 179 32 92 3 60 502 477 1 7 533 14
2144 2433 2498 2374 2368 2504 2313 2507 2508 2509 2510 2479 2448 2451 1623 1976 2493 2397
372 109 1 173 117 2 117 1 1 2 1 250 157 84 421 368 20 668
2433 2563 2566 2567 2569 2570 2571 2448 2451 2479 2313 1976 2493 2368 2374 1623 2397 2526 2144 2533 2541 2543 2549
166 19 1 1 5 3 7 75 124 202 276 692 80 276 104 768 420 17 375 7 7 4 9
2368 2144 2563 2374 2433 2600 2313 2479 2448 2451 2543 1623 1976 2493 2575 2397 2526
138 407 8 101 15 2 138 135 172 122 121 376 376 31 72 551 3
2144 2368 2651 2628 2374 2313 2637 2479 2448 1976 2643 2451 1623 2575 2639 2543 2397
320 89 3 2 19 89 25 263 396 208 14 94 208 122 6 258 779
2144 2704 2694 2575 2313 2637 2702 2479 2448 2706 2451 2709 2710 1623 1976 2543 2397 2653 2368
647 20 17 79 13 69 1 205 272 2 414 6 5 110 110 68 482 179 13
2144 2368 2747 2749 2313 2637 2543 2448 1976 2451 2740 2397 1623 2575 2745 2746 2479 2653 2718 2719
416 83 1 2 83 112 198 275 258 489 5 562 258 67 9 1 232 155 5 34
2752 2313 1623 2575 2448 2451 2479 1976 2653 2368 2757 2637 2768 2769 2770 2772 2773 2774 2775 2776 2777 2397 2144 2543
8 190 500 160 254 414 200 500 111 190 15 86 7 1 1 1 2 1 1 2 1 557 275 147
2820 2822 2313 2827 2829 2830 2575 2448 2834 2451 2799 2479 1976 2653 2368 1623 2397 2144 2832 2793 2543 2803 2814
14 1 175 6 1 3 101 290 1 406 68 101 684 33 175 684 219 401 1 38 91 20 14
2313 2829 2575 2832 2451 2837 2838 2543 2845 2856 2857 2859 2860 2479 2825 1976 2368 1623 2397 2144 2448 2793 2799
73 14 207 41 539 2 23 72 8 7 2 1 2 207 18 327 73 327 343 460 331 9 134
2144 2368 2884 2313 2890 2891 2860 2857 2889 2479 2448 2451 2868 1623 1976 2575 2397 2832 2799
746 46 13 46 1 1 20 1 9 210 303 338 3 403 403 210 210 46 8
2945 2948 2950 2951 2952 2313 2575 2448 2451 2479 1976 2368 2894 2898 1623 2397 2144 2832 2917 2799 2930 2940
5 1 2 2 3 31 174 343 226 174 424 31 97 20 424 174 833 31 13 1 12 13
2144 3009 3010 2979 3012 2917 3014 2952 2894 2575 2448 2984 2451 1623 1976 3013 2479 2397 3007
950 1 7 25 1 16 1 26 44 161 189 12 126 574 574 2 161 161 23
3074 3075 3076 2575 2448 2451 2979 2479 1976 2894 3025 1623 2397 2144 3043 2917 3051 3053 3058 3068 3070 3071
1 4 2 61 200 250 40 61 340 195 11 340 61 1149 19 18 44 12 4 8 42 7
2144 3105 3109 3111 3081 3114 3115 3116 3053 2894 3085 2448 2451 3118 1623 1976 3117 3070 3071
1265 22 18 13 42 13 3 3 47 125 42 372 125 1 238 238 1 39 234
2144 3168 3171 3173 3081 3178 3159 3180 3053 2894 2448 3153 3154 2451 1623 1976 3109 3070 3071
1425 20 1 50 4 19 3 5 161 80 340 39 9 80 155 155 33 73 207
2144 3248 3236 3109 3249 3242 3053 3246 3245 2448 3153 2451 2894 1623 1976 3226 3247 3070 3071
1672 2 1 10 3 5 244 5 1 201 148 5 5 122 122 42 1 277 188
2144 3267 3270 3271 3272 3273 3275 3053 2448 3153 3070 3071
1942 18 6 2 1 3 1 220 58 17 152 58
2144 3303 3053 3310 2448 3313 3316 3317 3318 3289 3070 3071
1888 16 77 9 112 6 1 4 1 20 111 112
2144 3361 3362 3303 3339 3360 2448 3358 3317 3354 3359 3357 3070 3071
1963 1 1 82 20 1 37 1 70 10 1 1 43 37
2144 3405 3375 2448 3411 3413 3382 3415 3417 3418 3419 3070 3071
1914 4 56 86 5 23 25 1 8 3 1 27 86
2144 3457 3497 3498 3435 3468 3469 3375 2448 3443 3417 3481 3484 3453 3071
1888 75 3 1 100 85 61 271 112 40 8 5 17 193 112
2144 3457 3491 3493 3494 3495 3435 3468 3469 3375 2448 3443 3417 3453 3071
1873 52 175 6 2 1 24 39 77 39 127 53 73 94 127
2144 3520 3435 3524 3491 3529 3499 3468 3469 3375 2448 3505 3443 3519 3513 3512 3417 3533 3515 3071
1928 46 14 15 76 1 22 17 109 17 72 33 101 8 5 9 173 3 38 72
2144 3520 3561 3469 3536 3505 2448 3443 3540 3568 3417 3515 3071
1984 262 4 225 93 16 16 97 16 12 163 91 16
2144 3520 3592 3561 3594 3595 3596 3469 3536 3593 3417 3515
2000 374 3 163 1 2 2 214 17 2 167 4
2144 3520 3651 3649 3656 3561 3655 3639 3469 3597 3633 3593 3640 3614
2000 266 8 7 3 347 1 1 248 70 19 14 3 241
2144 3520 3715 3723 3718 3681 3561 3722 3719 3469 3597 3698 3699 3689 3614 3711
2000 474 6 2 2 35 680 3 7 184 174 1 8 8 552 59
2144 3520 3747 3782 3719 3752 3561 3799 3751 3469 3790 3597 3762 3733 3681 3800 3739 3740 3614 3797
2000 496 17 1 92 57 530 4 45 168 7 168 13 4 26 3 82 6 530 1
2144 3520 3747 3844 3846 3751 3752 3561 3719 3469 3597 3848 3762 3821 3843 3801 3739 3614
2000 746 95 1 1 53 161 517 55 357 357 3 49 11 3 17 10 517
2144 3520 3747 3877 3751 3752 3561 3914 3921 3469 3597 3920 3848 3762 3931 3930 3887 3614
2000 603 194 86 84 149 521 9 1 642 642 11 88 8 2 5 69 521
2144 3520 3747 3877 3751 3752 3561 3469 3982 3597 3984 3848 3887 3614
2000 482 556 10 3 263 835 360 5 360 3 173 392 835
4032 3848 3469 3614 3999 3747 3877 3752 3887 4023 4024 3520 4034 4036 4043 4044 4046 3597 4049 4003 4047 2144 3561
3 163 377 884 74 591 40 293 492 7 45 596 3 6 13 1 2 377 1 2 1 2000 884
2144 3520 3747 3877 4097 3752 3561 4108 3469 4110 3887 3848 4116 4118 4073 4024 4091 3597 3614 3999
2000 627 642 39 2 211 853 2 441 3 629 117 1 2 6 6 6 441 853 91
2144 3520 3747 4166 4167 3752 3561 4170 4171 3469 3887 3848 4073 3597 4157 3614
2000 1074 401 31 9 77 478 21 3 374 244 38 39 374 16 478
2144 3520 3747 4200 3561 4204 3469 3597 4210 4212 4190 4216 4217 4218 3887 3614
2000 1101 616 48 616 3 227 227 4 5 2 1 1 2 366 616
2144 3520 3747 3561 3469 3887 4252 4243 4212 4245 4246 4247 4251 3597 4253 3614
2000 821 914 914 265 682 3 8 36 4 21 12 3 265 2 914
2144 3520 3747 4284 3561 4272 3469 4302 3887 4304 4301 4243 4212 4297 4303 3597 4285 3614
2000 690 1032 22 1032 41 278 2 731 2 3 58 258 1 3 278 1 1032
2144 3520 4354 3747 4357 4358 4359 3561 4353 3469 3887 4322 4284 4212 4350 4342 3597 3614 4351
2000 948 3 837 2 3 1 837 2 215 666 7 55 82 7 83 215 837 11
