66 68 70 47 18 56 61
4 4 3 83 106 15 5
98 69 47 18 89 91 93 95
3 25 65 229 15 32 1 1
133 134 136 47 18 91
15 2 2 127 137 37
160 133 47 144 18 150 156
1 71 299 15 338 33 22
162 197 198 199 200 201 47 144 177 18 180 189 191
88 5 3 4 1 2 659 98 21 342 24 1 4
162 228 229 231 202 242 47 144 241 18 243 244 245 246 223
177 9 45 6 55 1 675 31 5 205 4 2 1 2 2
162 229 202 47 144 280 18 276 279 248 249 282 283 284 285 255
190 51 8 542 6 4 105 16 4 48 27 1 3 3 2 1
162 229 335 202 332 338 47 336 337 18 276 280 249 315
171 7 4 73 4 2 283 3 1 428 77 60 59 10
384 353 162 389 390 392 394 396 397 47 18 371 341 374 375 280 249 202 382
6 62 2 2 3 2 9 1 1 409 398 96 23 13 14 52 46 1 16
417 418 390 423 394 47 18 371 341 374 407 280 249 410 399 414
1 1 43 1 78 298 629 83 17 45 25 26 17 62 9 9
424 394 460 47 18 374 471 280 442 475 476 474 446
28 102 54 394 546 28 7 62 18 9 2 2 88
544 549 550 552 47 18 533 471 280 537 542 543
30 1 2 2 201 219 58 25 86 8 1 2
612 550 614 618 620 622 47 625 18 533 598 471 280 606
5 51 15 7 1 1 217 1 34 31 23 32 36 16
647 658 47 657 18 659 660 661 598 280
11 16 35 10 198 7 1 4 88 89
675 683 657 681 679 684 47 664 18 598 280 665
12 2 132 1 12 2 153 89 93 7 181 16
737 743 728 749 47 664 18 725 759 280 657 762 753 733
2 25 5 25 328 46 37 51 3 93 56 4 3 11
769 778 812 749 814 47 816 18 725 818 796 765 789
1 9 8 2 5 415 1 95 50 1 55 58 30
866 830 868 861 47 817 18 819 725 856 858 796 765 862
6 4 1 3 464 25 195 30 47 9 14 80 171 6
896 866 901 907 47 880 18 819 856 796 765
3 76 19 17 300 147 549 71 146 103 187
969 970 973 974 765 880 18 819 47 957
16 10 8 2 174 74 412 156 174 12
992 1029 1031 1032 1033 974 765 880 18 819 47 1020 957
10 4 5 1 3 20 159 16 446 18 159 6 27
1057 765 1064 1066 1069 1070 47 880 18 819 1071 957
13 270 13 2 2 5 270 25 479 38 3 56
1104 1127 1132 1133 1134 765 880 18 47 957 1118
89 8 6 2 1 9 89 440 9 398 15
880 1104 18 1174 1175 1177 957 1118
76 110 577 9 3 2 411 37
1193 1198 880 18 1204 1206 1208 957 1118
35 4 182 392 3 5 1 392 62
1252 1253 1256 1257 1258 1259 1228 880 18 1235 1239 1242 1210 957 1118
7 1 1 11 3 2 95 10 528 120 107 14 104 528 79
1312 1319 1320 1324 1322 1323 1228 1330 1326 1309 1329 18 1235 1269 1239 1305 957 1118
25 13 2 4 5 5 44 1 2 3 6 538 429 44 63 30 538 23
1312 1344 1228 1362 1357 1360 1361 18 1235 1364 1269 1239 1305 1370 1371 1372 957
19 23 46 11 44 12 11 273 547 4 46 42 27 5 2 2 273
1344 1376 1411 1413 1416 1417 1419 1228 1394 1391 18 1235 1269 957
48 9 5 3 8 1 5 26 53 32 176 708 26 176
1344 1411 1444 1447 1417 1228 1394 1391 18 1235 1269 1463 1464 1465 1467 1468 957
32 134 33 43 6 10 78 2 234 666 10 2 12 2 3 2 234
1411 1444 1447 1513 1514 1511 1228 18 1507 1394 1235 1269 1465 957
90 128 68 3 2 3 5 101 12 131 697 5 27 101
1536 1411 1444 1447 1511 18 1518 1507 1394 1235 1526 1528 1465 1531 957 1535
2 41 90 8 10 8 1 10 90 995 2 26 60 17 8 7
1568 1601 1507 1444 1605 1596 1548 1394 1235 1598 1591 1465 1603 1411
23 7 76 91 3 4 52 91 720 11 1 163 4 12
1635 1507 1444 1637 1638 1633 1548 1639 1411 1618 1616 1636 1394 1235 1465 1598
2 82 305 1 1 6 7 1 11 11 262 3 305 366 373 159
1696 1507 1444 1637 1643 1676 1645 1616 1394 1235 1652 1689 1465 1598 1695
2 46 107 7 54 2 39 247 107 417 93 6 293 361 4
1697 1730 1444 1637 1705 1643 1616 1394 1235 1652 1749 1747 1720 1465 1750 1744 1598 1701
76 80 66 32 32 102 345 66 521 317 1 3 36 345 3 1 269 31
1730 1795 1444 1637 1798 1767 1705 1802 1643 1773 1616 1394 1235 1652 1758 1801 1465 1785 1791 1598 1701
138 5 63 38 5 2 38 4 14 33 198 63 186 79 42 2 198 19 14 422 25
1801 1806 1816 1817 1444 1701 1831 1705 1839 1465 1851 1852 1853 1598 1730 1616 1235 1637 1773 1394 1652 1791
7 46 11 193 21 13 2 8 23 355 1 2 1 299 7 355 214 8 65 21 91 91
1891 1895 1907 1773 1806 1913 1616 1905 1906 1235 1652 1910 1817 1465 1915 1598 1791
11 2 2 34 32 3 648 1 6 67 65 2 92 648 2 187 65
1984 1988 1990 1992 1773 1934 1616 1969 1235 1652 1950 1817 1465 1979 1598 1791
4 2 1 1 95 38 763 3 233 233 19 111 763 1 248 233
1988 1989 1990 1992 1993 1773 1934 1616 1235 1652 1817 1465 1598 1791
32 44 24 2 4 8 55 725 424 424 93 725 240 424
2016 2018 1990 1934 1616 1235 1652 2014 1465 2003 1817 2010 2012 1598 1791
1 1 6 68 914 314 314 1 914 12 231 22 2 318 314
2032 2019 1934 1616 1235 1652 1817 1465 2010 1598 1791
1 64 24 1239 284 284 171 1239 64 246 284
2051 2064 2019 2068 1934 1616 2065 2066 1235 1652 2069 2067 1817 2040 1465 2010 1598 1791
3 4 280 2 12 879 2 4 446 446 1 2 166 8 879 280 210 446
2080 2115 2019 2114 2123 2124 2125 1616 1235 1652 1817 2104 1465 2010 2111 2109 1598 1791
13 8 383 1 8 3 2 384 834 834 39 4 384 383 10 2 76 834
2178 2019 2181 2153 2155 1616 2162 1235 1652 2136 1465 2010 2171 2174 1791
4 500 3 90 2 154 2 1096 1096 8 154 500 4 1 1096
2208 1616 2210 2019 2211 2209 2153 2192 1235 1652 2199 1465 2010 2204 2202 1791
2 13 3 1090 1 1 123 27 1452 1452 3 13 1090 14 4 1452
2274 2019 2249 2192 1235 1652 2264 2010 2267 1791
1 1026 6 137 1452 1452 1 1026 3 1452
2273 2019 2325 2309 2323 2315 2316 2320 2319 2192 1235 1652 2318 2324 2010 2267 2302 1791
37 773 1 18 3 2 4 3 4 128 1157 1157 8 2 773 17 40 1157
2336 2273 2019 2340 2341 2342 2343 2339 2192 1235 1652 2010 2302 1791
32 56 821 2 1 1 1 13 43 977 977 821 51 977
2400 2192 2019 2408 2409 2410 2382 2384 1235 1652 2010 2396 2302 1791
8 16 897 3 1 1 16 30 919 919 897 12 153 919
2434 2019 2437 2438 2441 2443 2445 2446 2384 1235 1652 2010 2396 2302 1791
1 914 10 14 7 3 1 2 88 914 914 914 40 400 914
2512 2498 2019 2438 2505 2507 2508 2509 2446 2511 2384 2482 1235 1652 2510 2455 2010 2493 2302 1791
1 23 1038 40 2 3 2 2 29 1 71 14 1038 1038 1 108 1038 1 321 1038
2498 2019 2564 2566 2438 2567 2569 2570 2519 2541 2544 1235 1652 2455 2010 2302 1791
54 1110 4 1 153 2 2 1 30 6 2 1110 1110 157 1110 419 1110
2019 2596 2438 2601 2610 1235 1652 2613 2455 2580 2010 2302 1791
1209 1 103 4 3 1209 1209 2 94 91 1209 462 1209
2019 2632 2634 2636 2637 2595 1235 1652 2613 2455 2580 2010 2591 2621 2302 1791
1279 29 1 2 3 16 1279 1279 53 51 40 1279 22 10 303 1279
2019 2632 2637 2654 2641 2642 1235 1652 2613 2010 2655 2652 2653 2302 1791
1294 27 37 4 14 17 1294 1294 46 1294 1 25 1 400 1294
2019 2707 2632 2683 2701 2702 2703 2704 2706 1235 1652 2654 2676 2010 2655 2302 1791
1152 2 9 8 8 6 6 6 9 1152 1152 36 20 1152 24 453 1152
2019 2724 2757 2759 2761 2756 2764 2701 2737 1235 1652 2654 2745 2010 2302 1791
985 30 5 3 7 2 7 22 24 985 985 17 19 985 574 985
2818 2019 2724 2821 2823 2792 2794 2805 2801 1235 1652 2654 2820 2010 2811 2302 1791
77 1218 64 5 1 1 49 6 3 1218 1218 136 10 1218 4 483 1218
2880 2879 2818 2019 2820 2811 2857 2794 2865 2878 1235 1652 2302 2867 2010 2875 2876 2858 2654 1791
2 6 45 1445 27 25 7 27 8 2 1445 1445 192 3 1445 17 6 14 264 1445
2914 2019 2942 2939 2925 2929 1235 1652 2302 2901 2933 2936 2010 2943 2654 1791
3 1407 2 1 34 32 1407 1407 393 1 18 3 1407 1 181 1407
2945 2019 2981 2987 2989 2990 2925 2929 1235 1652 2654 2933 2010 2971 2302 1791
7 1429 32 3 4 7 23 294 1429 1429 187 28 1429 12 158 1429
2019 3022 3018 3019 3020 3021 2990 3024 2929 1235 1652 2654 3031 2933 3032 3001 2010 2302 1791
1663 10 46 5 4 16 40 10 241 1663 1663 59 1 48 3 31 1663 45 1663
3041 2019 3018 3051 3053 3022 2929 1235 1652 2010 2654 1791
10 1716 59 1 1 16 221 1716 1716 1716 12 1716
3104 3106 2019 3110 3018 3116 3022 2929 3090 1235 1652 2010 3067 2654 1791
8 9 1939 9 159 2 166 61 15 1939 1939 1939 100 23 1939
3104 3168 2019 3140 3018 3022 3090 1235 1652 3167 2010 3067 3132 3146 1791
27 3 2000 14 89 34 15 2000 2000 6 2000 151 11 1 2000
3104 3200 2019 3204 3169 3018 3207 1235 1652 3191 3203 3193 2010 3067 3196 1791
221 5 2000 3 75 166 1 2000 2000 19 3 15 2000 246 3 2000
3104 3169 2019 3018 1235 1652 2010 3067 3226 1791
147 35 2000 67 2000 2000 2000 187 11 2000
3104 3234 2019 3240 3274 3276 3277 3280 3291 1235 1652 3286 3288 3284 2010 3067 3292 1791
5 190 2000 188 18 17 18 2 2 2000 2000 6 5 7 2000 179 2 2000
3234 2019 3301 3240 3305 3306 3307 3309 3310 3311 3304 1235 1652 3291 3289 2010 3067 1791
304 2000 4 49 6 4 3 2 2 2 3 2000 2000 8 26 2000 63 2000
3361 3234 2019 3240 3306 3362 3344 3313 1235 1652 3353 3352 3289 2010 3067 3355 3354 1791
12 317 2000 159 42 2 43 68 2000 2000 3 8 12 2000 31 18 3 2000
3376 3234 2019 3365 3240 3370 3344 3313 1235 1652 2010 3355 3306 1791
1 454 2000 17 45 6 108 44 2000 2000 2000 40 1 2000
3392 3408 3234 2019 3409 3240 3344 3313 3410 1235 1652 2010 3355 1791
5 1 550 2000 1 194 267 194 2 2000 2000 2000 110 2000
3432 3234 2019 3429 3240 3443 3427 3437 3344 3313 1235 1652 3445 3446 3444 2010 3355 1791
7 372 2000 6 150 11 33 13 343 150 2000 2000 2 1 6 2000 18 2000
3488 3234 2019 3429 3240 3468 3475 3458 3471 3344 3313 1235 1652 3491 3479 2010 3487 1791
2 390 2000 88 250 1 5 34 88 218 250 2000 2000 1 2 2000 4 2000
3488 3234 2019 3492 3429 3240 3471 3344 3313 1235 1652 3510 3511 2010 3515 1791
19 659 2000 55 172 182 172 290 182 2000 2000 6 1 2000 1 2000
3234 2019 3492 3429 3569 3240 3565 3471 3344 3313 1235 1652 3573 3577 2010 1791
821 2000 104 133 1 355 34 133 223 355 2000 2000 8 1 2000 2000
3590 3591 3471 3344 3603 3616 3234 3492 3624 3240 3627 3629 3630 3631 3634 3635 1235 3620 2010 2019 3429 3565 3313 1652 1791
11 54 23 443 11 7 919 100 7 380 5 4 2 2 1 2 2000 19 2000 2000 23 14 380 2000 2000
3234 2019 3240 3629 3344 3313 1235 1652 3683 3672 2010 3676 3678 1791
446 2000 592 9 300 592 2000 2000 2 11 2000 23 5 2000
3745 3234 2019 3750 3688 3746 3344 3313 1235 1652 3747 3732 2010 3240 3743 1791
12 229 2000 1 59 6 178 772 2000 2000 12 2 2000 772 8 2000
3745 3234 2019 3781 3782 3783 3240 3688 3344 3313 1235 1652 3732 2010 1791
80 344 2000 4 3 3 974 14 279 974 2000 2000 5 2000 2000
3344 3234 2019 3782 3783 3240 3792 3313 1235 1652 2010 3803 3806 1791
300 316 2000 6 42 960 157 960 2000 2000 2000 50 1 2000
3792 3234 2019 3845 3847 3240 3849 3848 3822 3344 3313 1235 1652 3830 3817 2010 1791
68 332 2000 2 2 948 1 1 58 332 948 2000 2000 28 2 2000 2000
3905 3234 2019 3908 3240 3906 3880 3344 3313 1235 1652 3830 3895 2010 3792 3870 1791
2 333 2000 3 1274 3 15 333 1274 2000 2000 13 1 2000 5 26 2000
3920 3234 2019 3911 3880 3887 3344 3313 1235 1652 3926 3927 3928 3924 2010 3240 3870 1791
5 414 2000 29 185 11 414 913 2000 2000 1 1 1 13 2000 913 5 2000
3967 3234 2019 3983 3880 3979 3982 3887 3344 3313 3954 1235 1652 3972 2010 3240 1791
2 147 2000 1 226 1 1 219 147 938 62 2000 2000 2 2000 938 2000
3234 2019 4017 3240 4012 3880 4018 3887 3344 3313 3954 1235 1652 3989 4022 4021 2010 3999 4019 3998 1791
88 2000 12 867 1 276 13 299 88 867 62 2000 2000 193 2 5 2000 1 25 15 2000
3344 3989 3234 3313 3240 3887 4019 4084 4043 1235 2010 4059 2019 3880 3954 4083 1652 4085 4086 4087 4088 1791
160 153 160 924 924 417 106 1 11 2000 2000 4 2000 262 78 2 2000 1 3 1 1 2000
3344 4114 4117 4119 4122 4123 4124 4129 3234 3313 3240 3887 4019 4130 1235 2010 4059 2019 3880 3954 1652 4085 1791 4093 3989
111 13 16 4 1 6 2 1 111 910 910 393 128 1 2000 2000 20 2000 128 195 2000 32 2000 109 128
3344 3989 3240 3234 3880 3887 4019 4150 4161 4163 4165 4168 4169 4170 4171 4172 1235 2010 2019 3313 3954 1652 4093 1791
184 183 823 184 183 545 183 29 1 7 2 5 1 1 2 2 2000 2000 2000 823 236 2000 332 2000
4228 4230 4235 4236 4237 3344 3989 3887 3234 3313 3240 3880 4019 4150 4195 2010 2019 4209 3954 1235 1652 4093 1791
35 3 6 4 3 335 167 346 335 482 482 167 167 72 32 2000 2000 17 319 2000 2000 471 2000
3344 4245 3240 4252 3234 4209 3880 4267 3887 4019 4277 4150 4278 4301 4303 4305 1235 4308 4309 2010 2019 3313 3954 4307 1652 1791 4093 3989
328 45 324 31 328 47 59 3 256 59 18 38 5 1 14 1 2000 2 2 2000 2000 324 365 3 2000 2000 476 59
3344 4245 4252 3234 4209 3240 4338 3887 4150 4337 1235 2010 4319 2019 4325 4328 4334 4336 3313 3954 4339 1652 4341 4093 1791
640 12 36 640 173 270 3 97 47 2 2000 2000 46 2000 2 24 12 16 270 178 1 2000 1 432 2000
3234 2019 4374 3313 3240 4369 3887 3344 4209 3954 1235 1652 4150 4376 2010 4093 1791
143 2000 3 385 385 37 17 143 368 387 2000 2000 221 2 2000 381 2000
4392 3234 2019 3313 3240 4401 4381 3344 4209 3954 1235 1652 4405 4150 4408 2010 4410 4093 1791
6 30 2000 235 235 17 57 30 235 335 2000 2000 14 125 4 2000 1 572 2000
4418 2019 4453 3313 3240 4427 4433 4381 4209 3954 1235 1652 4150 4440 2010 4411 4451 4093 1791
113 2000 1 250 250 50 4 234 250 13 2000 2000 256 34 2000 34 1 678 2000
4512 4418 2019 4516 4519 3313 3240 4381 4427 4483 4495 4209 1235 1652 4150 4505 4500 2010 4093 4510 1791
8 136 2000 3 1 59 59 329 78 3 24 59 2000 2000 280 1 35 2000 472 17 2000
4570 4418 2019 4552 4566 3313 3240 4427 4557 4381 4209 4561 1235 1652 4150 4532 2010 4093 4510 1791
3 86 2000 8 2 130 130 88 5 496 130 1 2000 2000 290 26 2000 417 37 2000
