65 66 69 71 7 49 62
3 1 1 2 80 16 32
128 131 132 102 7 71 111 81
14 13 1 15 18 143 52 25
160 128 171 102 135 169 138 167 172 111 157
50 77 20 23 15 12 35 77 4 96 45
102 138 111 208 213 214 217 219 157
98 16 51 6 3 1 5 2 58
278 102 232 138 236 111 272 273 274 275 246 217 281 283 284
3 176 29 115 75 151 2 16 5 1 4 5 4 1 2
290 326 102 138 236 322 334 111 336 311 315
5 3 212 58 98 14 5 130 2 21 50
290 102 327 236 332 322 366 111 368 369 367 361 315
33 94 65 140 85 283 2 188 1 1 3 7 115
385 322 379 102 236 371 332 290 111 367 376 377 378 315 387
1 104 10 196 154 2 174 11 64 31 1 24 7 284 2
322 102 423 332 236 429 111 367 437 438 441 440 377 442 315 413
32 153 11 250 226 1 65 9 2 8 4 3 31 11 242 150
512 322 483 102 423 509 332 459 236 111 477 505 502 471 504 377 442 315 413 510 511
2 90 1 49 6 2 24 11 644 139 3 2 4 3 7 11 38 323 462 2 2
544 322 539 548 521 236 111 535 332 442 315 413 543
10 107 1 2 10 634 121 7 11 6 217 292 8
322 580 598 582 588 236 558 111 597 566 315 413 543
81 2 2 21 25 614 43 11 1 30 490 365 70
588 609 322 614 616 620 619 236 598 315 413
11 6 28 10 10 2 2 639 21 552 282
672 673 667 676 646 236 675 631 632 315 413 670
2 1 6 1 11 830 1 40 5 203 402 4
736 737 667 710 712 236 691 724 735 729 315 732 413 702 703
1 3 1 6 10 998 66 16 3 1 152 4 529 23 59
771 236 691 756 760 762 315 413 703
25 777 102 4 11 10 160 646 88
774 775 236 782 783 786 691 788 787 315 413 703
78 59 621 12 12 5 12 1 1 274 545 319
831 834 774 833 811 236 786 825 315 828 413 703
1 1 11 1 23 1169 20 1 394 1 1169 11
901 903 840 905 236 904 786 315 413 703
3 2 66 2 1210 2 66 239 1210 34
960 932 840 236 786 951 315 956 413 958 959
2 8 4 1156 4 14 408 6 1156 2 2
1024 1025 1026 315 998 1007 236 1021 1015 1017 1018 1019 413
2 3 1 517 24 20 1098 5 12 49 22 10 1098
1056 315 1068 1067 236 1084 1038 1007 1083 1051 1052 413
13 285 2 19 993 1 18 64 3 40 45 993
1120 1131 1083 1068 1067 236 1134 1007 1136 1132 1123 1113 315 1052 413
3 1 37 4 47 1000 2 15 1 1 9 8 348 37 1000
315 1171 1067 236 1007 1123 1083 1052 413
460 11 3 890 186 5 53 53 890
1090 1083 1124 1125 1084 1103 236 1122 1007 1115 1123 1112 1113 1114 315 1052 413
22 90 2 1 102 78 939 1 286 10 6 5 21 18 263 90 939
1090 315 1126 1007 1084 236 1133 1103 1148 1147 1146 1142 1112 1113 1114 1083 1052 413
202 224 66 596 28 1440 12 367 1 1 4 32 66 8 3 93 93 1440
1090 1199 1126 1193 1103 236 1133 1052 1007 1083 1170 1147 1194 1112 315 1084 413
58 2 72 12 778 1359 20 54 963 54 32 26 1 72 72 44 1359
1248 1083 1126 1256 1258 236 1007 1240 1170 1235 1112 1103 1052 413
5 66 198 1 4 1239 917 10 1 26 198 887 66 1239
1281 1282 1307 1284 1126 1308 1103 236 1007 1295 1304 1235 1301 1302 1303 1240 1112 1083 1052 413 1269
5 3 2 32 6 1 1271 1596 1271 11 3 57 15 4 8 65 6 48 48 1596 17
1335 1007 1352 1363 1351 236 1103 1235 1303 1240 1083 1052 413
8 911 9 1 20 1152 911 66 87 232 89 89 1152
1415 1417 1420 1421 1423 1424 1425 1303 1052 413 1083 1103 1235 1365 1368 1378 236 1390 1007 1394 1399 1240
4 9 1 27 1 1 1 120 67 1031 67 831 57 16 53 9 1031 2 831 2 7 380
1446 1447 1103 236 1421 1007 1464 1235 1463 1240 1465 1466 1083 1052 413
4 17 1175 1423 34 1175 2 42 2 213 1 2 97 97 1423
1447 1103 236 1007 1488 1490 1240 1083 1052 413
103 1349 1500 1349 3 1 151 165 165 1500
1537 1083 1573 1574 1543 1447 236 1565 1007 1505 1240 1103 1052 413 1515
22 62 1 3 2 27 1733 1 1601 1 65 1601 62 1733 22
1515 236 1007 1552 1521 1240 1562 1103 413
97 1805 1504 3 9 97 2 1504 1805
1568 1537 1538 1566 1569 1564 1515 236 1570 1007 1523 1556 1557 1240 1561 1530 1103 1532 413 1534 1567
6 20 20 1 1 20 132 1771 1 1501 4 17 12 132 6 22 1501 11 1771 97 9
1612 1605 1624 1609 1515 236 1007 1617 1623 1240 1103 1628 413 1534 1580
14 8 8 36 208 1720 1547 13 6 208 1547 2 1720 178 16
1662 1659 1515 236 1007 1651 1653 1655 1240 1657 1103 1660 413 1534
1 3 224 1656 1405 11 5 4 224 2 1405 1 1656 146
1697 1707 1704 1515 236 1709 1710 1007 1714 1711 1240 1103 413 1534
13 15 1 164 1836 6 2 1616 4 1 164 1616 1836 309
1761 1762 1763 1767 1768 1724 1515 236 1709 1007 1769 1240 1754 1103 1756 413 1534 1759
6 4 3 3 3 7 155 1845 38 1732 3 155 13 1732 6 1845 203 15
1709 1795 1814 1798 1809 1816 1515 236 1805 1806 1007 1777 1781 1789 1815 1240 1103 413 1534
8 7 1 6 1 1 162 1838 10 5 1816 26 17 19 3 162 1816 1838 382
1824 1822 1861 1866 236 1826 1007 1880 1777 1842 1875 1844 1781 1879 1848 1881 1103 413 1534
10 69 60 15 2000 37 2000 2 93 26 18 5 64 3 93 4 2000 2000 308
1826 1919 1924 1861 1927 1866 236 1007 1777 1842 1781 1822 1848 1913 1103 1916 413 1534 1887
53 1 3 6 1 140 2000 2000 17 11 20 26 17 59 2000 26 2000 199 4
1953 1826 1935 1950 1866 236 1970 1007 1842 1971 1534 1974 1976 1913 1103 413 1822
11 75 5 15 101 2000 18 2000 38 5 239 4 1 71 2000 2000 53
1826 1955 1967 1982 1981 1866 236 1007 1971 1822 1977 1913 1103 1980 413 1534
69 29 69 1 2 78 2000 2000 6 33 3 179 2000 11 2000 152
2017 1826 1955 1967 1991 1996 1866 1995 236 1103 2008 1971 1534 2006 2007 2003 1913 1007 413 1822 2019
3 107 42 163 18 54 60 26 2000 2000 2 102 163 11 1 26 134 2000 2000 102 2
1826 1955 1866 1995 236 2011 1007 1971 2013 1822 2008 1913 2010 1103 413 2003
73 209 110 70 2000 10 2000 189 5 189 19 291 1 2000 2000 4
1826 1955 2060 2013 1995 236 1007 1971 2038 2025 1913 1103 413 1822 2035
42 89 13 189 241 2000 2000 59 9 10 501 2000 2000 59 6
1955 2082 2091 2102 2092 2013 1995 236 2061 1007 2096 2098 1971 2101 2038 2103 2104 1913 1103 413 1822
8 9 24 1 11 360 400 2000 6 2000 6 1 192 3 62 2 3 686 2000 2000 192
1822 2091 2116 2013 1995 236 2114 1007 1971 2132 2133 1913 1103 413 2110 2101
12 157 17 295 564 2000 8 2000 12 2 7 955 2000 2000 44 42
2091 2116 2013 1995 236 1007 2164 2101 2166 1913 2159 1103 413 2143
18 17 456 660 2000 2000 1 56 4 1182 12 2000 2000 76
2155 2116 2150 2156 2013 1995 236 1007 2161 2163 2101 1913 2159 1103 413 2143
6 15 32 8 381 801 2000 2000 1 2 37 1501 4 2000 2000 19
2208 2210 2116 2214 2156 2013 1995 236 1007 2101 2186 1913 2202 1103 413 2165
2 1 91 5 32 286 927 2000 2000 95 18 1377 3 2000 2000 12
2241 2116 2248 2156 2013 1995 236 1007 2226 2230 2249 2232 1913 1103 413 2238
2 40 3 16 308 1367 2000 2000 5 9 1 9 1558 2000 2000 42
2274 2283 2276 2294 2278 2284 2013 1995 236 1007 2289 2292 2293 2262 1913 1103 413 2238
7 2 14 4 3 9 261 1314 2000 2000 8 3 1 23 1665 2000 2000 55
2365 2013 1995 236 1007 2354 2334 2360 1913 1103 413 2238
3 319 1293 2000 2000 5 25 12 1544 2000 2000 119
2406 2417 2428 2013 1995 236 1007 2392 2415 2429 2425 2424 1913 1103 2396 413 2238
16 6 1 504 1077 2000 2000 3 1 1 3 9 1448 2000 113 2000 24
2471 2013 1995 236 1007 2457 1913 1103 413
3 636 1220 2000 2000 4 1364 2000 2000
2501 2013 1995 236 2546 2510 1007 2514 2547 2548 2479 2511 1913 1103 413 2533
30 482 1199 2000 13 25 2000 14 3 3 60 20 1518 2000 2000 6
2571 2501 2013 1995 236 2510 1103 2576 2574 2581 2511 1913 2586 1007 2588 413
42 168 679 1018 2000 34 2000 6 4 12 27 1321 4 2000 3 2000
2626 2501 2598 2632 1995 236 2638 1007 2641 2642 2510 2646 413 1913 2650 1103 2013 2648 2645
12 205 81 60 1248 2000 21 2000 4 3 24 3 2000 1356 3 2000 644 1 3
2701 2698 2700 2699 2501 2598 2695 2632 2694 2013 1995 236 2669 2638 1103 2681 2697 1913 2679 1007 413
1 1 1 1 21 491 5 143 7 224 1776 2000 47 72 2000 10 2 1776 1 2000 2000
2752 2765 2501 2598 2769 2632 2729 2013 1995 236 2669 2638 1103 2760 2770 2710 1913 1007 413 2767
22 4 46 623 5 245 26 224 1776 2000 245 100 2000 31 2 87 1776 2000 2000 16
2752 2501 2598 2632 2013 1995 236 2669 2638 1103 2710 1913 1007 413
36 36 624 264 162 1838 2000 237 16 2000 92 1838 2000 2000
2752 2784 2765 2787 2788 2501 2598 2632 2013 1995 236 2669 1103 2710 2776 1913 1007 413 2786
109 20 7 1 4 109 490 204 188 1812 2000 72 2000 79 15 1812 2000 2000 1
2752 2765 2501 2598 2823 2632 2013 1995 236 2669 1007 2832 2790 2834 2826 2710 1913 1103 413
28 21 28 291 20 167 77 1923 2000 120 2000 2 14 2 11 49 1923 2000 2000
2752 2880 2883 2501 2598 2823 2632 2889 2013 1995 236 2669 1007 2891 2710 1913 1103 413 2879
27 6 9 27 466 31 268 6 120 1880 2000 4 2000 8 93 1880 2000 2000 1
2914 2598 2823 2632 2921 2013 1995 236 2926 1007 2940 2929 2931 2932 2710 1913 1103 2941 413 2942 2943
36 826 54 41 10 244 1756 2000 8 2000 3 40 4 13 244 1756 2000 2 2000 4 2
2946 2947 2949 2598 2632 2921 2013 1995 236 2914 1007 2929 2710 1913 1103 413
17 1 4 885 20 9 148 1852 2000 4 2000 67 148 1852 2000 2000
2946 2965 2710 2967 2970 2972 413 2976 2979 2980 2981 2598 2983 2984 2985 1995 1103 2013 236 1007 2929 1913
42 13 63 96 1 5 2000 27 5 2 4 1261 3 3 3 1937 2000 63 2000 2000 65 1937
2946 3011 2598 3025 3016 3020 3018 1995 236 1103 2929 3026 3028 2965 2967 1913 3002 1007 413
80 32 764 3 1 4 4 2000 2000 2000 66 2 3 36 10 2000 17 2000 2000
3056 2946 3035 2598 3055 3049 3050 1995 236 3051 1103 3018 2929 1913 3002 1007 413
1 1 26 956 2 30 12 2000 2000 3 2000 13 103 2000 12 2000 2000
2598 3055 3049 1995 236 1007 2929 3059 3060 3061 3063 1913 1103 413
919 5 24 2000 2000 2000 122 8 2 2 1 2000 2000 2000
3077 2598 3080 3081 1995 236 3085 3084 1103 2929 3060 1913 1007 413
28 833 13 6 2000 2000 2 2 2000 73 12 2000 2000 2000
3108 2598 3080 1995 236 1103 2929 3123 3127 1913 1007 413
56 461 122 2000 2000 2000 177 4 1 2000 2000 2000
3168 3169 3108 3141 2598 3080 3148 1995 236 3165 1007 2929 1913 3130 1103 413
1 1 42 24 387 37 5 2000 2000 11 2000 211 2000 16 2000 2000
3235 3236 3141 2598 3239 3080 1995 236 3238 1103 2929 3227 3190 3193 3240 1913 1007 3223 413 3222 3237
12 1 48 267 3 48 2000 2000 1 2000 350 6 15 50 1 2000 2000 15 2000 3 1
2598 3276 1995 236 3279 1007 2929 3193 3223 1913 3273 1103 413
258 3 2000 2000 2 2000 276 41 243 2000 1 2000 2000
3291 3332 3300 2598 3337 3338 1995 236 3341 1103 2929 3307 3223 1913 3322 1007 413
63 4 1 395 4 2 2000 2000 3 2000 438 77 29 2000 24 2000 2000
3383 3307 2598 3366 1995 236 3373 1007 2929 3348 3223 3384 1913 3322 1103 3388 413 3387
7 170 191 47 2000 2000 50 2000 734 36 94 5 2000 15 2000 1 2000 1
3387 3307 3429 2598 3433 1995 236 3373 1007 3408 2929 3366 3414 3223 3384 1913 3322 1103 3420 413 3435
14 147 7 182 1 2000 2000 21 2000 14 911 29 10 13 72 2000 89 2000 23 2000 1
3307 2598 3366 1995 236 3373 3438 1103 3440 2929 3448 1913 1007 3420 413 3423
214 93 108 2000 2000 53 31 2000 4 869 8 2000 2000 46 2000 34
3456 3484 3307 3366 2598 3465 1995 236 3373 1007 3440 2929 3481 3485 1913 3450 1103 3420 413 3423
13 3 304 67 141 3 2000 2000 15 2000 19 728 8 1 2000 16 2000 66 2000 110
413 3489 2598 3496 3498 3507 3508 3511 3512 3513 3516 3517 3518 3520 3521 1995 1103 3420 3423 3366 3494 3307 236 1007 2929 1913
2000 42 155 1 9 3 9 1 9 17 5 3 3 4 3 2000 2000 117 88 1 43 248 2000 2000 756 2000
3489 3307 3537 3498 1995 236 1007 2929 3508 1913 1103 3420 413 3423
38 472 1 19 2000 2000 2000 948 76 2000 2000 204 2000 62
3586 3307 1995 236 1007 2929 3587 3508 1913 3578 1103 3420 413 3547 3423
2 413 2000 2000 2000 767 1 15 2000 23 2000 189 2000 79 21
3617 3618 3307 3621 1995 236 3610 1007 2929 3619 3508 3606 3615 1913 3578 1103 3420 413 3547 3423
2 1 442 4 2000 2000 22 2000 873 2 319 29 2 2000 27 2000 379 2000 33 8
3586 3307 3589 3596 1995 236 3597 3598 1007 2929 3508 3599 1913 3578 1103 3420 413 3582
3 570 3 9 2000 2000 6 2 2000 998 90 1 2000 1 2000 428 2000 4
3617 3307 3589 3622 3596 1995 236 1007 3613 2929 3508 3608 1913 1103 3420 413 3614 3621
2 457 29 1 13 2000 2000 2000 10 1125 218 1 2000 2000 668 2000 3 3
3631 3307 3589 3633 1995 236 3629 3630 1007 3632 2929 3634 3635 3508 1913 1103 3420 413
6 552 8 5 2000 2000 6 14 2000 2 1442 3 1 145 2000 2000 890 2000
3648 3649 3307 3685 3686 3644 1995 236 3680 3630 1007 2929 3508 1913 1103 3420 413 3679
7 4 715 4 1 98 2000 2000 4 27 2000 1449 52 2000 2000 734 2000 5
3692 3307 3723 3690 3718 3697 3644 3722 1995 236 3630 1007 2929 1913 1103 3420 413
5 1046 5 38 14 16 11 10 2000 2000 27 2000 1459 2000 2000 413 2000
3777 3723 3771 3761 3772 3754 1995 236 1007 3727 2929 3307 1913 1103 3420 413 3774
3 136 3 12 1 58 2000 2000 2000 12 1255 1101 2000 2000 154 2000 13
3778 3307 3723 3781 3803 3754 1995 236 1007 3824 2929 3829 1913 1103 3420 413
77 1237 50 10 18 8 2000 2000 2000 6 1287 3 2000 2000 50 2000
3778 3307 3723 3852 3835 3836 3754 1995 236 3853 1007 2929 3829 3832 1913 1103 3420 413 3838
171 1283 1 1 51 4 75 2000 2000 2 2000 1341 99 2 2000 2000 58 2000 3
413 3871 3754 3889 3896 3900 3903 3905 3778 3907 3908 3909 1995 1103 3420 3307 236 1007 2929 3829 1913 3835
2000 6 20 12 14 11 2 1 302 1 3 1 2000 2000 49 1104 2000 2000 1153 158 2000 2
3936 3778 3307 3754 3948 3946 1995 236 3970 1007 3971 2929 3954 3938 3829 3896 1913 1103 3900 413 3960
27 84 909 2 1 21 2000 2000 2 2000 2 909 5 15 184 59 2000 2000 15 2000 11
4032 3938 3307 3972 3946 3978 1995 236 3778 1007 2929 3987 3829 3991 3896 1913 1103 413 4037
2 70 914 1 4 16 2000 2000 149 2000 914 4 280 2 16 2000 2000 2000 2
236 413 4081 3896 3778 4037 4040 1995 1103 4052 1913 3938 4070 4071 4072 4073 3307 4076 1007 2929 4084 3829 4087 4089 4092
2000 2000 11 10 216 47 45 2000 2000 5 2000 52 3 15 18 6 726 20 2000 726 3 494 2 3 2
