38 8 41 42 43 13 45 29
15 36 2 3 2 10 1 52
98 102 38 8 13 93 77 86 29 94
13 2 342 27 258 32 36 25 69 14
163 165 38 8 106 13 147 86 153 155 93 158 159
1 3 292 4 12 211 7 12 12 8 2 1 2
193 226 227 38 225 106 13 190 213 86 183 222 223
30 1 3 140 2 75 250 3 13 75 56 13 11
278 38 106 13 270 272 243 276 277 86 279 280 266
2 145 98 268 2 10 10 2 1 98 2 1 20
38 329 106 300 13 338 86 311 319
127 21 80 7 287 8 80 6 21
38 106 375 13 371 373 86 311 378 382
140 28 19 169 13 19 28 51 4 2
387 420 38 422 423 424 375 428 13 399 435 436 437 311 373
38 11 241 2 9 2 80 6 39 2 2 10 2 144 38
480 482 420 38 484 464 311 472 473 474 444
9 2 28 373 1 1 143 6 2 9 4
513 515 516 518 38 487 501 311 509 510 511
4 1 4 1 424 64 17 118 12 17 1
580 38 487 586 535 557 563 529 595 501 593 311 569 538 510 597
3 593 80 5 3 15 3 117 7 29 5 18 31 66 100 6
557 529 660 538 669 38 683 685 688 692 694 695 696 697 698 699 569 600 613 487 625 627 501 635 510
10 60 10 130 20 551 2 9 1 2 1 1 2 1 1 2 296 5 15 177 15 1 15 15 55
768 766 738 38 487 764 765 760 756 757 728 569 538 763 700 669 510
1 1 14 678 315 2 11 5 15 1 3 90 45 2 98 38 108
669 769 38 487 808 809 807 783 569 538 700 765 510
2 115 1001 583 1 1 5 35 130 9 97 130 229
769 783 38 812 569 700 831 840 850 857 858 859 865 866 868 869 870 487 872 871 765 510
29 98 1148 119 28 139 4 3 9 37 9 4 4 1 2 2 1 363 1 2 28 237
896 899 900 38 487 812 783 887 700 510 895
5 1 1 913 345 138 174 20 88 232 8
900 38 487 924 812 783 919 922 923 700 925 510
47 547 214 3 88 110 15 2 3 40 2 139
961 900 38 487 812 783 943 700 957 510
6 56 652 301 293 58 1 243 3 2
995 900 997 38 487 1000 812 1012 981 1016 985 700
19 37 39 465 288 2 177 2 30 2 2 200
1056 1057 1058 995 900 997 38 487 1063 812 981 1060 1050 700
15 10 11 14 247 16 474 459 1 15 247 3 5 222
1056 1092 38 487 1100 812 1069 1101 1103 1104 981 1102 900 700 1086
196 19 284 99 19 185 18 3 1 1 343 1 343 12 21
1056 1123 900 38 487 1129 1130 1132 1069 1134 1133 981 1114 1119
303 7 442 223 223 11 7 3 54 1 3 442 9 4
1056 900 1190 38 487 1192 1130 1191 1069 981 1174 1177 1178 1194
296 261 3 133 133 1 7 10 41 261 10 2 7 1
1056 1259 900 38 487 1130 1195 1069 1262 1263 1264 1261 1204 981 1238 1239 1178
271 8 99 165 165 32 64 43 2 4 1 2 32 99 26 36 32
1056 1259 900 38 487 1320 1289 1130 1195 1292 1069 1326 1295 1298 1204 981 1325 1178 1327 1278 1311
373 38 198 107 107 13 8 95 103 17 1 1 20 32 95 198 1 95 2 8 3
1056 1377 1378 1347 900 1381 38 487 1385 1130 1259 1295 1393 1331 1204 981 1399 1401 1400 1348 1178
17 26 9 22 199 2 83 83 68 199 123 17 7 47 199 199 1 2 1 82 199
1408 1377 1410 1347 900 38 487 1416 1385 1130 1259 1204 981 1417 1348 1178 1403 1402
32 103 4 168 226 73 73 17 41 226 147 226 226 6 250 226 24 50
1408 900 1427 1178 1445 38 1449 1456 1458 1459 1204 1462 1463 1468 1470 1471 1473 1347 1348 981 1377 487 1385 1130 1259 1402 1403
19 169 7 169 12 133 35 13 4 3 169 23 3 17 9 3 1 195 143 169 62 133 8 169 174 107 104
1505 1347 900 38 487 1130 1259 1517 1204 981 1496 1348 1178 1403 1402 1502 1515
13 91 441 28 28 441 142 2 441 441 4 125 441 71 33 15 6
1568 1569 1539 900 1130 1259 1524 1571 1204 981 1348 1178 1530 1566 1557
4 1 80 562 562 104 62 3 562 562 137 562 13 4 2
1607 900 1605 1606 1575 1608 1609 1578 1259 1524 1585 1204 981 1590 1591 1348 1178 1130
2 563 2 5 37 5 1 45 187 25 18 563 563 7 84 478 563 563
1348 1130 1259 1524 1648 1651 1204 981 1654 1623 900 1178 1578 1653
446 602 173 17 9 8 602 602 5 41 602 602 143 4
1693 900 1623 1690 1689 1130 1259 1679 1651 1204 981 1687 1688 1348 1178 1692 1578 1694 1685
1 529 2 1 1 529 490 6 13 529 529 13 1 377 529 1 145 1 2
1739 900 1702 1736 1130 1259 1740 1204 981 1348 1178 1578 1726
3 378 14 12 378 548 2 378 378 586 378 70 2
900 1802 1799 1801 1130 1259 1804 1773 1204 981 1348 1178 1787 1578 1781
364 6 2 2 364 888 2 6 364 364 356 364 39 104 28
1856 900 1863 1864 1130 1259 1866 1853 1842 1843 1204 1781 1348 1178 1787 1578 981
9 218 3 1 218 1019 1 4 118 43 218 88 366 218 31 194 218
1931 1348 1925 1932 1578 1259 1868 1934 1936 1907 1204 1781 1178 1929 1913 900 1843 1130 981
22 155 14 12 156 1195 11 3 1 39 123 48 123 3 48 123 1 123 123
1984 1985 1986 1348 1925 1958 1578 1259 1907 1973 1977 1956 1979 1981
2 3 1 86 73 28 51 1783 7 32 2 21 3 2
2018 2050 1348 1925 2049 2024 1578 1259 1996 2029 2037 2040 2052 2042 1956 2044 2053
6 2 49 217 2 8 195 1640 83 30 5 20 3 12 7 4 2
2114 2115 1348 1925 2118 2024 1578 1259 2117 1956 2108 2110 2111
2 1 296 138 2 54 6 1525 3 2 37 4 13
2177 2155 1348 1925 2129 2024 1578 1259 2125 2161 2170 2171 2172 2122 2174
4 16 192 168 92 13 112 1542 8 28 4 2 2 31 1
2177 1348 1925 2215 2122 1259 2222 2223 2226 2227 2228 2231 1578
87 15 38 5 87 1741 12 1 14 5 2 2 51
2177 2251 2122 1259 2254 2255 2231 2233 2234 2236 2238
21 15 21 1957 2 1 64 78 96 20 16
1259 2286 2289 2291 2292 2294 2231 2233 2234 2266 2238 2271
2000 3 12 18 10 2 134 94 65 27 158 32
2339 2341 2311 1259 2348 2350 2352 2353 2233 2234 2332 2266
16 15 7 2000 7 3 2 1 140 98 19 54
2403 2341 2407 2409 2410 1259 2414 2386 2233 2234 2396 2266
2 95 8 2 8 2000 1 2 147 33 107 64
2465 2466 2468 2341 2472 1259 2444 2446 2454 2233 2469
3 8 3 35 1 2000 7 18 6 291 2
2528 2475 2341 1259 2454 2233
54 1 13 2000 57 206
2233 2570 1259 2454
68 10 2000 20
2600 2601 2602 1259 2610 2608 2609 2578 2611 2233
2 10 2 2000 1 18 17 30 1 140
2657 2658 2659 2629 1259 2642 2612 2645 2648 2233
9 3 2 85 2000 12 23 55 23 145
2691 2629 1259 2668 2233 2686
2 199 2000 33 109 8
2693 2695 1259 2677 2680 2233 2629
9 4 2000 58 65 338 339
2720 2723 2724 2629 1259 2725 2708 2677 2680 2233 2718 2719
12 1 1 277 2000 1 10 79 54 165 4 1
2720 2754 2629 2758 2760 2761 2762 1259 2736 2708 2677 2233 2747 2757
94 26 307 2 2 1 1 2000 48 39 44 96 7 2
2720 2629 2772 1259 2798 2799 2802 2708 2806 2807 2808 2233 2809
181 221 32 2000 3 5 7 55 2 3 2 115 1
2720 2629 2822 2825 2826 1259 2829 2772 2837 2233 2804
481 481 53 5 42 2000 32 15 6 7 28
2720 2629 2822 1259 2892 2900 2901 2902 2905 2233 2842
528 528 252 2000 32 1 3 4 6 77 9
2720 2945 2946 2923 2948 2629 2822 2919 2940 1259 2914 2937 2842 2939 2908 2941
439 1 4 21 1 439 286 33 7 2000 30 6 35 10 2 2
2720 2914 1259 2629 2822 2919 2952 2923 2989 2991 2994 2979 2997 2950 2842 2939 2970 2974
317 35 2000 317 663 38 1 163 3 3 2 3 1 83 4 35 7 30
2720 3009 3010 1259 2629 2822 2923 3011 2950 2970 2842
223 8 4 2000 223 550 232 1 42 86 14
2720 3042 1259 2629 2822 2923 3022 3030 2970 3039
96 2 2000 96 708 163 73 11 155 7
2720 3104 1259 2629 2822 2923 3022 3056 3058 3092 3102 3030 2970 3099 3100 3101 3098 3071
151 2 2000 151 742 60 50 46 64 12 1 28 338 2 3 6 4 41
3152 1259 2822 3146 2923 3149 3022 3056 3150 2970
2 2000 565 1 238 2 13 28 7 386
1259 2822 2923 3181 3022 3183 3056 3190 3192 2970 3163
2000 586 85 21 13 59 60 22 1 445 35
3200 3233 3243 2822 3250 1259 3181 3247 3217 3218 3252 3190 3225 2970 3183 3197 3245 3199
26 50 3 283 8 2000 50 19 44 93 2 16 4 161 15 4 3 3
3200 3296 3299 2822 1259 3217 3218 2970 3292 3295
122 12 6 92 2000 19 21 49 42 1
3200 3360 3300 3333 2822 3356 1259 3346 3342 3344 3218 3318 3292 3357 3358 3359
96 2 10 9 58 2 2000 24 2 58 52 3 32 12 1 1
3360 3200 3403 3398 3365 2822 3393 1259 3344 3409 3218 3412 3384 3387 3356
18 27 13 5 43 139 23 2000 230 3 96 2 22 26 35
3360 3425 3403 2822 1259 3407 3344 3424 3218 3427 3415 3387 3422
28 3 39 51 2000 10 183 1 41 1 6 58 3
3467 3428 2822 3466 1259 3468 3440 3218
5 44 54 1 2000 1 120 110
3492 3497 1259 3469 3503 3440 3505 3218 3477 3483 3486
2 2 2000 1 5 81 2 174 1 15 4
3553 3563 3558 3561 3562 1259 3564 3570 3567 3440 3569 3218 3571 3551
7 9 2 9 5 2000 15 1 4 25 2 268 2 3
3603 3218 1259 3604 3602
1 172 2000 1 3
3648 3616 1259 3633 3218 3638 3639 3610 3613 3646 3647
3 3 2000 1 419 11 9 7 11 4 1
3688 1259 3698 3696 3656 3218 3700 3702 3703 3610 3676
22 2000 3 6 8 572 5 3 1 136 62
3744 3745 3746 3748 1259 3218 3610 3676 3741 3742
4 5 1 1 2000 716 80 230 2 5
3744 3778 3786 1259 3788 3790 3218 3610 3676
85 26 1 2000 1 1 543 172 62
3744 3840 3843 3816 3818 1259 3793 3218 3828 3833 3610 3835 3836 3838 3839
67 1 2 2 22 2000 2 457 22 1 112 6 11 7 5
3744 3873 3843 3879 3881 1259 3889 3218 3860 3897 3610 3899 3900 3866 3871
105 16 134 21 13 2000 1 581 55 6 97 5 1 14 10
3744 3873 3843 1259 3919 3952 3218 3955 3925 3610 3947 3964 3962 3957
123 44 198 2000 25 8 900 2 54 78 9 1 3 3
3744 3843 3974 3947 4009 1259 3980 4018 4012 4016 4017 3218 3955 4020 3925 3963 4019
180 389 10 51 3 2000 153 3 5 4 1 850 17 1 114 2 4
3744 3843 4069 4063 4072 4076 4074 1259 3980 4077 3218 4019 4020 3925 4054 4056 4053 3947 4067 4031
72 413 9 10 1 2 1 2000 264 2 871 72 76 155 9 16 16 26 9 53
3744 4130 3843 4132 4133 1259 3980 3218 4083 4020 4124
105 2 96 1 2 2000 409 1182 21 250 14
3744 4160 4162 3843 4165 4135 4168 4169 1259 3980 4173 4175 3218 4020
123 8 8 109 9 43 7 6 2000 173 2 3 887 149
3744 3843 4199 4169 4202 1259 3980 3218 4203 4020 4185 4135 4189
214 21 12 28 2 2000 89 411 1 89 6 29 56
3744 3843 4135 4169 1259 3980 4251 3218 4243 4244 4246 4247 4249 4020 4250 4199 4220
45 53 135 196 2000 147 3 192 36 15 2 4 3 147 3 37 52
4256 3843 4263 4274 4169 1259 3980 4269 3218 4268 4020 4277 4278 4135 4282 4220
82 45 27 11 293 2000 106 14 106 13 106 14 1 157 1 186
3843 3980 3218 4263 4256 4135 4269 4020 4169 4301 4303 4308 4314 4315 4321 4323 4324 4325 4326 4330 1259 4220
131 224 224 29 79 86 101 224 80 44 44 2 11 13 1 2 1 2 2 1 2000 500
3843 3980 4367 4370 4372 4375 4376 4263 4382 4383 4256 4388 4390 4135 4393 4269 4399 4402 4020 4169 1259 4332 3218 4343 4220 4350
107 221 22 12 22 15 26 80 9 42 3 9 4 164 3 50 5 14 221 30 2000 23 221 26 627 8
4407 4439 3843 4263 4169 1259 3980 4269 4432 3218 4020 4414 4375 4135 4442 4443 4220 4445 4350
41 6 33 197 3 2000 194 41 6 194 194 26 87 35 5 1 840 4 90
4480 4439 3843 4487 4485 4486 4263 4484 1259 3980 3218 4466 4483 4468 4350 4375 4020 4220 4478
4 177 94 3 1 6 232 3 2000 8 8 64 1 28 27 216 8 549 24
4375 3843 4487 4485 4486 4263 4488 1259 4492 4494 4491 4439 4220 4478
149 28 7 5 14 67 8 2000 1 1 2 196 854 95
4375 4555 4487 4549 4263 4488 1259 4562 4515 4532 4439 4564 4220 4478
82 1 29 25 117 53 2000 2 2 48 221 1 999 102
4439 4612 4613 4263 4615 1259 4591 4616 4606 4599 4602 4220 4478 4549
129 26 6 318 3 2000 17 1 15 7 3 934 71 21
4439 4612 4549 4615 4618 1259 4621 4622 4599 4220 4263 4478
320 45 195 64 4 2000 2 1 118 765 327 100
4612 4549 4263 4599 4663 1259 4652 4661 4662 4439 4220 4478
94 502 319 100 1 2000 91 7 1 581 767 23
4676 4549 4710 4679 4599 4713 1259 4687 4439 4220 4263
147 786 1 104 117 1 2000 3 859 403 236
4747 4676 4549 4263 4599 4679 1259 4727 4751 4753 4756 4439 4728 4761 4762 4763 4220
23 82 313 285 42 176 2000 41 26 22 16 449 56 2 6 1 661
