48 33 19 44 49
1 6 1 13 2
97 106 109 111 113 82 115 116
6 30 30 6 1 48 1 2
130 127
7 21
130 166 169 172 173 137
1 2 3 2 1 8
195 204 205 177 210 212 213
43 8 4 111 3 1 2
256 195 260 233 204 177 248 218 254
15 23 2 17 19 12 2 39 4
256 296 204 304 311 312 313 218
25 11 337 7 1 1 2 64
256 353 354 324 296 364 204 334 360 366 218
154 5 36 31 57 3 336 21 7 2 192
256 354 422 390 392 425 426 395 204 424 407 409 218 421
13 9 14 13 33 14 1 29 195 5 31 13 204 1
480 482 484 485 455 395 204 465 218 478
4 5 3 2 58 38 178 2 255 1
544 513 521 395 204 529 530 534 218 541 543
3 51 37 303 352 4 9 8 138 5 1
513 587 521 395 204 591 592 593 530 579 568 218
144 5 99 483 499 3 4 1 18 1 45 92
640 513 642 619 646 647 648 521 395 204 629 568 633
27 148 2 12 7 1 1 121 465 465 19 107 8
672 513 684 708 521 395 204 654 689 690 659 695 568
1 31 13 1 101 459 459 24 7 5 26 18 157
737 758 710 513 395 204 654 759 760 659 726 755 568 730 751
60 2 25 40 811 811 74 4 1 28 12 9 241 48 2
513 779 758 710 395 204 781 654 785 786 726 568 730 763 765
35 7 7 47 587 587 2 14 6 1 75 30 20 13 6
513 811 807 812 810 395 204 654 726 568
84 3 9 3 11 421 421 30 75 96
864 513 833 810 395 204 846 851 853 726 568 859 862
5 53 1 30 609 609 13 15 5 18 118 4 12
513 395 204 879 912 881 917 918 568 911
68 832 832 40 3 73 13 2 56 16
513 964 967 972 395 204 973 879 881 951
159 24 5 1 824 824 8 183 19 4
513 1035 964 1029 1033 395 204 1005 879 881 1012 1028 1007 1023
179 5 25 8 1 749 749 22 476 44 10 11 29 8
513 1028 395 1007 1053 1063 1069 1077 1081 1084 1086 1088 1089 1093 204 1098 1100 1101 1102 1103 1005 879 881
321 13 507 127 3 66 56 33 11 6 4 3 4 6 507 4 3 4 1 3 19 303 213
1152 513 1137 1063 1153 395 204 879 881 1113 1007 1118 1151
5 174 8 78 2 817 817 338 271 37 271 69 6
513 1186 1195 1188 1196 1063 1193 395 204 879 881 1187 1113 1177 1007 1191 1118
121 3 1 2 1 151 2 939 939 137 347 3 169 6 81 3 17
513 1250 1219 1253 1254 1063 395 204 879 881 1251 1207 1239
322 11 24 1 3 52 1190 1190 11 139 2 19 1
513 1254 1063 1289 1290 395 204 881 1273 1276 1277 1255
293 26 19 7 1 1199 1199 196 5 5 6 15
1344 513 1254 881 395 204 1329 1343 1308 1342 1255
2 591 28 87 967 967 17 2 5 1 68
1376 513 1378 1255 395 204 1394 1392 881 1362
10 686 52 82 986 986 2 3 114 20
1376 513 1378 1447 1448 1449 395 204 1423 881 1427 1429 1439 1255
26 611 30 9 1 2 1064 1064 10 163 9 4 12 53
1376 513 1483 1512 1479 1255 1480 1516 1514 395 204 1518 1423 1520 881 1427 1498 1519
54 205 40 3 12 133 31 1 1 1337 1337 1 50 1 241 24 18 1
1376 513 1255 1516 395 204 1423 881 1427 1531 1532 1534 1535
246 164 273 3 1224 1224 112 287 22 2 15 7 4
1376 513 1571 1574 1255 395 204 1423 881 1561 1563 1565 1567
6 45 3 1 6 911 911 45 640 3 5 5 10
1376 513 395 1601 1611 204 1423 881 1621 1622 1255
4 20 1274 36 17 1274 20 256 1 6 4
513 1611 1669 1601 1672 1673 1642 395 204 1423 881
3 7 9 41 14 6 12 929 929 3 278
1729 1730 395 204 881 1684 1726 1727
5 2 973 973 619 27 3 12
1728 1730 1731 1740 1736 1737 395 204 1741 1742 1744 881 1684 1727
12 1 10 12 6 15 856 856 1 1 1 471 80 76
1777 395 204 1773 1774 1775 881 1779 1781 1782
3 756 756 2 13 3 620 1 1 2
1792 1799 1801 395 204 1774 1807 881 1806 1783 1788 1791
39 1 6 811 811 15 2 734 3 13 42 25
1792 1860 1861 1862 1863 1801 395 204 881 1846 1809
36 2 4 1 2 78 847 847 809 8 2
1890 1896 1801 395 204 1903 1904 881 1907 1908 1909 1910
24 26 266 626 626 9 1 687 1 3 2 2
1984 1986 1987 1988 1896 1801 395 204 1903 881 1942 1975 1945 1978 1967 1980 1964
1 2 1 1 176 160 404 404 53 822 3 9 48 8 2 5 1
2016 1896 1801 395 204 1903 881 1978
13 34 245 239 239 79 821 84
2059 2065 1801 395 204 2060 1903 881 2067 2068 2062 1978 2045 2069
19 9 39 423 423 8 34 664 1 2 1 158 101 2
395 2084 1801 2059 204 1903 881 2106 2101 2105 1978 2045
243 95 23 66 243 23 579 2 22 2 203 165
2146 2147 2084 2161 2153 2123 204 2157 2158 2160 881 2155 2156 1978 2139 395 2045 2110
6 18 25 1 6 114 114 5 1 1 646 2 1 153 16 114 114 159
2147 2084 395 204 881 2165 2166 2180 1978 2045
3 52 165 165 1060 13 8 1 570 165
2084 2183 395 204 2191 881 2165 2212 1978 2045 2197
23 70 70 70 4 805 35 1 526 70 20
2272 2249 2250 2263 2254 881 2260 2231 1978 2271 2268 2239
2 5 32 2 5 390 36 8 182 3 2 11
2305 2313 2314 2316 2285 2318 2317 2288 881 2260 2295 1978 2301
18 1 7 12 13 2 9 42 404 32 12 155 6
2371 2385 2285 2382 2383 2288 881 2355 2260 2389 2390 1978 2363
8 1 118 9 4 40 368 83 38 1 2 167 27
2419 2408 2455 2444 2285 881 2450 2355 2260 2453 2423 2456 2457 1978 2430 2431
9 28 13 1 52 221 2 215 45 7 34 6 3 6 3 10
2513 2519 2285 881 2355 2260 2453 2518 2423 2520 2521 2523 2460
8 6 37 524 85 80 2 13 75 3 6 1 11
2529 2534 2541 881 2355 2260 2518 2423 2521
45 6 41 371 208 70 102 82 7
2529 2545 2551 881 2355 2260 2518 2423 2521 2556
14 2 21 265 467 45 20 31 31 5
2593 2596 2598 2566 2529 2355 2599 881 2579 2260 2586 2558
62 14 1 12 48 752 5 46 15 168 4 98
2529 2625 2637 2640 881 2610 2355 2260 2593 2558
78 23 11 6 26 93 801 269 152 77
2624 2529 2629 2593 2631 2610 2355 2260 2613 2625 2618 2619 2558 2623
1 182 1 339 3 42 512 133 1 1 3 5 206 1
2529 2663 2664 2665 2667 2668 2669 2670 2641 2642 2355 2593 2645
303 11 6 7 3 6 3 2 3 7 189 383 14
2720 2593 2675 2529 2728 2731 2704 2355 2645 2681 2709
21 313 3 155 2 2 38 166 124 48 15
2720 2593 2754 2529 2675 2768 2769 2355 2772 2645 2775 2681 2704 2778 2773
56 110 15 126 3 6 15 94 13 245 2 13 78 4 2
2720 2529 2593 2793 2826 2827 2829 2830 2831 2768 2355 2645 2809 2704
46 118 230 32 4 1 7 1 5 47 19 179 26 134
2720 2593 2793 2891 2892 2704 2865 2355 2645 2871 2872
86 150 67 5 1 101 17 67 28 5 29
2720 2593 2916 2929 2928 2793 2704 2865 2930 2355 2932 2645
134 50 3 3 5 43 20 43 1 270 2 9
2720 2793 2957 2958 2959 2704 2865 2355
57 60 1 1 1 30 60 292
3008 3010 3011 3012 2982 2793 2704 2865 2355 3001 3007
43 1 1 1 36 77 87 77 48 26 5
3045 2982 2793 2704 2865 2355 3069 3070
25 14 25 12 25 83 5 1
3073 3107 3112 3114 3116 3117 3119 3120 2355 3096
14 6 5 1 1 7 3 1 182 28
3155 3174 3175 3177 3180 3181 2355 3163
16 15 14 1 1 3 127 72
3201 3202 3204 3208 3211 3212 3216 2355 3220 3221 3163
28 36 9 6 23 5 7 152 2 1 19
3202 3283 3240 3275 3279 2355 3163 3260
46 12 81 6 7 104 66 7
3202 3334 3315 3240 3319 3309 3342 3343 3344 3304 2355 3287 3163 3295
41 11 7 94 9 6 3 2 1 4 55 43 113 80
3202 3395 3396 3240 3388 3163 2355 3287 3295 3356 3357 3391
129 5 1 68 6 55 137 31 113 20 55 30
3425 3202 3240 3411 3435 3406 3442 2355 3287 3449 3163 3357 3295
56 18 28 13 9 69 1 103 139 6 27 81 16
2355 3492 3491 3406 3287
245 2 2 112 76
3459 3460 3461 3462 3463 3437 3406 3442 2355 3444 3423 3455
2 2 5 3 3 24 29 1 633 9 55 13
3499 3437 3505 2355 3508 3509 3512 3514 3423
5 53 4 574 1 1 1 2 56
3535 2355 3542 3547 3550 3423
78 539 9 2 2 97
3579 3566 3567 3570 2355 3573 3574 3535 3580 3423
2 11 35 6 142 3 6 27 1 181
3616 3617 3620 3621 3622 3535 3603 2355 3608 3615 3423
6 3 4 1 2 34 10 28 50 2 173
3652 3656 2355 3662 3667 3671 3608 3673 3675 3676 3677 3423
8 15 11 21 28 15 32 1 1 4 1 175
3744 3745 3746 3747 3720 3671 3726 3662 3735 3608 3711 3741 3742 3423
11 2 1 1 54 22 43 66 13 50 24 7 7 278
3744 3782 3761 3720 3786 3783 3662 3784 3766 3735 3608 3423
48 1 20 142 2 7 63 1 23 157 16 236
3744 3720 3819 3820 3821 3822 3823 3794 3735 3608 3423
7 168 1 8 2 3 3 8 163 7 144
3841 3873 3720 3862 3735 3832 3835 3423
4 2 135 10 161 12 58 63
3876 3878 3720 3880 3735 3835 3868 3423
8 1 141 1 44 266 8 66
3908 3909 3720 3881 3916 3917 3423 3923 3926 3735 3928 3835 3932 3933 3903
18 28 137 48 7 26 51 7 13 48 29 704 2 2 31
3970 3983 3909 3720 3979 3917 3981 3984 3986 3955 3958 3735 3928 3908 3835 3987 3903
16 2 79 117 10 7 8 2 1 31 77 143 179 7 820 2 85
4033 4034 3909 4038 3720 4024 3987 4020 3958 4023 3928 4037 3835 4031 4030 3903
5 2 50 1 135 31 10 51 41 26 213 1 625 1 46 10
4098 4099 4100 3909 4070 3720 4091 4048 4072 4024 4020 3958 3928 4089 3835 4094 4095
1 3 1 77 15 29 5 9 4 9 89 27 488 21 697 3 2
4133 4141 4142 4089 4020 3958 4151 3928 4116 3835 4157 4158
13 7 1 23 52 23 19 576 59 785 3 2
4180 4164 4170 4020 4174 4175 4176 4178 4179 4116 3958 3928 4153 3835
1 14 2 23 14 3 1 1 1 58 170 152 31 658
4224 4226 4164 4229 4230 4231 3958 3928 4228 3835
1 22 67 1 1 4 184 136 4 595
4164 4265 3958 3928 3835 4285 4286 4287
183 14 110 118 436 3 7 2
4321 4347 4164 3958 4342 4343 4345 3835
6 1 27 431 3 2 1 215
4164 4359 4395 4396 3958 4376 4378 3835
84 6 5 1 83 5 5 124
4450 4443 4452 4451 4436 3958 4439 4441 3835 4445
8 7 3 1 4 16 94 4 48 2
4482 4484 4485 4458 4461 4464 3958 4439 4479
1 2 1 10 29 12 27 36 7
4484 4518 4521 4528 4439 4507
40 6 24 1 46 2
4544 4546 4547 4549 4550 4521 4531 4439 4543
11 1 1 1 1 119 20 119 7
