44 45
2 26
68 45 81 82 54 56
9 32 3 1 52 36
96 98 100 101 45 54 62
2 4 4 1 3 43 27
130 150 135 140 115 54 121 62 133
13 4 2 3 3 5 13 67 2
209 210 211 172 181
4 1 2 87 1
231 172 240 241 243 244 247 248 249 251 253 254
1 145 5 7 2 2 2 2 2 2 1 1
288 291 265 266 172 302 271 300 312 313 315 317
3 3 31 86 47 13 22 6 2 6 2 1
358 360 265 266 371 300 271 368 172 342 375 377 378 315 381 351
8 10 93 11 4 84 89 3 26 21 1 10 2 4 1 2
420 358 265 300 401 411 413 415
10 1 36 275 1 21 122 10
448 449 420 265 300 445 413 415
41 2 145 41 416 2 9 145
513 514 420 486 265 300 493 502 511 506 507 509 415
4 1 164 9 3 270 44 57 3 3 2 18 164
420 529 518 519 521 300 493 532 525 497 531 500 502 516 415
104 2 6 1 4 211 70 3 1 62 1 33 5 11 104
545 579 420 581 577 300 493 497 562 563 500 536 516 570 574 415
59 1 19 2 1 323 66 12 1 7 54 10 54 10 17 19
545 588 587 300 493 497 601 570 603
112 42 12 224 152 12 25 212 1
545 651 645 300 587 588 493 643 497 627 660 601 633 570
179 3 11 181 55 135 266 3 55 41 8 4 17 235
545 651 721 680 588 714 587 300 493 497 692 725 727 666 570
91 9 7 64 84 8 151 91 618 151 40 14 6 197 108
736 545 738 739 730 300 587 588 493 733 497 692 727 724 666 732 570 735
7 12 2 3 8 12 7 85 490 6 7 85 17 13 201 5 85 10
771 780 777 588 493 782 692 727 724 570 666
33 4 14 316 340 4 316 3 14 316 63
802 845 841 847 588 493 846 815 692 570 827
8 1 3 1 202 159 4 21 202 202 3
588 570 692 493 693
173 173 173 415 1
748 746 588 493 692 696 570
3 24 105 415 105 177 105
804 813 746 811 588 493 815 692 696 570 783 797
1 3 44 23 149 336 1 149 367 149 3 44
832 836 838 746 588 493 848 850 692 823 696 570 797
8 106 8 3 233 403 14 1 233 100 293 233 16
897 898 836 901 902 871 876 903 588 493 888 692 886 823 696 900 570
2 2 37 3 1 2 74 1 478 425 3 478 28 44 247 5 478
937 588 493 942 947 692 823 948 570
79 230 786 31 1 230 75 1 230
588 493 942 945 692 974 823 984 985 570 987 986
161 549 116 15 161 17 44 8 4 161 1 2
1024 1026 588 493 942 1011 692 984 1017 570
12 1 118 624 118 90 118 108 12 118
1032 1033 588 493 942 1040 1048 1050 1011 692 1046 984 1049 570 1053 1054
96 20 123 528 118 13 3 1 158 123 15 123 4 123 1 3
1090 1092 1061 1032 1033 1066 1099 588 493 942 1040 1080 1011 692 1046 984 570 1098
12 5 4 268 15 27 1 152 660 58 82 1 272 152 17 152 152 3
1090 1091 1032 1066 588 493 1040 1080 1011 692 984 1076 570 1083 1087
1 2 12 11 221 1071 25 1 12 221 221 28 221 1 2
1125 1126 1100 588 493 1134 1135 692 984 570 1118
4 45 15 162 849 3 1 162 162 162 73
1177 1126 1160 1161 588 493 1134 1144 692 1173 1175 984 1145 570 1179 1178 1118
8 49 38 42 102 466 32 16 102 1 5 102 20 102 2 3 173
1184 1207 588 493 1208 692 1205 1175 984 570 1210 1118 1183
53 12 39 626 1 39 16 219 39 39 4 193 61
1184 1249 1218 1251 1255 1225 1226 1227 493 1267 1175 1273 1274 1275 1271 1118 1183
147 3 12 21 26 29 1 64 537 7 113 1 1 1 6 195 106
1184 1303 1251 1255 1290 1175 493 1295 1300 1271 1118 1183
189 1 115 44 10 164 705 50 1 42 178 130
1184 1344 1346 1251 1318 1351 1353 1255 493 1175 1359 1357 1336 1310 1334 1271 1307 1339 1308 1118 1183
129 1 1 70 52 16 6 72 632 38 2 5 5 11 124 38 38 33 56 306 113
1184 1365 1318 1255 1385 1387 1388 493 1390 1357 1392 1393 1391 1310 1334 1389 1336 1307 1308 1118 1183
11 14 120 164 37 2 1 409 1 15 4 2 4 15 11 2 15 108 22 383 74
1318 1255 1385 493 1423 1430 1433 1307 1308 1118 1183
84 239 92 392 2 2 1 150 65 392 54
1318 1255 1385 493 1423 1424 1307 1308 1118
56 265 174 360 38 1 340 9 360
1440 1318 1255 1480 1385 1452 493 1487 1489 1491 1481 1307 1308 1118
24 36 122 69 302 6 177 4 2 2 21 469 13 177
1255 1480 1385 493 1519 1520 1534 1513 1529 1307 1532 1533 1118
73 26 344 73 2 29 2 13 3 398 5 2 73
1570 1307 1577 1255 1480 1385 1578 1580 493 1581 1513 1559 1563 1532 1118
19 654 9 49 34 384 6 2 49 1 68 144 8 209 49
1600 1563 1255 1513 1559 493 1614 1616 1586 1622 1385 1307 1532 1118
58 9 109 108 23 109 15 2 13 1 253 450 170 109
1600 1659 1615 1638 1670 1385 1653 1586 1620 1621 1513 1658 1307 1628 1532 1630 1631
25 9 26 14 6 356 6 95 7 95 25 12 334 26 128 27 19
1628 1709 1700 1385 1706 1714 1679 1712 1586 1715 1621 1673 1689 1307 1532 1711 1630
60 1 17 565 3 2 201 4 36 1 36 8 57 239 191 3 18
1697 1691 1673 1719 1679 1712 1716 1717 1385 1720 1721 1722 1307 1532
83 8 100 2 188 46 18 1 749 1 1 1 157 145
1697 1762 1724 1691 1761 1673 1385 1679 1751 1752 1754 1307 1532
82 1 37 33 1 73 712 280 9 51 4 109 109
1823 1697 1771 1825 1673 1803 1751 1679 1779 1813 1385 1817 1307 1532 1824 1791
2 47 15 1 225 46 28 108 42 30 545 1 225 225 1 33
1697 1861 1673 1779 1803 1751 1679 1872 1879 1875 1876 1813 1877 1385 1307 1532 1791
123 7 149 2 55 18 180 3 2 2 6 68 4 643 149 149 49
1697 1923 1892 1925 1928 1673 1803 1679 1813 1385 1914 1307 1532 1791
224 14 34 4 2 103 13 429 50 379 6 103 103 66
1984 1697 1986 1983 1385 1679 1813 1947 1949 1791
5 106 1 13 413 542 151 30 16 134
2016 1697 1983 2031 1385 2028 2029 1998 1679 2001 1813 2025 2015 1949 2014 1791
15 177 5 6 349 4 3 2 591 4 35 4 19 33 2 126
1697 2053 1385 2059 2062 1679 1813 2070 2071 2073 2074 1791
21 19 281 14 1 811 62 3 7 43 1 79
2113 2118 2088 1385 2122 2123 1679 2129 2131 2132 1813 2134 2121 2073 2074 2108 2133 1791
6 5 18 358 2 4 684 1 1 4 123 1 5 52 11 52 2 38
2113 2178 2182 2151 1385 1679 2161 1813 2185 2159 2108
43 7 9 8 169 1062 15 99 1 5 58
2210 2212 2213 1385 1679 2161 2194 1813 2200 2203
4 1 1 344 1265 37 15 62 16 6
2210 2244 2245 2246 2247 2248 1385 1679 2161 2194 1813 2236
102 6 3 1 1 1 486 1315 26 12 24 12
2210 2267 2277 2248 1385 2250 1679 2290 2292 1813 2249 2281 2271
298 16 11 107 329 22 1399 9 2 132 44 11 2
2210 2248 1385 2283 1679 2288 1813 2249 2287
175 27 522 4 1255 3 115 196 3
2210 2340 2248 1385 2346 2349 2317 2350 1679 2288 2322 1813 2326 2249 2329 2332 2335
38 10 20 662 9 10 22 1 1286 23 37 42 5 180 24 6 13
2210 2248 1385 2391 1679 2322 2388 1813 2390 2249 2366 2389
134 22 1029 4 954 17 19 17 2 269 17 2
2210 2436 2248 1385 1679 2408 2322 1813 2249 2427
66 5 303 827 1165 16 8 8 234 1
2210 2499 2504 2501 2439 2248 1385 2506 2507 2476 1679 2472 2249 2508
150 16 4 5 158 415 835 7 2 11 1165 44 259 1
2210 2472 2439 2248 1385 2519 2510 1679 2504 2517 2249 2524 2525 2526
80 13 162 686 457 8 1 1543 101 20 183 4 1 2
2571 2563 2504 2566 2439 2248 1385 2539 2573 1679 2576 2472 2577 2517 2249 2552 2556
6 9 82 15 202 800 757 110 6 1243 2 98 7 71 251 16 50
2624 2625 2626 2627 2629 2439 2248 2249 2539 1679 2615 2472 2517 1385 2617 2556
4 3 4 9 8 94 726 284 194 1052 10 220 103 948 16 226
2688 2667 2694 2439 2248 1385 2539 2669 2702 1679 2472 2707 2517 2249 2617 2671 2556 2655
23 3 18 38 572 1164 72 43 21 836 202 9 100 433 5 12 363 57
2724 2439 2248 1385 2730 2539 2669 1679 2736 2472 2707 2740 2741 2742 2249 2737 2556 2655
81 195 463 1360 6 30 42 640 4 106 42 4 1 1 530 2 482 42
2724 2789 2790 2439 2248 1385 2794 2796 2669 2798 1679 2472 2770 2707 2803 2249 2802 2799 2556 2749
10 4 1 10 435 1507 1 4 30 3 493 58 11 30 2 793 4 5 781 57
2854 2857 2853 2844 2855 2248 1385 2858 2669 2856 1679 2472 2802 2707 2837 2249 2809 2556 2749
4 1 5 4 1 293 1707 1 26 1 293 79 15 26 10 948 28 948 15
2881 2918 2248 1385 2669 2921 1679 2472 2802 2707 2249 2920 2905 2874 2556 2749 2911
3 1 422 1578 122 2 422 219 17 122 955 1 5 8 955 17 4
2944 2881 2949 2929 2248 1385 2954 2951 2669 2921 1679 2472 2707 2249 2907 2556 2941
6 121 2 43 543 1457 3 1 146 7 543 457 146 868 15 868 1
2881 2980 2981 2982 2248 1385 2986 2988 2669 2990 1679 2472 2707 2249 2907 2556 2973
14 47 11 7 572 1428 27 2 143 1 572 366 143 996 11 996 37
3018 2881 3010 2907 3024 2248 1385 2986 2669 1679 3005 2472 2707 2249 3023 2556 2973
1 22 8 8 2 820 1180 7 22 820 7 476 22 1084 14 1084 13
3091 3094 2248 1385 3063 2669 1679 2472 3096 2707 3081 3048 3062 2249 3095 3097 2907 2556 2973
3 3 1033 967 13 112 1033 771 1 112 3 4 57 855 6 1 37 855 85
3106 3142 2248 2249 3127 3117 3149 1679 2472 3155 2707 3157 1385 3159 2556 2669
14 9 1169 817 18 119 2 1169 1049 5 14 3 831 1 817 14
3200 3201 3203 3173 2248 2249 3117 1679 2472 2707 1385 3193 3199 2556 2669
3 3 1 16 1419 580 114 1419 1419 1 581 2 10 580 1
3208 3214 1679 3222 3228 2472 3241 3117 3272 3255 3258 3261 3265 3267 3269 3271 2248 2249 1385 3240 3273 2556 3199
1 14 1699 18 13 1699 16 39 1 1 14 43 4 3 3 1 1699 301 301 3 2 301 39
3241 3318 2248 2249 1679 2472 3304 3222 1385 3321 3258 2556 3261 3317
20 12 1788 212 1788 1788 39 46 212 1 46 212 8 2
3222 3335 1679 3350 3354 3355 3360 3363 2472 3369 3370 3373 3375 3376 3377 3378 3258 2248 2249 1385 3241 2556
109 48 1755 5 38 23 23 2 1755 10 3 1 1 1 4 2 109 1755 245 245 1 245
3360 3435 3446 3335 2248 2249 3431 1679 2472 3447 3444 3222 1385 3258 3355 2556
9 12 1 119 1686 314 12 1686 1686 3 1 97 314 97 18 314
3458 3222 3335 1679 3475 3478 3482 3355 3486 3488 3491 3492 3493 3494 2472 3258 2248 2249 1385 3450 2556 3455
37 173 39 1827 18 2 2 185 2 2 3 3 2 1 1827 173 1827 173 173 208 173 151
3458 3491 3528 3526 3335 2248 1385 3527 1679 2472 3523 3222 2249 3450 3355 2556 3258 3455
48 31 4 3 85 1768 232 7 1768 1768 7 232 232 55 60 232 232 51
3553 3458 3588 3590 3335 2248 1385 3594 3595 3596 1679 2472 3222 2249 3592 3577 3258 3355 2556 3546
30 44 34 8 8 1759 241 9 6 6 1759 1759 241 241 1 10 241 27 241 20
3648 3553 3657 3643 3621 3654 2248 1385 3626 3638 3644 1679 3600 2472 3222 2249 3258 3355 2556 3653
4 98 3 14 65 1 1991 9 39 1 4 1991 35 1991 9 9 9 64 9 1
3553 3653 3655 2248 1679 3600 2472 3671 3673 3675
84 99 47 2000 2000 29 2000 4 6 1
3713 3653 3718 3655 2248 3721 3730 3726 1679 2472 3698 3731 3729 3727
7 9 5 301 2000 14 1 4 2000 2000 61 3 2 3
3748 3655 2248 3762 1679 2472 3698 3769 3770
11 155 2000 6 2000 2000 101 6 10
3816 3655 2248 3826 1679 3792 2472 3698 3827 3830 3831 3834
4 278 2000 28 2000 16 2000 48 13 14 4 2
3876 3877 3655 2248 3850 3879 3880 3698 1679 2472 3826 3866 3867 3868
6 1 363 2000 24 3 1 35 2000 2000 84 6 10 36
3899 3876 3655 2248 3850 1679 2472 3826 3896 3867 3868 3901 3902 3903
4 70 397 2000 37 2000 2000 9 4 36 33 1 4 1
3876 3655 2248 3850 3948 3946 1679 3952 2472 3954 3867 3868 3933 3953
72 308 2000 37 3 6 2000 4 2000 2 78 14 17 1
4017 3876 3973 4006 3655 2248 1679 2472 4018 3987 3988 4019 3991 4020 3867 4015
2 79 18 4 38 2000 2000 2000 3 31 13 1 51 1 89 5
3876 3973 4047 3655 2248 1679 4048 2472 3987 3991 4036 3867 4029
84 72 10 65 2000 2000 1 2000 69 9 21 186 4
4107 3876 3973 3655 2248 4103 4110 1679 4112 2472 4084 4086 3991 4113 3867 4095
22 28 167 140 2000 17 2 2000 2 2000 11 24 21 2 256 14
3973 4134 3655 2248 4135 1679 2472 4084 3991 3867 4124 4133
128 3 128 2000 3 2000 2000 10 6 229 5 1
3973 3655 2248 1679 3984 2472 3987 3988 3990 3992 3993 3867
282 255 2000 2000 27 2000 11 21 3 3 1 170
4000 4036 3973 3655 2248 1679 2472 4021 4037 3867 4028 4029 4031
6 1 88 539 2000 2000 2000 7 3 329 13 5 8
3983 3973 3655 2248 3982 1679 2472 3867
1 22 386 2000 3 2000 2000 441
