36 39 40 9 15 51 52 53 30
67 3 10 6 8 6 9 3 4
36 15 79 52 91 92
108 172 15 135 16 2
131 135 105 141 15 147 52 117 150 151 137 148 125
25 66 22 15 140 5 107 3 2 2 2 5 13
182 198 135 204 15 211 52 213 214 215 184 191
13 4 6 5 506 2 12 18 7 1 34 7
289 290 294 263 233 237 15 213 279 184 282 287 255
6 3 3 25 69 116 514 57 5 233 12 7 102
324 326 233 330 237 15 336 305 213 333 311 184 313 335 255
25 7 132 11 195 804 2 29 42 1 25 367 29 4 45
324 391 233 394 363 396 237 398 15 369 213 343 184 397 255
65 20 286 7 82 4 35 1 390 5 56 18 193 3 32
324 423 233 391 363 437 15 432 434 213 438 184 410 255 405
12 8 323 7 151 2 352 6 11 53 1 237 4 79 57
480 483 487 493 233 363 492 491 15 405 489 184 410 255 476 213
9 16 5 1 255 184 1 1 564 96 6 447 27 173 17 82
213 487 233 554 363 15 405 553 184 538 255
1 14 14 1 97 961 14 10 758 32 268
578 579 586 363 588 589 15 184 538 255
14 6 3 98 3 1 1373 1181 56 38
640 642 363 15 594 184 633 538 636 638 639
2 2 32 1290 23 868 2 58 8 2 3
649 363 686 15 688 594 692 184 538 687
18 37 17 1550 5 26 3 871 41 7
747 363 749 686 687 752 594 750 726 184 15 751 735
5 124 2 6 79 2 6 1 13 570 1421 1 10
803 804 805 806 807 811 810 363 15 184 794 687 798
28 2 6 6 5 1 4 32 1432 206 27 13 28
848 847 840 15 816 849 818 851 184 825 794 827 819
1 1 1 1351 51 4 44 2 191 18 81 4 2
898 900 901 878 15 816 884 184 825 794 894
6 7 1 1 1339 114 24 19 24 235 40
962 940 15 816 946 953 794 955 922 894 927
3 77 1338 5 8 1 34 3 17 75 38
1024 1026 1027 1028 1029 940 974 15 1013 1017 922 1020 1023
8 2 4 4 2 49 14 1453 6 9 72 5 2
1069 1062 1063 1064 1065 940 1037 15 1072 1074 1077 1078 1079 1071
1 21 1 16 2 158 40 1543 8 3 1 1 1 2
1152 1121 1153 940 1037 15 1136 1138 1142 1146 1135
3 10 3 315 80 1629 11 18 8 16 5
1184 1187 940 1037 15 1201 1138 1205 1174
3 20 328 8 1672 27 11 4 65
1248 1249 1187 1225 1226 940 15 1174 1244 1246
11 2 43 29 56 356 1644 155 10 22
1225 1226 940 15 1228 1174
12 5 600 1400 3 374
1174 1225 940 1260 15 1270 1271 1273 1274 1276 1277 1278
488 162 463 15 1537 15 4 5 7 1 1 1
1344 1349 1287 1225 1355 940 15 1174 1271 1356 1337
6 8 116 180 8 327 1673 556 5 1 17
1379 1384 1225 940 15 1395 1174 1400 1401 1402 1403 1404 1406
26 26 415 355 1645 12 486 12 1 1 1 1 5
1473 1410 1447 1225 940 15 1424 1395 1174 1468 1469 1470
2 13 45 455 182 1818 12 71 897 7 1 2
1506 1509 1494 1225 1515 940 1485 15 1521 1395 1524 1174 1527 1523 1528 1502
21 8 19 149 9 222 7 1778 1 14 1 915 2 3 1 11
1569 1571 1572 1494 1574 1564 940 1573 15 1557 1174 1561 1532 1525
2 12 2 14 5 2 196 1 1804 95 920 2 119 6
1632 1569 1611 940 1613 15 1621 1174 1623 1624 1561 1532 1599
2 56 29 20 41 1980 6 569 13 21 56 120 166
1664 1613 15 1656 1650 1174 1624 1657 1532 1599
20 4 2000 18 41 632 300 6 163 268
1691 1701 1713 1724 1706 1718 15 1624 1174 1719 1688 1722 1723 1532 1599
21 29 11 1 33 2 2000 42 555 7 93 5 4 176 255
1762 1701 1624 1706 1772 1773 1774 15 1745 1174 1688 1532 1726 1599
3 7 6 20 9 1 1 2000 2 465 97 210 73 93
1823 1825 1826 1827 1828 1701 1819 1822 1774 15 1780 1813 1174 1688 1807 1532 1726 1599
4 2 3 2 1 180 4 7 21 2000 19 11 617 278 20 240 104 84
1858 1701 1862 1826 15 1880 1878 1174 1688 1881 1532 1726
1 425 24 3 2000 3 11 751 309 1 172 51
1924 1701 15 1942 1937 1910 1174 1911 1688 1532 1918 1941
40 369 2000 3 7 26 563 46 406 63 16 4
1984 1985 1986 1987 1701 1958 1980 1964 15 1937 1971 1910 1174 1688 1946 1532
2 2 3 1 198 63 5 12 2000 86 10 40 263 519 10 22
2049 2019 2052 1701 1958 2055 2056 2025 2059 1964 15 1937 2034 1910 1174 1688 2042 2012
11 22 5 215 104 1 2 32 2 92 2000 134 13 12 215 811 27 16
2082 2019 2052 1701 1958 2025 15 2096 1937 2098 2099 2101 1174 2103 1688 2102
2 35 20 152 168 94 2000 11 20 22 3 2 152 1 682 1
1701 1958 2025 15 2098 1174 1688 2140 2141 2142
47 201 47 2000 6 47 418 68 2 2
2145 1958 2188 15 2192 2162 2196 2197 2198 2199 1688 2169 2191 2141
18 87 4 2000 2 16 1 4 2 3 602 99 4 18
2208 2209 2212 2213 1958 2177 2190 15 2214 1688 2169 2206 2207
6 6 4 1 10 1 4 2000 2 587 49 3 11
2241 2275 2276 2279 2280 15 1688 2169 2234 2268 2270
14 1 1 1 2 2000 702 11 29 5 2
2272 2240 2274 2275 2276 2277 2278 2273 15 2264 2261 2262 1688 2234 2267 2271
4 9 8 1 1 2 1 1 2000 15 23 4 588 18 9 10
2336 15 2264 2333 2325 2326 1688 2234 2298 2334
2 2000 35 4 4 8 210 22 34 2
2368 2369 15 1688 2234 2367
3 12 2000 175 175 1
2433 2403 2407 15 2419 2415 2435 1688 2234 2383 2367
5 50 10 2000 2 7 2 186 186 55 5
2433 2491 2436 2407 2478 2383 2480 2481 2488 2484 1688 2489 2234 15
15 1 15 26 1 203 11 1 2 5 442 4 442 2000
2532 2536 2539 2540 2383 1688 2521 2234 15 2525
39 8 6 2 215 597 2 597 2000 10
2571 2532 2536 2575 2539 2540 2383 2568 1688 2234 15 2558
1 273 34 5 34 41 115 5 534 534 2000 9
2594 2619 2532 2598 2536 2539 2540 2383 2616 2610 2611 2615 1688 2617 2234 15 2620 2622
21 1 39 3 21 21 60 147 3 13 7 1 277 2 277 2000 2 1
2656 2657 2540 15 2648 2610 2647 1688 2649 2234 2383 2650 2654 2655
5 1 29 2000 4 66 19 148 19 148 280 4 16 2
2717 2691 2715 2683 2540 2701 15 2712 2610 2709 1688 2234 2383 2714 2718 2677
1 14 6 39 62 12 2000 2 95 14 28 28 281 2 1 18
2724 2728 2761 2540 2766 15 2383 2767
44 159 1 8 9 2000 631 10
2784 2816 2819 2788 2821 2824 2829 2383 2728 15
10 2 3 10 16 4 1 885 179 2000
2849 2860 2828 2383 2832 2865 2866 2867 2839 2841 15
22 22 2 1324 14 9 2 1 40 24 2000
2881 2918 2929 2920 2927 2832 2888 2383 2931 2932 15
18 5 6 28 15 5 5 1395 2 1 2000
2976 2881 2978 2971 2949 2982 2977 2888 2954 15 2961 2967 2938 2383 2942 2981
2 12 4 2 41 2 4 10 2 2000 6 15 33 1433 88 4
3008 2971 2949 3014 3016 3019 2383 3024 3027 3033 3000 3001 15 3011 3007
26 30 62 26 3 12 1240 2 5 1 23 34 2000 14 77
3008 2949 3079 3084 2383 3089 3092 3061 3064 15 3007 3093
10 10 31 4 1356 4 3 5 12 2000 8 8
3168 3169 3170 3163 3142 3079 15 3152 3122 3157 3127 3064 2383 3134
2 2 2 2 12 101 2000 6 74 9 47 161 1499 6
3171 3172 3079 3207 3218 3214 15 3224 3122 3157 3222 3223 3064 3204 2383 3221
6 16 110 1 4 16 2000 1 104 31 4 10 256 3 1329 1
3270 3079 15 3271 2383 3272 3122 3064 3227
4 25 2000 1 1305 1 54 68 19
3300 3270 3314 3310 15 3313 2383 3315 3316 3064 3289 3227 3293
31 32 2 3 2000 1 1216 1 1 66 44 196 50
3362 3300 3270 15 2383 3317 3064 3289 3227 3356
1 133 77 2000 1194 39 213 104 186 3
3395 3300 3397 3270 15 3396 3373 2383 3375 3379 3317 3064 3289 3227
3 297 9 121 2000 10 10 1128 78 11 125 369 74 54
3227 3300 3397 3270 15 3435 3436 3439 3375 3412 3317 3064 3289 2383
100 319 6 158 2000 3 9 7 22 37 96 348 108 753
15 3472 3227 3487 3488 3490 3491 3492 3493 3494 3495 3497 3498 3499 3375 3317 3270 2383 3289 3300 3435 3438 3445 3064
2000 18 94 44 11 5 2 2 10 3 3 4 5 1 16 285 149 815 74 102 22 35 11 102
3554 3300 3493 3270 3435 3565 15 3375 2383 3539 3317 3567 3064 3289 3227 3549 3551
2 124 91 277 143 4 2000 26 936 71 322 3 124 71 238 14 4
15 3609 3227 3612 3613 3616 3619 3493 3375 3270 2383 3539 3289 3549 3300 3435 3565 3317 3064 3579 3581 3583
2000 44 403 5 2 2 1 50 112 295 873 139 151 1 66 198 58 284 66 51 108 17
3616 3493 3270 15 3435 3660 3661 3669 2383 3375 3656 3539 3668 3317 3670 3289 3227 3581 3646 3583
14 38 241 2000 223 22 5 3 783 42 11 245 3 306 3 108 500 108 25 27
3616 3681 3682 3685 3270 15 3435 2383 3539 3317 3670 3674 3227 3676 3677
262 1 157 2 95 2000 93 730 433 483 2 37 509 27 92
3616 3712 3682 3227 3270 3713 3435 2383 3539 3700 3317 3706 15 3677 3711
171 3 44 422 268 4 268 721 542 49 428 4 2000 19 1
3616 3777 3227 3270 3782 3755 3724 2383 3760 3539 3764 3317 3779 3767 3768 3435 15 3677
183 1 397 114 2 21 46 438 5 984 3 324 2 29 15 114 2000 103
3724 15 3227 3616 3755 3760 3771 3791 3270 3783 2383 3792 3539 3803 3677 3818 3435 3821 3826 3317 3831 3833 3839
33 2000 498 183 19 69 10 3 82 10 524 20 780 29 18 4 82 12 5 442 1 6 2
3616 3435 3270 15 3755 3852 2383 3856 3857 3539 3317 3833 3227 3677 3839
28 22 22 2000 25 27 509 2 1 730 487 18 403 209 19
3887 3867 3878 3270 15 3883 3435 2383 3888 3899 3539 3317 3227 3900 3677 3902
19 15 8 10 2000 8 10 630 38 1 413 620 641 6 180 2
3887 3227 15 3888 2383 3539 3317 3867 3677 3902 3903
51 335 2000 26 833 403 833 75 113 7 1
3951 3227 15 3945 3915 3867 3887 3888 3539 3956 3317 3927 3961 3962 2383 3964 3677 3903
1 278 2000 19 33 32 118 21 291 22 725 33 5 2 725 1 100 12
4034 3227 4036 4037 4039 15 4042 4043 4044 4027 3887 3888 4008 3539 3317 3991 2383 3677 3903
2 255 4 1 2 2000 1 3 1 12 50 130 2 337 627 35 627 69 11
4098 4099 4100 4101 15 3991 3227 3317 3888 4027 3903 2383 3539 4052 4059 4060 3677 4063 4080 4085 4086 4090 4094
3 1 3 1 2000 2 77 963 61 181 13 963 484 15 10 15 273 15 13 1 1 1 4
4096 4027 4102 15 2383 3888 3539 4052 3317 4120 4121 4122 3227 4060 3677
5 33 40 2000 595 10 892 16 595 1 6 1 181 52 872
4129 4162 3227 4164 4175 4179 15 4176 3539 4052 3317 4151 4180 2383 4060 3677 4181
64 9 70 16 15 4 2000 5 1048 7 686 19 3 686 3 1048 5
4192 4219 3227 4164 4175 4207 4215 15 4209 4210 3539 4211 3317 4151 4184 2383 3677
132 2 84 3 16 4 1 2000 7 1 988 3 648 6 95 648 988
4192 4263 4264 4265 4247 4236 15 2383 3539 3317 4246 4151 4184 4249 3227 4252 3677
262 2 3 11 1 61 2000 709 855 709 3 52 198 11 103 3 855
4192 3227 4293 4265 4236 4301 15 4314 3539 3317 4151 4184 4313 4297 2383 3677 4309
346 61 37 111 309 26 2000 2 1048 658 61 245 2 14 658 1048 1
4192 4353 3227 4293 4339 4360 4265 4236 15 3539 3317 4151 4184 2383 3677
279 17 37 32 57 9 289 283 2000 1015 820 37 37 820 1015
4192 4293 4339 4392 4265 4236 4398 15 4403 3539 3317 4407 2383 3677
165 51 7 10 380 467 16 2000 20 1181 777 4 777 1181
4192 4450 4463 4293 4456 4265 4458 4236 4466 15 4403 3539 3317 4457 2383 3677
336 15 1 36 33 122 17 228 1 2000 8 886 1114 8 1114 886
4192 4293 4456 4265 4491 4236 4494 15 3539 3317 4472 4473 2383 4508 3677 4510 4511
895 56 119 8 31 228 11 2000 413 1587 19 85 1587 17 413 4 3
4236 15 4510 4549 4527 4532 4537 4539 4542 4543 4544 4545 4548 4293 4550 2383 3539 3677 4192 4456 3317 4473
382 2000 17 2 28 4 5 15 1 2 3 7 4 52 4 1553 447 447 753 24 1553 17
4192 4545 4548 4293 4598 4599 4236 15 4560 4593 4595 3539 3317 4559 4591 4600 4473 2383 3677 4510
813 42 6 42 2 5 310 2000 89 9 1 436 1564 29 7 1 42 1564 436 42
4192 4640 4642 4635 4293 4236 15 4560 4593 3539 3317 4600 4633 2383 3677 4638 4639
1221 2 2 5 33 340 2000 21 31 349 1651 27 31 1651 349 17 2
4192 4560 4675 4293 4679 4684 4236 15 4688 4593 3539 3317 4694 4695 4633 2383 3677
1445 29 52 62 8 7 314 2000 10 9 314 1686 5 1 189 1686 314
4192 4675 4293 4710 4755 4236 15 4560 4754 3539 4756 3317 2383 3677
1494 72 33 7 2 427 2000 46 3 427 2 1573 1573 427
4192 4832 4802 4675 4804 4293 4806 4236 15 4560 4786 3539 4820 3317 2383 4828 3677 4830 4831
1433 1 17 25 9 61 4 503 2000 3 3 503 1 1497 1497 2 503 3 1
4192 4832 4876 4873 4236 4878 2383 4880 3539 3317 4841 15 3677
1098 63 1 46 902 25 1098 5 902 1098 13 2000 902
4192 4832 4873 4236 4878 2383 3539 3317 4889 15 4892 3677 4894 4895
909 33 33 1091 26 909 1091 909 61 2000 64 1091 1 1
