24 34 27 29 13
7 5 11 3 6
32 65 34 41 52 54 55 24 59 61
65 2 38 65 23 8 5 70 12 7
32 97 98 100 101 41 106 105 24 93
237 13 5 9 3 89 3 3 141 14
32 136 41 138 139 140 142 143 144 145 119 24 137 123
224 8 121 1 1 3 4 5 4 1 15 65 8 4
32 169 172 174 177 146 179 180 182 183 184 158
385 4 17 15 12 11 2 11 1 1 1 17
32 224 226 244 174 241 243 180 222 217 185 158
299 6 9 2 81 2 10 21 15 6 25 12
32 288 276 247 174 180 217 185 282 284 286 287
188 1 11 47 59 88 111 146 5 6 4 2
32 217 295 174 305 180 302 247 313 314 316 185
124 4 90 6 2 230 9 32 20 2 1 7
32 353 354 355 388 390 295 375 367 339 180 373 343 380
46 23 8 31 2 1 27 3 4 8 137 4 63 19
32 418 355 428 431 432 180 373 438 343 380 437
97 19 134 8 13 7 292 22 1 108 34 3
32 480 418 355 457 473 460 483 435 180 373 343 436 479 469
161 1 104 77 3 2 6 3 38 342 18 83 16 1 4
32 512 418 483 516 457 490 514 515 435 180 343 509
218 7 48 19 2 27 18 1 6 295 175 247 12
32 548 549 520 522 435 180 343 541 543
170 6 2 20 68 212 78 492 7 11
32 579 550 585 586 599 556 557 593 435 180 597 343 568 564 522
20 11 41 7 6 1 87 8 4 106 59 2 443 3 63 9
640 641 642 550 556 626 435 564 343 180 634 635 637 606 639
1 1 1 168 216 16 134 109 558 18 19 2 4 33 4
641 675 676 678 550 679 663 556 435 564 343 671 606 639
22 7 7 6 189 7 1 168 165 424 265 2 3 3
641 707 550 678 727 556 435 564 343 729 731
73 14 390 344 46 74 359 342 103 10 4
768 641 707 678 550 732 556 435 564 758 343 756 762 764 766 767
6 53 42 388 388 7 11 531 632 3 11 36 1 8 1 11
641 802 771 772 550 678 780 825 556 813 816 435 564 821 788 343 820 794
87 54 64 79 238 238 79 2 56 17 7 458 567 5 4 56 7 31
641 802 771 868 678 550 780 343 556 813 849 435 564 870 855 772 862 869
25 19 28 1 253 253 13 15 15 22 21 274 434 5 19 13 3 2
930 931 862 678 550 871 909 813 913 435 564 917 921 891 884 933
5 3 3 243 243 153 8 11 9 424 464 14 11 50 17 3
960 930 964 678 550 871 813 913 435 564 955 965
5 46 2 319 319 9 60 73 359 685 2 1
960 1024 1026 1027 1028 678 550 813 1006 435 564 1015 1019 1011 930
3 1 3 1 2 310 310 3 8 153 885 12 1 1 24
1043 678 550 1063 435 1076 1077 1078 564
1 334 334 57 77 13 1 1 975
1121 1123 1092 678 550 1127 1117 1104 1125 564 1110 1076 1085 1118 1119
8 10 53 316 316 2 4 26 1 1211 20 11 23 5 4
1153 1092 678 550 1160 1162 1163 1132 1085 1134 1117 1104 564 1143 1156 1149
10 160 290 290 8 8 3 61 1 21 21 9 1221 16 8 54
1184 1186 1188 1092 678 550 1191 1160 1132 1170 564 1175 1177 1172 1149
6 9 5 395 304 304 1 61 203 24 1193 3 5 5 97
1217 1204 1092 678 550 1255 1160 1260 1259 1132 1261 1188 1170 1256 564 1209 1220 1149
19 11 318 82 82 11 74 4 5 245 2 20 65 17 1526 8 49 199
1284 1283 1092 550 678 1160 1289 1132 1170 564 1271 1220 1149
13 22 547 43 43 175 2 539 9 1235 7 26 146
1345 1092 1160 1322 1132 564 1302 1337 1336 1284 1149 1342
11 625 158 7 625 1217 24 1 7 55 318 9
1408 1092 1383 1160 1387 1132 1384 564 1368 1149 1375
1 165 10 129 5 165 12 1706 10 148 29
1444 1446 1383 1384 1447 1132 1437 1160 564 1429 1433 1092 1149
8 3 161 20 1 15 2 80 1905 47 13 15 217
1504 1506 1475 1476 1446 1383 1384 1481 1482 1454 1489 564 1493 1149 1450
1 1 89 41 35 379 6 14 15 23 3 2000 22 89 6
1547 1536 1538 1475 1476 1383 1545 1546 1515 1454 1539 564 1540
1 1 4 12 41 256 1 1 41 99 6 2000 10
1538 1571 1540 1383 1570 1454 1554 564 1550 1561 1476
123 2 79 70 4 150 2 2000 67 3 123
1538 1540 1605 1606 1383 1611 1612 1613 1582 564 1454 1590 1476 1550 1599
18 90 4 4 27 4 1 2 66 2000 90 13 18 34 4
1540 1639 1644 1582 564 1550 1590 1454
44 7 2 165 2000 68 28 44
1664 1697 1540 1639 1704 1582 1674 1703 1454 564 1550 1705 1691 1695
30 4 136 103 3 9 38 9 136 2000 304 2 67 1
1755 1732 1639 1735 1740 1550 1713 564 1750 1752 1748 1691 1756 1758
1 72 115 13 2 230 25 2000 1 6 5 72 6 1
1824 1806 1827 1732 1768 1826 1550 1808 1713 564 1813 1783 1812 1691 1821 1823
1 25 1 124 17 1 180 5 43 2000 15 17 5 124 1 1
1889 1826 1891 1732 1861 1832 1550 1871 1768 1875 564 1813 1878 1881 1880 1892 1691 1885 1845
8 74 3 124 23 7 170 38 7 10 2000 44 1 4 3 10 124 7 89
1826 1732 1813 1929 1550 1871 564 1934 1935 1944 1945 1946 1691 1918 1845
131 164 18 1 185 67 2000 20 3 3 6 1 164 39 66
1952 1826 1732 1996 1997 1550 1871 1969 564 1934 1691 1845
5 192 626 3 7 103 204 36 2000 59 626 45
2049 1826 2051 1732 2053 2054 1871 1969 564 2009 1691 2036 2047
5 194 1 828 1 1 494 122 2000 8 828 10 3
2081 1826 1732 2088 2089 2090 2060 1871 1969 2066 564 1691
12 232 1143 2 4 1 195 722 151 24 2000 1143
1826 1732 2117 2118 2119 2060 2094 1871 1969 2066 564 2104 2106 1691 2111
181 987 2 5 2 150 31 639 114 59 2000 11 37 987 1
2146 1732 2150 2153 2060 1826 1871 2156 2066 564 2137 2106 1691
115 960 4 2 103 1 655 1 203 2000 56 87 960
2146 1732 2214 2215 2217 2218 2219 2060 2210 1871 2066 564 2167 2137 2106 1691
34 814 6 2 9 5 1 86 4 733 209 2000 104 125 101 814
2146 1732 2260 2167 2060 2253 2254 1871 2066 564 2261 2263 2264 2137 2106 1691 2238
17 409 16 33 7 21 21 392 216 2000 9 10 3 33 90 409 13
2176 1871 1732 2199 2169 2191 2193 2066 564 2197 2137 2167 2200 2201 2106 1691
2 871 871 1 8 11 21 150 2000 4 28 28 2 1 214 871
2233 1732 2216 2249 2250 2251 1871 2248 564 2167 2137 2106 1691
3 908 15 6 1 1 908 10 2000 4 4 225 908
1871 1732 2255 2291 564 2293 2294 2263 2296 2106 1691
806 806 172 3 2000 6 3 175 1 52 806
2338 2339 1732 2342 2343 2255 1871 564 2263 2296 2340 1691
15 3 921 3 5 44 921 2000 159 22 4 921
2368 1732 2359 2382 1871 2384 2387 564 2389 2263 2296 1691
2 908 44 38 908 1 87 2000 2 197 63 908
2427 1732 2382 1871 2387 564 2421 2263 2424 2426 1691 2428
1 655 42 655 77 2000 13 403 22 3 655 1
1732 2438 2439 2443 1871 2450 2387 564 2421 2454 2263 2452 1691 2453
913 3 8 8 913 6 29 2000 37 1 88 2 913 2
1732 2470 2439 2476 1871 2480 2387 564 2485 2263 1691 2493
735 83 4 7 735 62 60 2000 4 114 735 5
2512 1732 2533 2470 2535 2506 2476 1871 2480 2529 564 2517 2263 2521 2525 1691 2493
3 669 3 148 2 42 77 669 51 1 2000 37 2 28 2 669 50
2506 1732 2470 2599 2600 2604 2602 2603 2476 2574 1871 2480 564 2517 2521 1691 2493
139 516 250 4 16 6 8 1 35 52 516 107 2000 125 15 516 39
2574 1691 2470 2602 2480 564 2615 2617 2493 1732 2506 1871 2517 2646 2653 2655 2656 2657 2659 2662 2663 2664
13 450 449 3 326 2000 9 9 29 450 222 450 159 34 5 3 1 4 4 4 4 5
2688 2704 1732 2470 2689 2696 2506 2700 1871 2480 2705 564 2517 2692 1691 2703 2493 2687
35 2 299 594 24 15 258 8 299 231 3 2000 175 3 299 3 25 20
2688 2721 2722 2723 1732 2725 2470 2506 2724 1871 2480 2720 564 2517 2713 1691
44 4 7 1 44 5 812 44 1 44 213 1 2000 335 18 44
2768 2754 2779 1732 2470 2772 2506 2734 1871 2480 564 2517 2777 2713 2778 1691 2781
5 38 2 40 1005 2 40 29 40 140 2000 455 1 65 1 40 2
1732 2470 2822 2506 2827 2734 1871 2480 2834 564 2517 2806 2841 2713 1691 2805
69 766 45 69 16 19 69 424 18 2000 325 19 4 131 69 46
2849 1732 2470 2879 2506 1871 2480 2834 564 2517 2868 2713 1691 2876 2805
89 349 566 1 349 349 142 22 2000 558 25 31 349 5 44
2713 1691 2849 2470 2480 564 2868 2876 2805 1732 2886 2506 1871 2517 2915 2919 2922 2926 2927 2929 2931 2933
42 498 163 452 2 2000 39 60 8 498 63 498 498 676 15 12 9 6 4 1 2 3
2849 2978 2971 1732 2470 2886 2977 2953 2506 1871 2972 564 2517 2713 2868 1691 2876 2973
317 1 7 167 1090 20 9 20 167 167 4 2000 538 85 12 167 128 13
2953 2713 1691 2849 2978 2470 2985 2988 2990 2996 564 2876 3018 3008 1732 3013 3014 2506 3019 1871 3025 3027 3028 2517 3030 3001
58 3 241 112 20 866 67 8 53 24 2000 46 6 1 241 26 20 241 3 241 2 2 1 449 1 15
3067 1732 2470 3055 2985 2506 1871 3057 3027 564 2517 3064 2996 1691 3068 3069
2 626 321 8 88 626 626 1 19 2000 421 14 4 626 5 1
3099 1732 2470 2985 2506 3086 1871 3088 3027 564 2517 3095 3096 3076 3098 1691 3100 3101
2 622 284 211 622 33 622 12 157 2000 376 2 2 38 5 622 1 2
1732 3110 2470 3112 2985 2506 3086 1871 3027 564 2517 1691 3101
411 2 329 1 91 411 162 411 275 2000 456 411 45
3136 3138 3139 1732 3109 2470 2985 2506 3086 1871 3027 564 2517 3113 3140 1691
68 2 1 602 18 322 263 602 9 602 322 2000 535 48 3 602
3136 3174 3202 3203 1732 3109 2470 3201 2985 2506 3148 1871 3152 3027 564 2517 3113 3192 1691 3165 3199
141 15 4 1 900 98 293 8 138 900 17 900 22 293 2000 368 30 16 900 41 1
3136 3152 1732 3205 2470 2985 2506 3232 1871 3216 3217 3218 3027 564 2517 1691 3229 3109
338 6 895 224 356 247 895 4 895 40 28 16 356 2000 253 895 5 29
3205 3216 3217 3218 1691 2470 2985 3250 564 3136 3266 1732 2506 3277 3278 1871 3282 3027 3284 2517 3286 3285
257 395 11 17 846 215 444 28 2000 215 25 846 846 11 1 846 7 215 22 444 1 2
3136 3312 3299 1732 3205 2470 2985 2506 1871 3216 3218 3027 564 2517 3284 3322 1691 3324 3316
251 23 27 933 420 251 570 933 933 543 26 251 2000 570 43 11 933 5 8
3136 3299 1732 3205 2470 2985 2506 1871 3216 3313 3314 3027 564 2517 1691 3306 3301
380 48 802 635 380 797 802 802 648 4 1 380 2000 797 802 7 5
3136 3299 1732 3205 2470 3364 2985 2506 1871 3216 3363 3027 564 2517 3353 3354 1691
370 57 614 751 370 1 1016 614 614 588 2 370 2000 1016 25 8 614
3205 3216 1691 3419 3365 2470 2985 3379 564 3136 1732 2506 1871 3408 3027 2517 3417 3407 3420 3422 3423 3299
797 364 513 3 7 350 1137 10 2000 350 513 513 513 7 350 1137 2 17 3 1 1 81
3136 3299 1732 3205 2470 2985 2506 3500 1871 3216 3407 3027 564 2517 3480 3492 1691
174 46 137 1275 174 1689 137 15 137 57 34 174 2000 1689 23 22 137
3136 3520 3523 1732 3205 2470 2985 2506 3500 1871 3407 3027 564 2517 3508 1691 3518 3519
81 4 1 45 1507 81 1874 45 115 45 14 81 2000 1874 25 45 5 1
3205 1691 2470 2985 3500 564 3510 3514 3515 3136 3522 1732 2506 1871 3538 3027 3540 2517 3543 3546 3548 3549 3550
1382 77 189 1734 250 2000 25 47 47 189 3 77 77 77 8 189 52 1734 8 3 1 2 1
3136 1732 3205 2470 3559 2985 2506 3565 3500 3572 3588 1871 3027 564 2517 3574 3575 3540 1691 3589
69 64 1713 69 44 1867 64 21 37 64 6 64 69 2000 1867 27 16 64 64 1
3136 3618 3626 1732 3205 2470 2985 2506 3627 3500 3629 1871 3027 564 2517 3574 3540 1691 3620 3628
47 1 3 33 1659 47 1920 33 1 261 2 33 47 2000 1920 20 33 33 4 2
3136 3205 2470 2985 3723 3500 3730 3694 3728 3729 3667 3027 564 2517 3574 3721 3643
46 1785 46 1954 19 169 2 10 4 2 12 46 2000 1954 46 6 31
3136 3744 3756 3205 2470 2985 3754 3755 3500 3694 3750 3027 564 2517 3574 3740
20 20 1 1887 20 1980 5 4 93 63 3 20 2000 1980 20 19
3808 3777 3205 2985 3500 3694 564 2517 3785 3802 3805 3806
6 99 1747 2000 253 44 2000 2000 130 1 3 5
3840 3777 3854 3205 2985 3819 3500 3694 3855 3856 564 2517 3785
39 2 6 1806 2000 60 194 140 5 6 2000 2000 151
3875 3205 3879 2985 3819 3500 3694 3887 3891 564 2517 3894 3895 3899 3900
6 1865 9 2000 8 135 5 5 2 2000 2000 2 2 1 4
3205 2985 3914 3915 3500 564 2517 3913 3898
1898 2000 10 4 102 2000 2000 2 36
3969 3970 3971 3972 3205 3975 3976 2985 3914 3500 564 2517 3945 3898 3973
1 5 2 1 1957 2 1 2000 31 43 2000 2000 64 58 5
3205 4007 2985 564 2517 4022 3945 4024 4025 4026 4027 4028 4021
2000 47 2000 2000 2000 2 82 3 2 6 2 2 13
4044 3205 4070 4007 4072 2985 4076 564 2517 4086 3945 4085
18 2000 4 42 8 2000 17 2000 2000 2 78 5
3205 4007 2985 4119 4105 564 2517 3945 4120 4121 4124
2000 39 2000 6 7 2000 2000 13 2 1 1
4035 3205 4007 2985 4013 564 2517 4023 4027 4029
4 2000 45 2000 23 2000 2000 14 3 1
4099 4100 3205 4070 4007 4104 2985 4103 564 2517 4102 4101
6 2 2000 8 288 1 2000 2 2000 2000 1 9
3205 4070 4007 2985 4083 564 2517 4117
2000 85 325 2000 4 2000 2000 6
4096 3205 4070 4007 2985 4083 564 2517
3 2000 255 310 2000 5 2000 2000
4148 4129 4153 3205 4070 4007 2985 4139 4142 564 2517 4119 4152 4151 4123 4149
5 20 3 2000 122 249 2000 8 8 2000 2000 8 5 5 10 5
