32 4 38 40 42 14 23 31
8 84 9 1 1 30 14 2
97 98 99 38 82 95
11 1 4 122 2 12
97 163 164 165 38 167 168 166 148 149 156 125 95
87 8 3 2 308 1 1 2 1 32 2 58 228
97 163 38 199 200 202 175 187 125 190 95
17 46 327 3 2 1 26 15 14 6 106
163 38 231 232 203 236 237 238 215 95
50 57 1 2 57 1 1 1 23 27
163 293 297 268 301 302 303 305 244 283
114 9 5 27 3 7 5 2 39 32
163 330 268 304 340 347 348 351
161 18 39 17 4 1 10 4
400 386 163 392 396 330 268 397 398 304 401 377
3 7 95 11 5 49 73 4 2 283 4 20
416 397 304 436 438 439 442
20 4 300 2 11 1 1
514 484 518 486 519 488 521 304 520 469 503 516 511
17 10 1 25 4 66 1 147 2 42 55 35 7
484 582 583 488 558 304 584 503 568 573 575
11 3 2 99 21 103 1 25 19 5 2
611 484 614 582 615 488 586 304 616 503 604
18 51 2 78 2 110 51 288 1 69 12
582 488 304 628 630 503 634 635 637
28 73 118 3 2 168 5 2 2
642 644 488 681 682 663 684 685 680 661 503
102 34 122 10 5 10 1 1 3 34 53
705 488 681 687 692 661 503 698 703 701 693
1 2 99 59 6 71 28 2 5 2 11
736 738 744 681 746 747 748 661 503 735 693
12 15 13 33 4 5 1 112 110 9 102
802 805 806 808 809 693 503 796 797 789
5 1 1 2 1 245 58 6 3 6
834 839 841 811 693 503 828 797
14 7 1 6 183 6 50 32
897 866 901 876 877 880 693 887 828 895
2 4 1 3 14 60 275 45 219 4
928 930 934 935 877 941 880 914 915 693 887 943 828
5 7 4 9 12 7 65 21 2 384 14 2 295
992 993 1004 972 941 975 979 693 984 953 828 991
8 2 2 13 65 16 17 469 1 25 302 14
1025 1058 1061 1062 1063 1057 1052 941 1044 693 953 1050 1051 828 1054
26 4 2 1 2 1 5 74 8 716 215 2 7 444 8
1092 1096 1068 941 1102 1101 693 1110 1113 1080 953 828
19 6 40 38 12 6 758 5 4 46 240 497
1121 1092 1096 1163 1149 693 953 828 1117 1150
96 66 91 4 9 686 162 524 29 46
1163 1169 1184 1187 1196 1224 1204 693 1206 953 1212 1214 1216 1217 1218 1219 1221 1222 1223 1096 1225 1121 828
63 4 2 30 14 1 19 527 23 13 8 2 2 8 2 1 5 4 1 117 1 2 514
1187 1096 1260 1163 1196 1261 1204 693 1271 828 1277 1269
128 41 6 41 61 23 61 659 1 659 1 4
1187 1317 1318 1096 1321 1163 1260 1325 1326 1315 1204 693 828
290 7 3 35 2 35 47 4 1 6 66 559 559
1378 1187 1317 1381 1384 1387 1260 1383 1347 1204 693 1366 1370 1371 828 1375
2 439 68 6 3 2 8 1 46 96 460 34 10 31 460 6
1413 1424 1347 1317 1415 1384 1417 1418 1420 1389 1423 1392 1425 1394 1187 1204 693 1398 1370 828 1407
5 2 99 16 5 66 1 2 6 24 1 90 2 26 782 91 297 3 66 297 8
1187 1317 1478 1480 1481 1484 1389 1475 1392 1394 1443 1204 693 1370 828
756 18 3 1 3 2 85 4 172 171 14 143 164 8 164
1506 1187 1512 1481 1482 1392 1394 1523 1204 693 1513 1530 1539 828 1502
31 429 34 78 31 51 141 13 141 141 37 2 1 141 5
1602 1187 1540 1573 1609 1607 1608 1481 1482 1579 1552 1594 1394 1603 1204 693 1610 1591 1530 828 1562
1 445 22 1 2 1 4 25 17 6 17 2 447 5 92 92 2 9 23 92 26
1633 1187 1660 828 1394 1651 1204 693 1659 1628 1653
29 462 1 39 312 37 39 39 6 8 3
1633 1187 1682 1681 1394 1204 693 1684 1659 828
162 203 37 39 224 52 52 12 39 52
1633 1187 1701 1709 1708 1682 1710 1711 1394 1204 693 1684 1659 828
85 158 18 3 1 103 1 1 72 6 6 90 110 6
1742 1633 1187 1755 1394 1710 1744 1745 1682 1684 1749 1746 1659 1757 1758
25 98 88 2 129 80 10 3 49 97 15 9 110 2 3
1760 1633 1187 1682 1710 1744 1777 1394 1684 1749 1659 1756
16 153 76 104 268 44 7 259 372 120 7 70
1633 1187 1798 1800 1820 1804 1682 1710 1394 1684 1749 1814 1815 1816 1819 1756 1790 1813
182 125 36 39 1 11 95 361 31 491 187 20 1 1 4 31 82 11
1633 1187 1861 1862 1833 1710 1839 1682 1684 1749 1851 1790
497 92 2 1 36 172 36 118 429 69 24 33
1633 1187 1924 1902 1921 1870 1682 1923 1684 1710 1913 1851
642 32 1 12 7 91 214 1 366 192 5 101
1633 1988 1925 1960 1929 1964 1938 1710 1682 1684 1976 1989
347 1 23 2 11 3 10 239 363 187 2 1
1633 1925 2025 2026 2027 2034 1710 1999 2032 1682 2035 1684 2036
161 13 5 12 5 3 241 41 1 480 3 67 1
1633 2073 2087 2058 1710 1999 1682 2099 2068 2101 2071 1684 2074 2075 2100
272 28 16 29 271 42 482 4 25 4 39 183 27 17 6
1633 2087 2152 2164 2058 1710 1999 2160 1682 2163 2100 2073 2137 2139 1684 2154
155 17 8 1 31 225 16 2 559 2 69 144 36 44 201 11
2240 1633 2178 2243 2244 2245 2073 2152 2242 2222 1682 1684 1710 2230 2233 2100 2202 2235 2237 2239
4 40 11 2 1 2 24 73 2 18 200 234 360 53 13 58 29 1 13 21
2178 2277 2278 2279 2152 2249 2251 1710 2280 1682 2291 2100 2294 2297 2296 1684 2266 2292 2295 2239
192 9 1 11 15 49 110 168 3 77 14 162 1 1 2 269 21 3 1 110
2178 2152 2251 1710 1684 2100 2333 2239
97 44 22 104 450 13 6 22
2178 2212 2216 2217 2186 1710 1684 2198 2100 2202 2203 2218 2206
245 10 4 4 5 33 103 8 67 3 4 1 1
2273 2178 2276 2278 2279 2280 2274 1710 1684 2264 2265 2269 2100
2 170 6 2 1 1 1 13 103 24 81 24 54
2304 2337 2178 2276 1710 2322 1684 2326 2264 2265 2330 2269 2100
25 1 206 34 169 3 146 7 34 35 7 34 55
2178 2276 2375 2388 2379 2381 1710 2383 2360 2387 2100 2265 2264 1684 2269 2367
188 50 24 2 9 11 111 15 2 4 84 2 50 274 50 4
2178 2276 2375 2412 2381 2382 2424 1684 1710 2423 2264 2269 2421
106 23 34 3 5 22 2 134 34 3 23 23 1
2178 2276 2375 2445 1710 1684 2455 2264 2484 2269 2463
38 38 22 4 22 33 6 38 1 38 18
2496 2497 2498 2276 2501 2470 2375 2504 2473 2502 2178 2478 2483 1684 1710 2505 2264 2503 2269 2495
2 2 8 29 6 9 2 1 28 1 29 21 14 13 2 2 29 1 29 31
2529 2178 2276 2375 2505 1710 2557 2550 2264 2555 2556 2269 2527
48 48 48 12 26 12 9 2 48 12 7 48 2
2178 2595 2276 2594 2580 2264 2596 2586 2555 2269 2591
25 8 25 6 45 25 2 8 25 25 50
2627 2597 2642 2638 2610 2580 2645 2649 2650 2651 2591
22 21 12 17 42 29 4 7 1 2 101
2597 2687 2610 2681 2682 2683 2684 2685 2654 2591
50 2 32 14 29 12 2 5 155 240
2720 2597 2712 2610 2718 2591 2713 2683 2654 2719
1 75 5 50 5 267 1 3 118 1
2752 2753 2654 2591 2749 2750 2751
8 6 190 300 22 10 11
2752 2789 2790 2791 2793 2795 2799 2802 2803 2804 2806 2808 2654 2591
10 9 41 3 6 6 3 3 2 5 1 3 113 246
2816 2820 2825 2827 2808 2815 2654 2591
7 4 28 4 5 29 125 89
2820 2825 2859 2863 2865 2866 2868 2837 2844 2654 2591
21 81 18 7 2 2 1 18 11 33 55
2881 2820 2917 2919 2825 2903 2908 2909 2654
40 43 3 2 141 20 28 5 159
2881 2940 2825 2941 2903 2938 2939 2908 2909 2654
110 2 95 1 21 29 4 63 5 214
2881 2946 2825 2967 2903 2968 2969 2654
28 11 138 2 15 7 1 709
3009 2825 3018 3019 3020 3021 3022 2992 3025 3026 2990 3001 2972 2654 3007
14 88 3 14 12 2 10 64 1 1 172 11 17 758 5
3009 3052 2825 3020 3053 2990 3023 2992 3036 2654
43 6 63 8 15 68 41 94 22 832
3088 3076 3045 3078 3079 3080 2825 3082 2990 3087 2992 3057 3061 3086 3081 3065 3036 2654
1 4 10 6 1 2 23 5 66 2 248 15 58 1 4 17 58 1048
3164 3078 3111 3145 3114 2990 3151 2992 3154 3165 3146 3061 3159 3160 3161 3141 3163 3036 3082 2654 3125
3 28 8 1 33 23 14 689 4 1 11 90 1 8 6 1 3 90 24 1249 8
3202 3172 3205 3206 2990 3151 2992 3191 3160 3195 2654
4 59 3 2 140 178 455 13 155 12 985
3216 3266 3172 3270 3271 3240 2990 3151 2992 3250 3219 3252 3160 3225 3261 2654
101 5 41 4 2 34 14 61 1129 27 30 11 8 30 12 1408
3216 3172 3240 3275 3278 3151 2992 3250 2654
233 139 94 15 22 23 1213 95 1360
2992 3267 3172 3269 3240 3216 3250 3260 2654
1114 9 307 11 109 454 110 12 1158
3216 3298 3172 3240 3324 3306 2992 3250 3317 3322 3323 3260 2654
428 3 269 74 1 8 1463 80 9 2 1 43 1463
3392 3216 3298 3172 3382 3335 3260 3376 2992 3377 3250 3390 3356 3384 3353 3391 3388 3389 2654 3359
1 189 69 371 2 35 66 63 1504 7 26 4 23 3 35 3 5 3 1504 2
3440 3426 3172 3429 3431 3216 3442 3438 3439 2992 3250 3382 3260 2654 3359
3 22 464 35 1 1 5 7 1 1336 52 1 108 1336 26
3172 3429 3471 2992 3473 3260 2654
342 11 18 1419 31 66 1419
3520 3489 3522 3531 3172 3527 3528 3499 3532 3533 3534 3471 2992 3509 3260 2654
12 4 34 1 271 7 1 11 1 1 1 42 1374 35 109 1374
3536 3522 3499 3172 3557 3563 3564 3471 2992 3576 3570 3509 3574 3544 3577 3580 2654 3551
11 87 74 385 5 46 2 9 1480 2 3 35 1 12 4 2 1480 32
3616 3600 3522 3619 3172 3621 3563 3628 2992 3601 3632 3607 3576 2654
14 48 66 2 295 17 37 4 1638 1 1 12 33 1638
3648 3616 3522 3563 3172 3621 3659 2992 3678 3671 3674 3677 2654
49 16 5 65 202 32 38 1614 8 19 1 4 1614
3648 3745 3714 3747 3621 3751 3720 3721 3659 2992 3742 3671 2654 3749
234 4 2 4 102 2 2 12 3 1754 29 125 1754 6
3648 3810 3811 3621 3799 3820 3821 2992 3795 3742 3671 2654 3813
133 5 5 29 5 4 1 1336 96 28 123 1336 3
3648 3824 3876 3621 3849 3893 2992 3795 3892 2654 3671 3742 3813
52 1 2 110 25 1 1140 343 5 1140 163 126 51
3648 3946 3895 2992 3953 3954 3795 3892 2654 3671 3956 3742 3957
16 1 4 1297 4 1 325 15 1297 403 2 81 2
4002 4011 4005 4007 3976 4009 4010 3979 3983 2992 3954 3795 2654 3671 3961 3742
1 3 2 2 20 1 2 21 42 1604 45 108 1604 560 20 87
4033 3979 3976 4059 4011 4046 4047 2992 3795 3742 4054 3671 3961 4051 3983 4060 4061 2654
113 19 293 1 74 20 9 1475 487 60 6 345 293 19 30 3 2 1475
4033 3979 4113 4112 4103 3976 4107 4011 3983 2992 4104 3795 3742 3671 3961 4051 2654
255 8 3 1 2 268 3 81 75 1313 2 612 27 212 268 97 1313
4033 4130 4144 3976 4143 4011 4140 3983 2992 4146 3795 3671 3961 4123 2654
292 33 2 190 6 51 25 62 1374 1 564 156 190 44 1374
4033 4130 4163 3976 4011 4173 4174 3983 2992 3795 3671 3961 4123 2654
375 87 15 29 29 6 3 16 1512 472 380 29 4 1512
4033 4130 4230 3976 4233 4240 4235 4236 4237 4174 4207 2992 3795 3671 3961 4219 2654 4239
355 123 1 12 2 2 4 4 3 12 40 1633 367 347 12 1 1633 1
4033 4130 4261 4235 4236 4270 4271 2992 3795 4286 4246 3671 4281 4282 4283 4285 2654
370 331 3 71 19 4 10 1630 370 1 246 430 3 1 2 1 1630
4288 4033 4130 4299 4297 4235 4236 4301 2992 4273 3795 4246 3671 2654 4287
30 59 17 2 1 159 19 3 1941 61 59 17 300 1941 9
4033 4130 4331 4235 4332 4302 2992 4273 3795 4246 3671 4311 2654 4287
142 142 13 238 33 36 1858 165 142 142 278 72 1858 26
4033 4130 4363 4358 4359 4362 4235 2992 4273 3795 4246 3671 2654
66 66 4 2 6 1 35 1934 80 66 66 137 1934
4033 4130 4273 4403 4407 4235 2992 4401 4402 3795 4372 4382 4246 3671 4380 4393 2654
40 40 47 4 3 165 1960 16 3 40 5 8 40 232 93 4 1960
4033 4130 4273 4424 4235 4428 4433 2992 4401 4434 3795 4436 4430 4246 3671 2654
67 67 191 25 81 21 7 1933 79 2 67 3 6 67 186 1933
4449 4130 4471 4033 4424 4235 4428 4401 4430 2992 4273 3795 4246 3671 4475 4467 4477 2654
187 31 2 31 4 298 2 1 56 1969 92 31 31 298 8 14 4 1969
