1 23 47 48 17 52 53 54 55 25
12 33 3 7 26 1 1 2 1 1
70 17 74 76 81 83 92 93
16 37 40 20 12 9 1 1
132 101 138 76 141 111 81 116 151 153 143
17 203 10 5 6 37 89 53 38 1 8
101 198 169 205 111 208 81 210 211 116 181 151 159
129 5 18 9 41 11 162 7 3 198 11 7 20
225 101 231 241 205 238 239 240 81 116 245 246 249
8 164 7 2 15 14 10 13 135 284 1 3 4
101 296 297 299 300 238 239 240 81 116 302 280 254 287
10 6 3 10 3 24 86 12 211 396 1 65 67 7
321 341 331 239 344 306 339 116 254 342 343 312 317 318 319
33 1 9 210 2 15 4 361 13 2 1 42 38 13 31
321 366 239 116 398 374 375 348
43 57 200 664 16 74 39 2
116 418 419 417 366 239 404 405 374 375 409 410 415
484 3 4 1 22 286 39 72 12 40 5 33 3
449 452 457 458 459 366 239 432 116 405 375 404 410 446 447
4 6 4 1 1 20 264 37 728 63 45 17 66 8 12
461 452 490 375 492 493 494 239 432 466 404 366 495 116 410 475
1 42 10 1 3 1 1 273 229 10 42 158 2 633 32 14
544 549 553 554 555 556 366 239 432 116 534 527
4 10 7 15 2 3 297 107 107 538 2 21
582 366 239 432 594 564 598 601 116 602
7 285 183 183 9 80 11 6 742 2
624 582 616 366 239 432 564 622 601 116
3 96 24 182 30 30 107 2 21 947
624 674 675 644 678 582 648 652 564 366 239 432 616 626 676 116 662 660 677
26 5 14 21 3 33 18 22 39 100 36 36 19 51 4 696 3 3 1
705 675 582 712 713 715 239 432 616 116 693
9 18 41 10 4 1 152 152 114 640 59
720 763 740 582 616 718 239 432 116 693 758 760 762 731 764
83 2 19 23 446 19 92 92 442 106 27 3 19 22 2
720 802 740 616 239 432 818 116 693 816
34 1 39 326 318 318 5 442 68 8
616 239 432 116 693 854 857 859 860 853
527 177 177 432 119 18 3 9 3 10
867 616 874 239 432 881 915 116 693 921 857 922 893 926 917
9 833 7 91 91 20 2 208 247 7 23 4 1 7 29
960 616 972 973 974 239 432 881 978 979 116 693 922
76 1057 4 4 2 87 87 53 6 1 215 710 33
960 1026 616 1004 1038 239 432 881 1043 116 693 922 1022 1045
142 14 1173 52 10 31 31 13 7 154 711 41 28 8
960 1088 1092 616 1097 1098 1099 1004 239 432 116 693
104 36 10 1342 4 2 1 16 20 20 214 771
960 1153 1154 1155 1125 616 1152 1133 1138 116 693 1148 1141
79 2 1 2 37 1511 2 3 72 186 827 1 3
960 1220 1222 616 1162 1224 1138 116 693 1209
100 6 5 1495 17 2 3 231 855 28
960 1250 1255 616 1226 1256 1235 116 693 1209
50 2 3 1622 26 2 38 2 1124 128
1283 616 1226 1264 693 1209
4 1433 194 3 1361 206
616 1226 1261 693 1209 1242 1276 1277 1278 1279
1683 27 8 1540 435 7 7 2 7 6
616 1325 1299 693 1303 1209
1615 3 53 1455 30 401
1344 1350 616 1353 1363 1325 1299 1364 693 1369 1368 1209 1370 1371 1372
20 15 1692 15 4 43 30 4 1570 1 2 295 2 3 2
1414 616 1418 1420 1325 1422 1421 1425 1426 1427 693 1209 1407
30 1634 18 1 30 3 11 9 3 1 1396 82 45
1472 1473 1475 1476 1477 1414 616 1325 1455 693 1209 1467 1470 1407
8 5 1 1 2 102 1753 102 11 1752 107 14 20 56
1504 1506 1531 1414 616 1325 1523 693 1209 1467 1533 1534 1407
22 49 8 357 1605 357 18 1605 357 84 3 3 5
1506 1573 1576 1414 1543 616 1575 1325 1544 1523 693 1209 1467 1407
44 1 2 661 58 1486 3 661 82 50 1486 661 39 27
1506 1414 1543 616 1611 1612 1325 1583 1544 1523 693 1591 1209 1467 1596 1407
60 498 156 1532 18 2 498 55 1 123 1532 11 498 44 85 88
1632 1506 1467 1414 1543 616 1611 1325 1583 1523 693 1624 1209 1631 1615 1596 1629 1407
1 9 4 342 17 1631 99 342 9 88 1631 11 342 1 26 17 10 13
1664 1666 1668 1669 1414 616 1641 1611 1325 1615 693 1655 1624 1209 1659 1660
53 15 2 4 311 1502 30 6 311 155 1502 20 133 311 27 46
1664 1696 1698 1699 1414 1697 616 1641 1325 1615 1681 1684 693 1624 1209 1690
56 11 4 3 174 1 1445 40 174 415 46 12 1445 59 174 21
1664 1760 1762 1764 1765 1414 1681 616 1641 1752 1325 1615 1736 693 1766 1624 1209 1754 1758
80 17 4 2 2 326 62 1520 164 11 326 85 21 1520 1 89 326 1 9
1664 1765 1414 616 1641 1815 1325 1775 1808 693 1814 1817 1624 1209 1615 1821
117 62 529 1480 69 4 529 213 10 1480 1 10 79 529 3 1
1664 1856 1859 1860 1765 1414 1857 616 1641 1325 1870 1775 1872 1880 693 1878 1624 1209 1882 1884 1885
131 15 51 29 92 426 3 1298 230 426 49 217 4 1 1298 1 52 426 1 1 1
1856 1664 1920 1859 1765 1414 616 1641 1931 1325 1870 1775 1904 1928 693 1911 1209 1935 1922 1934
135 101 4 166 63 421 1355 419 4 421 30 200 2 4 1355 33 421 1 1 1
1920 1856 1986 1859 1414 1966 616 1641 1991 1985 1325 1870 1775 1992 1972 693 1974 1993 1209 1664 1982
40 176 13 47 664 33 1646 541 1 12 664 199 85 2 3 1646 15 2 664 21 19
1920 1856 2018 1859 1414 616 1641 1994 2029 2028 1325 1870 1775 2032 2024 693 1209 2010 1982
54 151 55 91 726 1690 739 28 6 6 726 221 253 1 15 1690 726 58 59
1856 1920 1414 2055 616 1641 2058 2061 1325 1870 1775 2064 2033 2034 2062 693 1209 2010 2063 2048
165 64 723 1 1754 1029 4 3 723 192 246 1 124 10 1 1754 723 2 2 1
1856 1920 1414 2097 616 1641 2090 1325 1870 1775 2033 2098 2099 693 2103 1209
125 63 636 39 1860 1224 38 636 346 140 139 2 6 1860 2 636
1856 1920 1414 616 1641 1325 1870 1775 2033 2131 693 2134 2135 1209
267 9 741 1979 1238 741 337 21 119 12 1979 72 2 741
1856 2198 1414 616 1641 2188 1325 1870 1775 2033 693 2134 2201 1209 2172 2174
251 4 475 1988 1513 16 475 368 12 17 1988 17 2 475 12 22
2208 1856 2210 2211 2212 1414 616 1641 1325 1870 2191 2195 2196 693 2199 2200 1209 2203 2174 2207
4 268 1 2 2 434 2000 1566 434 371 15 12 15 2000 5 9 434 22 82 5
1856 2211 1414 616 1641 2250 2251 1325 1870 2253 2254 693 1209 2203 2237 2174
360 7 490 2000 1510 6 7 490 365 1 1 2000 490 72 42 164
1856 2299 2280 1414 616 1641 2250 2295 1325 1870 2237 2289 2301 2260 693 2297 1209 2298 2203 2269 2302
465 1 3 608 2000 1392 18 6 608 67 42 8 1 53 2000 5 608 3 159 58 3
1856 2203 2325 1414 616 1641 2347 1325 1870 2237 2312 2260 693 2358 2360 1209 2362 2363 2269 2357
404 174 10 562 2000 1438 7 562 209 59 117 30 2000 2 2 562 11 4 19 4
1856 2433 2370 1414 616 1641 2411 1325 1870 2420 2312 2432 2260 693 2423 1209 2203 2428 2429 2430 2421
451 2 86 616 2000 1384 40 616 174 22 75 1 14 2000 3 616 306 3 4 6 4
1856 2473 2438 1414 2471 616 1641 2474 2411 1325 1870 2312 2420 693 2423 2456 1209 2458 2203 2442 2470
421 1 52 737 9 2000 1263 1 110 737 64 38 23 2000 83 44 737 10 336 2 3
1856 2530 2411 2532 2534 1414 616 1641 2519 1325 693 2423 2456 1209 2203 2524 2505
376 9 51 2 14 475 2000 1525 50 475 2000 88 391 475 142 25 6
1856 2560 1414 616 1641 2411 1325 2575 2579 693 2519 2456 1209 2203 2524 2557
696 19 767 2000 1233 35 767 5 10 2000 35 322 767 225 42 4
1856 2659 2661 1414 2663 616 1641 2667 1325 2579 693 2647 2456 1209 2203 2653
1056 3 7 1056 3 2000 944 1 1056 188 2000 1 159 1056 184 7
1856 2720 2659 1414 2705 616 1641 2712 1325 2702 2696 2579 693 2710 2456 1209 2203
986 1 5 986 1 2000 1014 11 986 18 24 206 2000 5 123 986 55
1856 2754 2755 1414 2759 616 1641 1325 2735 2760 2579 693 2743 2456 1209 2203 2748 2749
523 5 3 523 5 2000 1477 523 22 2 68 2000 3 206 523 469 5 5
2820 2821 1414 2825 2828 2579 2456 2203 1325 2735 693 1209 1856 2759 2774 616 1641 2800 2801 2810 2814 2815
6 1 577 3 3 193 290 335 577 132 2000 577 577 18 12 2000 1423 1 1 2 3 3
1856 2875 1414 616 1641 1325 2735 2834 2579 693 2456 1209 2203 2877 2878 2869
708 1 708 2000 1292 708 20 92 525 2000 308 708 501 5 2 5
1856 2848 2851 2852 1414 2865 616 1641 1325 2856 2579 693 2870 2873 2456 1209 2874 2203 2877 2837
741 32 9 32 741 15 2000 1259 741 49 638 2000 3 14 281 741 3 674 4 59
1856 2851 1414 2919 616 1641 1325 2894 2888 2929 2930 2579 693 2902 2937 2456 1209 2203 2940 2936 2837
821 78 821 6 2000 1179 821 36 14 7 27 792 2000 15 1 378 821 465 1 2 164
1856 2976 2851 2980 2981 1414 2919 616 1641 2983 1325 2960 2984 2930 2579 693 2456 1209 2203 2979 2837
706 37 146 12 14 706 41 2000 1294 13 706 53 2 125 676 2000 515 706 489 9 168
1414 2960 2579 2837 2456 2203 2976 2851 1325 693 2999 1209 3003 3006 1856 3009 3010 3015 3016 616 1641 2930
750 149 750 4 247 684 18 132 750 2000 8 750 3 1 750 27 2 7 1 2000 1250 357
1856 3009 2851 1414 3073 616 1641 1325 2960 2930 2579 693 3063 2456 1209 2203 3071 3070 3039
690 75 264 690 5 2000 1310 690 99 344 690 2000 21 320 690 510 5 16 21
1414 3082 3085 2960 2579 2456 2203 2851 1325 3121 693 1209 3132 3125 1856 3009 3138 3039 616 1641 2930 3063 3070 3071
1204 8 172 37 1204 98 233 90 1204 14 2000 1204 8 20 1204 120 1 8 2000 796 123 19 18 9
1414 3082 3085 2960 2579 2456 2203 2851 1325 693 1209 3125 1856 3009 3159 3164 3165 3166 3167 3169 3170 3172 3174 3175 616 1641 3179 3180 3176 2930 3177
1008 11 56 11 1008 81 247 81 1008 2000 1008 271 1008 6 3 14 11 29 13 25 17 2 2 3 2000 992 6 1 6 107 2
3200 1414 3212 3085 2579 3223 2456 2203 3230 2851 3238 3239 3241 1325 3246 3247 3248 693 1209 3125 1856 3164 616 1641 3179 3180 3181 2930
39 791 48 33 791 16 122 264 10 122 6 9 5 791 4 2 2 2000 791 618 791 6 2000 1209 116 39 88 101
1414 3212 2579 2456 2203 3230 2851 3238 1325 693 3255 1209 3125 1856 3271 3285 3288 3290 3292 3295 3297 616 1641 3179 3181 2930
775 2 775 176 235 2 176 56 775 2000 193 775 554 775 8 41 17 17 5 1 1 2000 1225 120 181 181
1414 3344 2456 2579 3350 3352 2203 3359 2851 1325 693 3255 1209 3125 1856 3290 616 1641 3179 3181 2930 3355
843 8 67 843 4 3 148 2 67 843 2000 216 843 734 843 47 2000 1157 67 148 148 8
3392 1414 2579 3350 2456 3355 2203 3371 1325 3378 693 3255 3385 3387 3390 3125 1856 3393 3394 3396 2851 1209 3290 616 1641 3179 3181 2930
5 956 956 60 3 59 97 24 956 2 2000 143 8 19 4 636 956 2 2 1 3 956 91 2000 1044 3 97 97
3459 1414 3468 3469 2579 3355 2203 1325 693 3255 1209 3387 3125 1856 3406 3409 3415 3417 3290 616 1641 3181 2930 3443
8 1029 3 1 1029 67 158 1029 2000 143 1029 35 556 1029 42 20 9 3 309 2000 971 158 158 5
1414 2579 2203 3485 3486 3355 3495 1325 3505 693 3255 3512 3513 3514 3387 3516 3125 1856 3406 3409 1209 3290 616 1641 3181 2930
806 806 211 11 22 326 12 806 30 2000 43 20 1 1 148 1 741 806 2 24 806 221 2000 1194 211 211
3584 1414 2579 3355 3486 3495 1325 693 3255 1209 3387 3125 1856 3522 3409 3542 3290 3550 3551 616 1641 3562 3573 3561 3576 3581 3583
1 666 666 770 41 83 666 2000 36 666 279 1088 666 22 72 25 116 33 10 2000 1334 55 10 3 10 8 8
3589 1414 2579 3355 3486 3616 3495 1325 3632 3633 3636 693 3638 3255 3640 1209 3387 3644 3645 3646 3125 1856 3409 3542 3641 3290 3643 616 1641 3647
25 551 551 774 98 33 306 551 11 18 3 2000 2 55 1 551 477 1 4 1 970 551 147 11 6 197 2 2000 1449 1
1414 2579 3355 3495 1325 3633 693 1209 3387 3125 1856 3660 3409 3668 3669 3670 3671 3672 3673 3290 616 1641
396 396 683 370 396 102 2000 396 407 1206 396 4 186 8 2 2 3 1 1 186 2000 1604
3713 3715 3717 1414 3724 3725 3726 2579 3355 3495 1325 3633 693 1209 3387 3125 1856 3409 3290 3680 616 1641 3703 3705
9 1 9 416 4 2 6 416 257 860 416 353 2000 416 211 724 416 12 12 1 2000 1584 56 8
1414 2579 3355 3495 3755 1325 3759 3633 693 1209 3770 3387 3772 3774 3125 1856 3788 3789 3790 3791 3793 3795 3796 616 1641 3703
304 304 198 1198 6 304 7 182 2000 304 3 156 1 3 498 304 3 4 4 1 1 4 2 2000 1696 114
3841 3845 1414 2579 3355 3846 3495 1325 3633 693 1209 3387 3125 1856 3805 616 1641 3821 3824 3816 3830 3703 3836 3838
3 3 247 247 218 1 1469 247 72 2000 247 182 284 247 11 2000 1753 12 7 8 6 154 1 1
1856 3387 1414 3495 616 1641 3703 3852 1325 3633 2579 3861 693 3865 1209 3355 3125
256 145 256 1410 2000 1744 8 3 256 131 256 59 2000 54 256 285 334
1414 2579 3861 3865 3355 3495 3883 1325 3633 3892 693 1209 3387 3125 1856 3916 3932 3933 3936 3939 616 1641
338 338 48 58 387 1275 82 338 211 32 2000 338 351 387 338 30 22 6 11 4 2000 1662
3974 3979 3982 3983 3986 2579 3988 3861 3865 3994 3355 3996 3999 4001 4002 3995 1414 3495 1325 3633 693 1209 3387 3125 1856 3939 616 1641 3987
27 23 51 6 30 404 5 57 83 7 303 3 1 1 2 1 404 1293 404 190 2000 404 221 303 404 57 2000 1596 4
1414 3979 3982 4013 2579 3861 3865 3355 4002 3495 4009 1325 3633 693 1209 3387 3125 1856 4036 4037 4025 3939 616 1641
616 82 31 97 616 1 9 221 88 1163 45 616 166 2000 616 146 221 616 7 1 11 1 2000 1384
4096 1414 3979 4013 2579 3355 4002 3495 4009 1325 3633 3125 1209 3387 693 1856 4049 616 1641 4075 4083 4087 4091 4095
2 706 42 99 706 183 99 1111 9 706 300 183 706 30 2000 706 238 2000 1294 50 1 1 2 1
4099 1414 4103 3979 1325 4159 2579 4121 3355 4124 4128 4002 4131 3495 4009 4138 4140 4013 4142 3633 693 4150 4152 1209 3387 4157 4158 3125 1856 4049 616 1641 4075 4091
11 436 34 21 436 1 436 58 403 11 47 222 28 1161 31 7 14 44 11 186 2000 8 5 436 116 11 1 403 436 205 2000 1564 11 31
1856 3633 1414 3495 616 1641 1325 4013 4049 2579 4180 693 4185 4169 4152 1209 4186 3355 4002 3125
806 130 806 839 2000 1194 806 28 241 806 27 2000 4 27 7 806 5 355 54 355
4226 1414 4233 4234 4235 4238 4239 4240 4241 2579 3355 4002 3495 1325 3633 693 4169 1209 3125 1856 4013 4049 4180 616 1641
12 906 23 6 2 2 2 2 2 906 442 165 652 906 20 2000 20 906 442 906 25 221 41 2000 1094
1414 4013 2579 3355 4002 3495 4264 1325 3633 693 4281 3125 1856 4290 4291 4292 4293 4169 4049 4180 1209 616 1641
803 49 803 712 54 485 15 803 63 2000 7 712 803 2 2 1 1 63 120 67 803 2000 1197
1856 4194 3355 4197 1414 3495 616 1641 4202 4204 1325 3633 2579 4180 693 4169 4201 1209 4187 4002 3125
804 4 464 6 804 732 2000 1196 4 3 804 109 804 45 2000 109 7 804 23 10 464
4225 1414 4231 4239 4240 4241 4243 4245 4246 4247 3355 4002 3495 1325 3633 693 1209 3125 1856 4169 616 1641 4204 2579 4215
1 881 2 5 2 2 6 2 1 2 514 52 605 881 122 2000 881 514 881 122 2000 1119 4 881 7
4288 1414 2579 4249 3355 4254 4002 4251 3495 4265 4266 4267 1325 4271 4272 3633 4274 4275 4276 693 4278 4280 1209 4286 3125 1856 4290 4169 616 1641
3 943 943 76 603 55 13 6 454 10 2 10 943 38 10 201 31 3 7 2000 10 10 943 1 603 943 1 201 2000 1057
4356 4357 1414 4360 4361 4362 2579 3355 4254 4358 3495 1325 4271 4272 3633 4276 693 1209 3125 1856 4296 4169 4316 4319 616 1641 4341
5 8 1089 1 2 2 1089 442 166 3 469 1089 52 22 370 17 2000 1089 442 1089 36 370 61 8 2000 911 4
1414 4367 4368 2579 4372 3355 4254 3495 4393 1325 3633 693 1209 4412 4414 3125 1856 4296 4169 4430 4432 4436 4437 4316 616 1641 4415
1222 40 168 1222 17 208 304 570 34 1222 565 2000 1222 17 10 208 1222 45 565 22 4 2 1 168 2000 778 4
4481 1414 4368 2579 3355 4254 3495 4393 1325 3633 693 1209 3125 1856 4296 4169 4430 4438 4316 616 1641 4471 4472 4478
2 1299 178 1299 294 326 407 95 1299 407 2000 1299 294 1299 5 407 12 20 429 2000 701 4 3 8
1414 4254 4368 2579 4501 3355 4510 3495 4393 4522 4524 1325 3633 3125 4535 1209 4538 4542 693 1856 4545 4546 4547 4169 4316 616 1641
1332 157 89 1332 28 216 10 452 318 23 12 1332 452 216 23 1332 2 4 2000 1332 1 1 1 452 464 2000 668
1414 4368 2579 3355 4254 3495 4393 1325 3633 693 1209 3125 1856 4552 4169 4558 4316 616 1641 4596 4598 4601 4602
1205 183 1205 191 83 604 577 1205 604 2000 1205 191 1205 29 604 6 409 2000 795 4 1 4 1
1414 4254 4623 4368 2579 4632 3355 4636 4638 4645 4646 3495 4648 4393 4651 4652 1325 3633 693 1209 3125 1856 4552 4169 4316 4653 616 1641 4647 4598 4649
901 70 3 339 901 1 251 10 15 5 7 848 5 848 2 3 901 848 2000 901 251 901 102 848 140 1 2000 1099 1 3 3
4672 1414 4368 2579 3355 4645 3495 4393 1325 3633 693 1209 4666 3125 1856 4552 4169 4693 4695 4696 4697 4698 4316 616 1641
48 1324 800 1324 108 18 568 568 1324 568 2000 1324 72 108 1324 77 568 8 9 7 1 3 166 2000 676
