32 65 37 64 41 45 46 47 48 40 51 54 58 62
34 4 45 2 14 15 35 14 8 2 8 2 3 2
128 65 130 99 32 37 129 105 79 112 113 123
8 43 2 28 19 91 5 29 2 20 8 4
65 162 37 134 136 105 170 139 112 168 147 169 154
134 6 73 175 44 3 1 33 19 1 47 1 34
65 37 134 139 204 210 147 186 211
46 115 345 41 2 2 199 11 2
225 262 37 134 139 147 245 247 252 254
44 2 91 436 64 151 11 8 1 3
37 262 296 265 268 301 306 147 310 311 134
10 67 30 5 25 1 5 63 1 3 494
368 134 262 361 362 363 364 367 336 369 370 147 342 346
4 296 174 5 4 2 5 1 26 2 1 137 20 22
420 134 262 423 393 395 364 399 336 402 147 422 342 408 346 411 382
7 246 162 4 3 10 187 14 29 6 138 1 10 2 28 15 1
262 134 455 460 458 364 431 147 463 457 411 447
268 91 1 5 1 519 14 269 5 4 51 2
515 134 262 364 431 147 502 517
7 112 117 814 3 292 18 6
134 262 518 364 526 431 147 502 535 536 537 538 541 542 543
147 118 10 865 9 65 225 25 2 1 2 3 3 1 2
609 546 134 262 587 364 610 594 147 536 538 604 575
1 3 59 156 25 936 1 25 325 44 80 14 74
611 147 262 134 648 652 650 651 364 653 654 627 629 536 538 638 575
3 416 369 22 9 4 3 1 381 1 2 22 90 39 227 4 227
627 134 262 721 713 682 364 718 723 720 677 722 147 629 662 663 536 538 666 575
30 30 430 2 15 15 307 2 3 1 8 1 245 30 3 28 9 590 86 590
147 262 134 785 780 759 364 781 782 721 774 627 773 663 772 538 666 575
27 394 316 1 2 7 468 6 1 35 20 316 21 46 4 509 161 509
773 262 147 663 538 797 134 666 815 820 824 826 829 575 835 840 841 842 843 721 364 627
5 644 24 92 294 11 236 31 13 3 14 14 1 294 1 19 2 2 3 23 756 236
898 895 900 134 262 887 364 849 627 663 824 666 891 538 575
3 2 2 406 619 3 570 106 406 181 27 16 9 405 405
851 262 134 881 870 875 364 878 879 849 855 627 869 853 663 824 538 666 575
70 540 272 2 43 4 425 7 2 8 13 272 24 70 196 5 763 102 763
851 262 134 936 938 663 364 890 849 931 627 853 921 917 933 538 666 575
38 605 129 13 1 53 494 44 11 13 129 38 10 10 12 772 38 772
627 965 262 1001 1003 364 890 943 851 853 663 933 538 666 134 575
60 71 500 1 3 507 17 43 137 137 57 6 933 137 60 933
965 262 134 364 1037 851 1041 1050 627 853 663 1048 538 1055 666 1053 1054 575
40 147 128 670 2 4 2 8 128 4 64 5 1055 2 4 5 1 1055
262 134 1095 364 1104 627 1108 1111 538 1115 1094 575
169 321 27 765 8 321 11 6 745 1 10 745
262 134 1128 1164 1175 364 1137 1170 627 1108 1173 1111 1176 1172 538 1148 575
149 136 10 4 3 874 28 4 136 22 1 35 2 3 841 46 841
1221 262 134 1128 1225 364 1137 627 1108 1111 538 1224 575
4 194 79 65 3 663 21 79 22 20 1064 1 1064
1254 134 262 1128 364 1231 1264 627 1108 538 1276 1277 575
5 286 166 76 639 31 3 286 134 909 4 5 909
1285 262 1128 1331 364 1326 1330 627 1108 1303 1332 538 1308 134 575
110 195 139 1 603 3 5 126 216 19 1 1076 38 126 1076
1285 262 1128 1354 364 1357 1358 1352 1108 538 1343 1308 1341 575
137 244 93 3 539 1 2 2 109 1217 34 37 20 1217
1376 1285 1381 262 1387 364 1389 1392 1394 1395 1396 1365 1380 538 1375 1372 1370 575
12 16 15 456 17 461 2 1 3 1 1 37 1 1083 60 4 14 1083
1459 1285 262 1462 364 1453 1455 1392 1458 1395 1460 1461 1430 538 575 1375
3 21 395 5 553 19 8 30 1 16 9 2 47 1052 1052 99
1482 1430 1285 262 1480 1478 364 1491 1492 1493 1494 538 1375 1469 575
8 3 38 773 13 35 516 6 5 1 3 711 203 20 711
1504 1505 1507 262 1480 1513 1482 364 1494 538 1375 1514 575
5 5 13 1192 96 5 16 371 2 437 15 2 437
1600 1595 1602 1507 262 364 1570 1603 1587 1588 1599 538 1375 1594 575
1 2 3 30 1038 555 39 1 12 9 2 407 5 2 407
1570 262 1639 1641 1642 1643 364 1634 1619 1626 1627 538 575
11 804 4 1 1 3 885 2 5 29 13 311 311
1667 1670 262 1671 364 1645 1681 1685 1686 1687 538 1691 1626 575
20 6 542 5 842 104 1 1 5 4 616 1 62 616
1760 1762 1755 1764 1765 262 1767 1772 364 1645 1746 1667 1716 1749 538 1727 1626 575
6 9 15 5 1 440 2 1 1217 188 10 13 51 44 343 69 13 343
1760 1787 262 364 1645 1789 1716 1781 538 1727 1788 1791 1790 575
90 5 494 1393 521 6 92 1 113 6 5 1 1 113
1760 1827 1828 1830 262 1833 1834 1835 364 1645 1716 538 1789 575
163 8 76 2 625 4 1 2 1140 218 173 235 29 235
1760 1859 1828 1861 262 1865 364 1645 1874 1716 1878 1880 1881 538 1853 575
98 85 181 5 231 47 1287 291 19 236 8 2 2 482 34 482
1760 1922 1923 1828 262 1865 364 1645 1874 1859 1716 1881 538 1919 575
219 3 3 139 154 15 1535 632 55 41 235 3 311 28 311
1760 1859 1828 1983 262 1996 1994 1995 364 1645 1997 1716 1972 538 1979 1988 575
287 7 203 10 76 1 3 1 1613 951 1 248 13 311 5 5 311
1760 2018 1828 2053 262 2055 2063 2058 364 1645 2062 2031 1716 2007 538 2047 575
83 106 156 12 54 4 1 11 1790 1323 2 1 156 30 156 3 156
1760 2018 1828 2021 262 2047 2025 2026 2050 364 1645 2033 1716 2052 538 2043 2046 575
78 240 181 89 96 4 2 24 1 1723 1472 31 181 1 181 10 18 181
2018 1828 2021 262 2025 2026 364 1645 2095 2096 2033 2098 1716 2101 2102 2073 538 2107 2109 575
224 76 395 362 19 12 1562 1543 5 5 63 2 76 5 3 69 76 1 2 76
2018 2148 2021 262 2152 2025 2155 364 1645 2033 1716 2153 2073 1828 538 2107 575
162 36 333 202 13 86 2 1790 1704 59 8 1 30 8 8 83 8
2018 2203 2021 262 364 1645 2191 2192 2033 2194 2196 2197 2198 2202 2107 2174
379 5 289 65 1935 1935 4 7 375 9 23 6 6 1 48 36
2018 2021 364 1645 2033 2206 2201 2202 2205 2174 2207
402 378 2000 2000 461 4 13 31 5 175 2
2209 2018 2244 2021 2246 2248 2252 2250 2251 364 1645 2253 2033 2230 2205 2174 2245
10 173 18 427 9 4 1 2 1 2000 2000 1 726 24 70 66 2
2209 2018 2021 2278 2283 364 1645 2285 2033 2205
26 16 425 17 6 2000 2000 4 809 143
2307 2021 2342 2343 2345 2346 364 1645 2033 2339 2296 2205 2334 2341
13 564 3 7 1 1 2000 2000 656 7 33 253 20 1
2371 2021 2377 2378 2379 364 1645 2033 2359 2296 2380 2205
3 618 2 4 1 2000 2000 704 2 3 1 192
2021 2378 364 1645 2397 2033 2387 2389 2390 2393 2394 2395 2396 2205
830 88 2000 2000 2 611 12 34 15 2 2 4 2 250
2401 2405 2378 364 1645 2413 2033 2418 2419 2420 2423 2424 2395 2396 2205 2021
31 76 28 2000 2000 2 689 21 2 9 1 3 33 57 166 790
2401 2459 2021 2378 364 1645 2033 2424 2458 2395 2396 2205 2405
7 1 1115 217 2000 2000 588 212 65 56 14 510 9
2496 2401 2021 2378 364 1645 2478 2509 2033 2514 2494 2518 2490 2424 2458 2395 2492 2205 2462 2495
16 26 1323 316 2000 2000 47 5 482 4 3 1 5 72 123 30 33 704 14 11
2401 2565 2563 2564 2021 2566 2567 2568 2378 364 1645 2478 2033 2548 2550 2458 2492 2205 2527
52 8 8 11 1164 2 2 1 180 2000 2000 62 568 10 3 48 14 399 14
2021 2601 2378 364 1645 2478 2575 2033 2621 2582 2458 2619 2620 2205 2622
1516 15 25 2000 2000 34 14 265 4 30 9 4 10 716 1
2656 2659 2660 2021 2662 2601 2378 364 1645 2033 2634 2650 2205
14 13 5 1597 1 34 54 2000 2000 140 2 17 1136
2717 2634 2021 2695 2696 2601 2378 364 1645 2703 2704 2033 2677 2710 2679 2712 2714 2715 2205 2718 2709
1 4 1693 24 20 38 115 2000 2000 4 5 45 12 6 24 6 4 1 1364 1 4
2753 2754 2021 2695 2760 2378 2759 364 1645 2734 2205 2750 2757
8 52 1898 83 3 139 1 2000 2000 4 1289 9 21
2784 2754 2797 2021 2695 2792 2378 364 1645 2799 2801 2802 2773 2786 2205 2757
10 24 6 1966 30 11 193 2000 2000 1 1 3 31 5 1215 35
2851 2852 2021 2378 364 1645 2205 2836 2845 2757
2 9 1919 359 2000 2000 1060 11 37 40
2882 2845 2021 2854 2378 364 1645 2893 2864 2897 2873 2875 2205
28 85 1904 12 282 2000 2000 11 114 5 22 37 1105
2961 2960 2882 2916 2021 2950 2951 2378 2955 364 1645 2954 2845 2864 2929 2932 2959 2875 2205 2949
5 1 18 19 1621 4 3 122 7 2000 2000 11 108 199 3 8 3 35 1014 6
2979 2021 2983 2984 2378 364 1645 2205 2864 2995 2997 2998 2999 2875 2845
57 1871 7 2 150 2000 2000 1062 340 1 4 1 1 17 136
3024 2979 2021 3020 2378 364 1645 2845 2864 3032 3033 3034 3023 2205 3007
46 25 1886 19 43 2000 2000 26 543 8 2 2 16 781 4
3040 3024 2021 3046 3079 3080 3049 2378 364 1645 2845 2864 3037 3081 3087 2205 3077
34 16 1654 44 7 17 34 127 2000 2000 229 274 44 21 3 1090 12
3152 3140 2021 3046 3137 3145 2378 3143 364 1645 2205 2864 3155 3156 3037 3128 3097 3151 2845 3157 3103
9 4 1798 198 22 2 186 4 2000 2000 1575 167 6 1 198 25 70 2 220 2 27
3152 2021 3046 3037 364 1645 2205 2864 3190 3097 3195 3196 2845 3198 3199
97 1806 194 194 2000 2000 1630 77 11 193 5 1 228 2 1
2864 3259 2845 2021 3046 364 1645 3214 2205 3152 3261 3250 3220 3256 3097 3258 3231 3260 3037 3199
44 1 341 1827 173 2000 2000 42 1767 134 3 1 30 2 148 1 23 2 173 30
3231 2864 3267 3268 2021 3046 3272 364 1645 3214 3037 3152 2205 3270 3097 3259 2845 3269
12 12 3 10 1864 136 2 2000 2000 17 136 429 1852 1 168 51 549 2
3328 3329 3259 2021 3046 3037 364 1645 2845 3152 3314 3097 3323 2205
25 2 92 1929 71 71 2000 2000 526 335 1 349 22 1929
3361 3323 2021 3046 3346 3369 3037 364 1645 2845 3152 3376 3349 3382 3384 3097 3259 2205 3333
3 44 1987 13 6 12 13 2000 2000 371 230 7 4 7 5 452 25 1987 36
3259 2021 3432 3401 3435 364 1645 3421 2845 3152 3346 3423 3349 3382 3417 3097 3323 2205 3422 3433
15 2000 2 142 2 2000 2000 1 365 343 22 1 31 28 62 435 22 2000 21 6
3489 3492 2021 3494 3401 364 1645 2845 3152 3486 3382 3485 3097 3259 2205 3422
2 5 2000 1 27 2000 2000 691 691 11 71 3 326 242 2000 39
3552 3547 2021 3542 364 3532 1645 2845 3152 3551 3539 3540 3382 3401 3097 3259 3548 2205 3550 3493
2 3 2000 1 2000 5 2000 688 688 2 8 6 45 52 92 341 7 2000 1 55
3585 2021 3593 3606 364 1645 3604 2845 3152 3600 3571 3603 3605 3382 3607 3097 3259 2205 3583
16 2000 9 1 2000 2000 5 430 430 11 29 6 4 148 1 190 273 2000 5
3616 3647 3643 2021 3628 364 1645 2845 3152 3633 3641 3571 3603 3645 3382 3639 3097 3259 2205 3646 3621
8 1 26 2000 104 2000 2000 224 224 10 10 72 65 4 8 42 194 653 2000 1 63
2021 3628 3690 364 1645 2845 3152 3633 3571 3689 3097 3259 2205
2000 191 2 2000 2000 294 294 44 43 4 202 619 2000
3745 3724 3748 2021 3628 364 1645 3726 2845 3152 3633 3571 3746 3701 3735 3097 3259 3740 2205 3749
5 22 18 2000 111 2000 2000 19 200 200 169 47 1 10 25 222 676 34 2000 1
3776 3808 3724 2021 3809 3628 364 1645 2845 3152 3633 3794 3769 3778 3097 3802 3259 2205
9 4 126 2000 1 49 2000 2000 160 160 548 32 6 11 328 9 855 2000
3847 3851 3724 3857 3859 3861 3862 3097 3864 3865 3866 3867 3868 2845 3628 2205 3633 3259 3152 2021 364 1645 3824 3826
21 2 276 1 3 3 1 578 2 5 1 3 1 264 71 2000 215 752 264 2000 2000 2000 104 1
3152 3875 3908 2021 3910 3847 3724 364 1645 3886 2845 3824 3633 3895 3097 3259 2205
471 26 2 2000 1 80 60 2000 2000 14 471 16 107 11 372 608 2000
3847 3948 3724 3949 3097 2845 3875 2205 3633 3259 3152 3932 3940 2021 3943 3944 3946 3947 364 1645 3950 3951
92 1 50 1 281 787 77 2000 1 552 787 3 8 2000 27 5 4 5 2000 2000 1 1
4000 3969 3951 2021 3724 4010 364 1645 2205 3152 3962 3875 3956 4003 4013 4009 3097 3994 3259 3996 2845
1 29 44 2000 25 2 2000 2000 2000 789 25 19 21 1 2 5 236 10 527 3 789
3969 3724 3097 2205 4003 2845 3259 3152 4053 4063 4064 2021 4070 4071 4075 364 1645 4079 4080 4081 4082 3956 3962
28 45 81 2000 15 1178 553 1178 21 12 52 2000 3 5 2 2000 2000 7 2 2 1 31 45
3969 4099 2021 4102 4103 4104 3724 364 1645 2845 3152 4080 3956 3097 3962 3259 2205
105 3 2000 8 2 1 239 2000 2000 1079 1079 50 6 116 239 753 2000
3969 4099 4132 2021 4144 3724 4138 364 1645 2205 3152 4147 4148 3097 3962 3259 2845
108 178 28 2000 14 363 2 2000 2000 2000 1280 13 3 30 363 690 1280
3969 4099 3724 4205 2845 2205 4144 4155 4160 3152 3259 4184 4186 4197 4195 2021 4198 4199 4203 364 1645 4206 3962 4181
123 148 280 1 1236 2000 123 139 7 1236 764 69 4 5 9 2000 10 6 14 2000 2000 1 280 1
4160 3969 4155 2021 4144 3724 4235 364 1645 2205 3152 4099 4245 4246 4247 4184 3962 3259 2845
8 202 71 2000 176 265 28 2000 2000 2000 1222 87 4 1 2 150 265 778 1222
3969 4099 3724 2205 4272 4259 4264 4267 2845 4144 4155 4290 4291 4301 3152 4305 4306 4184 3259 2021 364 1645 3962
78 52 163 2000 2 83 135 8 1263 81 83 10 14 4 1263 5 1 360 737 2000 2000 2000 163
4144 3724 4259 2021 3969 4264 4332 4362 4363 364 1645 2845 3152 4155 4364 4310 4184 3962 3259 2205 4360
86 35 56 2000 39 236 34 6 5 2000 2000 1289 1289 56 1 78 671 35 711 2000 1
3724 4365 4372 4375 2845 4264 4398 2205 4144 4401 4402 4404 4405 4406 3259 3152 4310 4184 2021 364 1645 3962
222 3 23 5 1371 110 8 2000 521 1 3 4 5 1 629 1371 113 448 2000 2000 2000 222
4310 4144 2021 4449 4264 364 4458 3724 1645 2845 3152 4448 4438 4461 4184 3962 3259 2205 4414
90 323 2000 11 7 2000 3 186 2000 952 952 7 47 1 389 186 1048 2000 64
4144 4515 2021 4513 3724 364 1645 4494 2205 3152 4310 4184 3962 3259 2845 4414 4511
460 1 2000 7 211 2000 2000 9 2000 1122 105 528 211 878 1122 1 2
4144 4539 2021 4557 4552 3724 364 1645 4558 2845 3152 2205 4532 4310 4535 4184 3962 3259 4541 4543
271 5 2000 9 4 347 2000 2000 2 1047 1047 2000 2 41 31 720 347 953 34 22
4608 4144 2021 3724 364 1645 2845 3152 4605 4595 4596 4310 4184 4541 3962 3259 2205 4606 4607
1 232 2000 668 2000 2000 931 931 9 7 2 36 699 59 668 1069 2000 1 12
4672 4144 2021 4614 4673 4616 364 4662 3724 1645 2845 3152 4605 4669 4649 4184 4665 3962 3259 4637 2205
2 189 2000 9 8 62 2000 11 729 2000 1075 1075 7 9 15 886 8 729 925 57 2000
4144 4719 2021 4705 4616 364 4715 3724 1645 4718 2845 3152 4690 4669 4184 4720 3962 3259 4637 2205
137 3 2000 8 87 2000 6 603 2000 4 1281 1281 16 58 1144 1 603 719 136 2000
4144 4738 4771 2021 4742 4775 4776 3724 364 1645 2845 3152 4690 4739 4669 4184 3962 3259 4637 2205 4767
130 38 4 2000 1 1 1 787 2000 2000 1170 1170 7 7 71 1040 787 830 117 2000 29
