25 3 20 4
1 21 10 6
65 66 3 70 72 43 50 51 20 55 58 75
1 3 6 2 2 5 15 1 6 20 2 1
97 130 131 133 134 135 114 122 125 126
54 2 11 1 1 1 36 5 3 4
192 193 162 196 197 198 169 177 187
3 6 52 1 2 1 36 2 1
193 229 241 169 239 177 243 233 222
35 7 2 155 1 42 2 2 5
288 294 169 298 301 275 249 282 255
6 20 231 4 10 30 12 26 7
323 325 327 169 332 334 275 313
3 5 5 205 4 6 50 14
356 373 275 169 362 371 341 376 313 351
32 2 21 492 69 7 67 1 18 85
418 443 169 430 437 441 379 444 351
11 4 599 8 19 8 80 1 41
480 486 487 169 430 468 474 479
16 3 1 662 12 57 9 20
480 519 169 490 528 532 533 534 536 537 538 539 540
200 4 759 81 4 17 1 4 4 4 7 2 1
480 584 169 586 556 532 565 585 538 573
245 8 747 1 49 27 17 6 82 6
480 620 169 556 627 532 629 630 633 538
320 55 839 194 48 16 3 5 12 73
480 672 652 620 679 680 649 556 681 662 169 668 670 639
135 11 24 17 6 3 35 135 3 12 565 26 13 61
480 672 738 739 740 742 743 556 747 652 681 718 662 649 169 668
162 86 5 1 1 4 1 162 1 77 86 38 86 86 299 129
480 769 772 780 169 556 751 798 790 759 793 794 799 668 766 789
211 51 7 19 135 211 10 2 8 8 4 2 1 75 10 5
480 843 836 838 839 840 169 811 556 844 751 824 668
374 2 15 15 2 9 225 23 374 3 68 25 225
480 169 556 751 883 886 857 879 668 893 894
433 197 433 109 7 2 33 7 197 5 2
480 886 169 908 556 751 912 915 917 918 919 857 668
555 6 249 7 555 104 2 15 5 2 3 69 249
480 961 962 169 556 973 974 751 919 668
498 18 4 331 498 4 2 306 22 331
1024 1028 1030 1033 1036 1037 1039 1041 1042 1043 919 668 169 556 974 978 480 999 1003 751 1008 1021
1 1 5 4 8 3 1 8 2 1 126 350 350 275 24 24 275 58 19 224 4 29
480 1068 1105 999 169 1066 1021 556 1085 751 1008 1041 1107 1110 919 1113 1103 668 1053
350 4 3 161 281 46 27 350 4 146 64 27 8 2 135 2 10 281 33
480 1152 1131 1125 999 169 1021 556 1133 751 1008 1041 1147 1142 919 1143 668 1053 1151
547 2 12 14 258 165 64 547 2 49 49 64 2 15 116 5 165 81 3
480 1212 999 169 1131 556 1021 1041 1201 1203 1213 1142 919 1209 668 1053
304 5 55 79 160 304 83 83 2 48 1 131 79 4 79 77
480 1259 999 1224 169 1131 556 1261 1021 1041 1266 1142 919 668 1053 1255
340 1 245 19 143 312 340 1 4 4 2 30 143 143 143 25
480 668 1291 999 169 1131 556 1293 1294 1142 919 1274 1276 1053
614 165 3 389 165 113 614 8 2 157 165 86 91 165
480 1344 1355 1316 1142 999 169 1354 1131 556 1331 1276 1302 919 1337 1274 668 1053
616 18 3 75 139 371 301 30 59 616 59 17 52 301 11 75 301 301
1302 919 668 1053 1316 169 556 1331 1398 1369 1373 480 1380 1382 999 1131 1388 1394 1142 1274 1402 1403
191 126 126 126 124 126 1079 26 31 46 26 1079 10 69 508 46 22 10 191 46 8 1
480 1451 1316 1302 1382 999 169 1131 556 1453 1454 1053 1462 919 1464 1369 1446 1463 668 1142 1469
1164 9 160 83 126 781 160 59 1164 43 9 160 6 160 14 59 22 1 160 83 4
1504 480 1316 1142 1382 999 1513 1131 556 1453 1489 1523 1525 1302 919 169 1527 668 1053 1369 1516
21 1152 107 50 38 589 25 104 1152 8 78 1 2 50 107 107 1 107 107 104 11
480 1547 1579 1316 1142 999 169 1131 556 1573 1583 1489 1580 1581 1525 1302 919 1369 668 1053 1567
1352 134 12 73 40 755 73 276 1352 4 1 28 1 4 11 40 73 276 73 73 5
480 1632 1547 1579 1638 999 1640 1641 1131 556 1635 1525 1633 1369 1626 1628
1568 16 38 2 1 1008 3 1 259 1568 9 12 6 259 11 16
480 1696 1698 1699 1668 1702 999 1131 556 1703 1525 1369 1661
1532 1 5 4 6 3 947 307 1532 1 79 307 36
480 1760 1764 1766 999 1704 1738 1131 556 1741 1743 1745 1746 1369 1724
1517 1 4 6 856 25 24 176 1517 17 6 6 11 176 11
480 1794 1803 999 1704 1131 556 1741 1810 1815 1369 1790
1427 12 30 450 106 74 1427 44 16 9 74 3
480 1131 999 1704 1834 1803 556 1741 1815 1849 1847 1369 1850 1852 1822
1560 61 371 61 2 91 1560 60 46 1 9 61 1 1 23
1822 1704 556 999 1741 1369 1884 480 1889 1893 1895 1897 1131 1903 1907 1909 1910 1913 1914 1915 1917 1918
143 222 1393 290 8 157 32 1393 6 27 24 11 157 10 11 6 4 9 5 7 1 1
480 1984 1986 1987 1893 1895 999 1704 1897 1131 556 1970 1907 1982 1976 1369 1822 1989
1201 5 5 1 91 5 293 171 45 361 1201 4 75 15 2 361 241 1
480 2019 2020 1893 999 1704 1897 1131 556 2031 1907 2025 1369 2011 1822
1267 20 14 72 734 98 19 436 1267 1 23 4 436 19 199
480 1893 999 1704 2028 1131 556 2035 2036 1369 2011 1822
1320 34 965 40 25 569 1320 5 1 569 16 71
480 2018 2019 2020 1893 2022 999 2021 1131 556 1822 1369 2011 2014 2015
1004 3 1 1 13 2 676 2 954 1004 42 954 112 6 4
480 2051 2022 999 2060 1131 556 2070 2071 1369 2075 2015
882 3 71 325 3 1118 882 5 39 1118 2 2
480 2022 2118 999 2089 1131 556 2131 2132 2133 2137 2071 2136 1369 2108
761 12 6 400 9 1239 761 2 5 13 7 46 7 1239 50
480 2179 999 1131 556 2194 2196 2197 2137 2071 1369
981 32 411 1019 981 5 1 1 89 162 1019
480 2179 999 1131 556 2237 2194 2137 2071 1369 2234 2236 2231
971 84 244 1029 971 5 22 177 177 1029 10 2 5
480 2179 2244 999 2282 1131 556 2287 2288 2261 2137 2071 1369 2268
972 196 19 186 11 1028 972 1 2 16 98 98 1028 17
480 2179 2244 999 1131 556 2323 2324 2261 2329 1369 2268 2302
1127 383 242 365 873 1127 24 29 8 5 873 2 204
480 2179 2244 999 2372 2377 1131 556 2350 2353 1369 2302 2367
854 262 48 351 2 2 1146 854 10 71 1146 180 8
480 2401 2179 2422 999 1131 556 2350 2415 2353 2423 2389 2390 2393 2424 1369 2302 2421
662 7 51 1 421 1338 662 46 7 80 1 10 5 48 2 1338 3 3
480 2464 2179 2393 2449 1131 556 2458 2353 999 2462 2457 2456 1369 2465 2461 2302 2463
281 4 62 19 13 1719 281 2 153 22 6 6 35 1719 1 15 5 6
480 2497 2507 2506 1131 556 2353 2486 2393 1369 2462
231 28 2 4 1769 231 263 11 12 1769 6
480 2497 2530 2534 2545 2508 1131 556 2510 2547 2353 2546 2515 2548 1369
318 42 5 28 10 180 1682 318 84 3 52 2 95 1 1682
480 2603 2585 2534 2508 1131 556 2510 2545 2515 2583 1369 2588 2590
210 2 20 31 407 1790 210 20 34 100 3 1790 97 8
480 2628 556 1131 2508 2515 2585 2616 1369 2618 2588
209 1 209 1791 674 121 63 6 1791 6 30
480 556 2634 1131 2508 2669 2672 2641 2515 2645 1369 2653
620 620 27 1380 593 6 1 22 389 125 1380 1
2688 480 2694 556 1131 2508 2515 2645 2680 1369 2687
27 664 5 664 1336 400 380 3 2 1336 41
480 2763 2695 556 2762 1131 2508 2767 2768 2729 2515 2772 2773 2755 2761 1369 2687
1010 7 7 1010 4 990 402 1 1 3 705 1 2 23 15 990 45
480 2785 2818 2819 2820 2508 1131 556 2786 2809 2515 2773 2761 1369 2810 2814 2687
985 9 1 3 2 578 1015 985 44 3 537 73 6 1015 7 2 24
480 1131 2820 556 2827 2508 2515 2773 2870 2871 2840 1369 2687
1025 975 90 1025 21 428 308 59 5 2 25 975 73
480 2820 2508 1131 556 2515 2773 1369 2906 2687
1041 319 340 959 1041 183 196 959 59 7
480 2913 2946 2955 2820 2951 2920 2508 2956 1131 556 2957 2959 2960 2515 2773 2953 2935 1369
992 29 14 2 271 7 1 517 1 1008 992 1 2 1 34 277 10 10 1008
480 2913 2976 2820 2990 2977 556 1131 2508 2515 2991 2994 2935 2996 2773 2998 2953 1369 2980 2999 2975
930 20 29 246 2 15 930 1070 459 35 10 2 52 2 386 2 52 1070 13 1 35
480 2913 2820 2508 1131 556 2935 2773 2953 1369 3004 3037 3038 3039
1309 184 139 303 691 1309 4 676 4 691 17 1 1 3
480 3041 2820 3072 2913 2508 3050 1131 556 3068 2773 3065 1369 3004
1252 41 24 8 47 549 6 748 1252 8 480 41 748 194
480 3115 556 3114 1131 2508 3084 3088 3091 2773 3094 3065 3096 1369 3004
1438 1 1438 2 562 400 7 36 20 532 6 19 13 562 513
480 3169 3155 3141 3174 3175 3176 2508 1131 556 3088 3065 3177 2773 3127 1369 3004
1427 20 2 6 2 1 1 446 573 1427 7 96 2 591 16 573 495
480 3207 556 1131 2508 3185 3218 3220 2773 3222 3065 3225 1369 3226 3195 3004
1171 4 1171 829 736 118 13 13 550 2 178 4 829 2 118 372
480 3259 3268 3269 3270 2508 1131 556 3185 2773 1369 3065 3195 3004 3261 3262 3253
1439 1 4 3 1 497 561 1439 182 762 561 298 182 464 2 17 57
480 3328 3330 3300 3333 3334 3329 2508 1131 556 3185 3315 2773 1369 3065 3195 3004 3261
1443 11 6 2 4 2 1 463 557 1443 26 11 513 557 282 26 231 4
480 3362 3345 3336 2508 1131 556 3377 3373 3376 3185 3378 3379 2773 3065 1369 3195 3004 3375 3359
1421 17 100 17 524 579 1421 7 4 2 77 1 1 583 381 579 77 202 2 6
480 3424 3345 3336 2508 1131 556 3425 3185 3065 3388 2773 3414 3415 1369 3418 3195 3004 3421 3422 3423
1530 2 8 47 470 470 1530 2 195 214 19 261 15 72 470 6 195 47 1 1 2
480 3464 3459 3428 3429 3462 3345 3336 2508 1131 556 3185 3388 2773 3065 3463 1369 3195 3004
1595 1 2 44 29 3 61 95 405 405 1595 278 71 211 116 1 405 278 95
480 3428 3429 3336 556 3498 1131 2508 3502 3504 3185 3507 2773 3065 3500 1369 3195 3004 3509
1247 61 265 230 1247 9 753 753 1 2 488 1 291 61 1 753 488 230 1
480 3428 3429 3336 2508 3525 1131 556 3535 3536 3185 3539 3509 1369 3065 3195 3004 2773
1418 22 309 16 582 6 582 1418 7 2 273 1 129 582 22 273 16 38
480 3525 2508 1131 556 3568 3185 3571 3576 1369 3546 3195 3580 3429
1362 118 638 638 1362 1 39 13 4 638 45 39 1 599
480 3586 3588 3429 556 1131 2508 3597 3185 3571 1369 3546 3195 3596 3525
1395 5 10 563 1395 605 605 3 42 64 605 125 42 6 43
480 3650 3651 3429 556 1131 2508 3185 3571 3639 3608 1369 3546 3195 3612 3596 3621
1081 4 1 885 1081 919 919 34 11 31 8 919 9 34 34 9 31
480 3680 3651 3429 556 1131 2508 3185 3667 3701 3639 1369 3195 3612 3621
887 15 20 1045 887 1113 1113 68 3 1 45 1113 68 68 35
480 3680 3756 3748 3429 2508 3754 1131 556 3726 3667 3731 3702 3639 1369 3743
1361 129 2 6 639 639 3 639 1361 20 7 13 99 107 639 2
480 3680 3787 3429 556 1131 2508 3792 3795 3702 3639 1369 3808
1372 73 22 628 1372 628 628 7 2 125 138 628 5
480 3429 2508 1131 556 3831 3830 3827 3702 3639 3832 1369 3833 3820
1126 874 874 874 1126 2 3 2 78 96 3 874 1 5
480 3429 3878 3880 2508 1131 556 3897 3895 3858 3892 3702 3639 3896 1369
1153 847 1 1 847 847 1153 2 1 77 1 185 164 4 847
480 3936 3429 2508 1131 556 3951 3923 3702 3639 1369 3932
1152 6 848 848 848 1152 6 55 110 202 848 139
480 3429 2508 3996 1131 556 3702 3993 3639 3990 3959 3992 1369 3932 3998
1112 888 888 5 888 1112 120 5 4 53 30 30 888 126 10
480 3429 4049 2508 1131 556 3702 4047 4048 3639 4050 4051 3990 3959 3992 1369 3932
1441 559 1 559 559 1441 25 16 7 38 1 2 171 176 69 559 95
480 4112 4075 3429 4102 4118 2508 4106 1131 556 4115 4080 3639 4114 4083 4087 3990 3959 1369 4090 3932
1305 13 58 695 9 1 695 3 695 1305 1 44 37 3 13 3 343 111 695 9 61
4075 4106 4112 3990 4185 4128 4132 4139 556 4144 3639 2508 4173 4180 4183 1369 4186 4187 4188 480 3429 1131 4080 4083 3959 4090
116 37 116 129 6 11 3 98 1405 18 40 595 28 14 1 595 7 5 2 1405 595 595 9 45 102 93
4225 4226 4227 4228 4229 4230 4075 4112 4203 4139 556 3639 2508 4173 4180 1369 4186 480 4195 3429 1131 4083 3959 4090 4222 4223
6 1 3 1 1 1 623 623 14 282 1179 10 821 47 109 821 19 1179 90 821 821 47 51 19 14 3
4226 4075 4232 4112 4242 4258 4261 4139 556 3639 4281 4288 4291 4279 2508 4173 4180 1369 4186 480 4195 3429 1131 4083 4090
30 646 144 646 10 1 53 63 955 20 19 7 2 28 1045 183 67 1045 12 955 8 1045 1045 183 12
4352 4353 4226 1131 4232 4354 4112 4261 4139 556 4281 4297 2508 4173 4180 1369 480 3429 4075 4332 4335 4083
5 2 12 947 127 2 405 78 57 1053 47 30 947 187 12 947 1053 947 405 24 6 187
480 4417 4386 1131 3429 4232 556 4261 4075 2508 4173 4112 4139 4083 4405 4281 1369 4410 4411 4414 4415
982 2 24 1018 1018 179 982 2 441 1018 160 441 3 160 22 68 1018 5 9 4 2
480 4432 4386 4075 3429 4422 4232 556 4458 1131 2508 4173 4112 4083 4281 1369 4475 4473 4447
1366 22 48 242 634 31 105 1366 36 634 634 63 242 63 117 634 2 5 4
480 1131 4484 3429 4422 4232 2508 4458 4075 556 4173 4112 4520 4083 4281 1369 4516 4511
1133 867 167 867 124 211 867 258 583 1133 60 583 3 60 28 867 20 6
4075 4484 4232 4112 4516 4517 4522 556 4535 4536 4537 4540 4541 4422 2508 4173 4281 1369 480 3429 4458 1131 4083
855 205 413 855 62 2 15 1043 3 1 4 3 5 130 957 19 121 957 1043 957 413 957 19
480 4578 1131 4484 3429 4232 2508 4458 4075 556 4580 4553 4112 4579 4565 1369 4281 4571 4516 4573 4535
969 4 1031 144 1031 359 1031 536 917 969 1 5 917 1 4 1031 191 4 24 8 46
4608 4609 4075 4484 4613 4616 4112 556 4232 4535 4281 4553 2508 1369 480 3429 4458 1131 4593 4594 4600 4603 4604 4586 4607
2 5 1007 102 1 1 1007 831 278 68 139 4 1169 1169 831 1169 729 1169 7 14 8 5 2 114 14
480 1131 4484 3429 4646 4232 2508 4458 4075 556 4626 4112 4648 4594 4643 4535 1369 4281 4586 4638
1240 760 17 760 15 97 760 579 676 1240 68 676 2 161 5 34 760 429 414 122
1131 4484 4232 4112 4626 4638 556 4535 4281 4673 4678 2508 4689 4694 4696 1369 4698 480 3429 4458 4075 4594 4586
708 43 145 666 25 296 1292 8 499 39 3 708 39 21 2 708 5 1292 708 521 666 60 474
480 4281 4075 4484 3429 4678 2508 4458 1131 556 4594 4112 4626 4739 4725 4694 4535 1369 4586 4638 4740
1322 378 623 35 678 15 678 623 678 1322 6 623 47 5 10 9 64 678 488 417 2
