1 34 36 37 33 8 9 20 24 25
144 1 1 1 1 2 19 2 23 20
1 38 72 76 45 77 79 24 25
125 159 1 3 71 1 3 64 61
1 130 131 132 133 38 135 136 45 115 116 119 25 127 124 134 101
145 2 4 2 2 188 3 2 249 27 1 1 399 2 9 6 87
1 101 166 172 45 180 181 182 185 184 25 38
246 254 2 1 213 1 7 4 2 1 327 87
224 1 227 101 201 202 45 209 181 233 25 234
21 319 5 216 18 42 227 64 18 2 156 1
224 1 293 292 101 289 202 45 269 209 274 276 281 25 250 253 286 287
57 356 1 4 75 5 58 330 30 61 2 2 1 61 25 9 5 3
224 1 101 326 297 331 332 45 334 333 209 306 307 329 25 250 335 286
34 384 56 3 14 13 21 573 9 5 70 9 12 2 70 37 4 21
384 1 356 101 360 348 363 45 209 370 375 25 379 380 382
3 384 7 145 76 10 42 848 20 29 4 20 3 5 4
1 387 101 423 360 363 45 430 431 401 370 435 437 439 415
296 1 273 3 253 2 966 24 6 13 157 16 8 1 62
448 1 101 454 513 360 45 430 465 370 499 502 503 504 508
46 563 63 13 3 123 904 236 19 172 1 9 1 5 8
544 1 516 101 568 360 556 45 430 560 520 370 563 566 536 530
11 698 109 42 1 232 10 742 156 17 9 368 13 1 3 40
1 610 516 101 614 615 520 616 588 45 430 360 370 599 612 602 530 606 607
753 9 76 42 3 1 68 1 2 587 428 115 249 25 6 8 42 17 2
672 1 610 675 516 677 360 665 45 430 370 659 661 670 676 602 530 606 671
6 887 17 7 64 2 129 6 713 99 724 10 25 4 1 24 57 85 9
1 740 737 360 745 746 747 45 430 370 692 661 722 686 714 606 671
545 2 2 55 4 1 4 740 47 498 89 32 9 9 9 48 88
800 1 798 360 714 45 686 797 370 692 661 430 794 765 606 671
3 370 1 245 39 661 39 2 354 56 245 16 38 16 91 93
800 1 802 803 360 843 45 430 830 370 692 661 853 855 858 859 765 606 671
36 489 53 53 321 26 429 80 39 409 145 321 11 5 3 1 70 140 36
1 898 902 909 915 661 671 800 802 803 45 430 692 606 865 360 873 874 370 886 892 765 917
614 3 12 3 3 412 91 91 40 111 485 205 94 54 42 412 97 5 409 74 7 7 3
1 661 671 800 802 803 45 430 692 606 977 979 983 984 986 987 988 990 865 360 873 370 886
682 361 58 58 79 197 482 291 9 41 2 3 1 7 7 4 3 1 47 361 194 391 68
800 1 803 865 360 873 1038 1035 45 430 1039 1040 370 995 661 886 671
184 423 331 31 174 407 1 4 400 204 2 1 219 10 174 4 184
800 1 803 360 873 1067 45 430 370 661 1078 1055 1085 671
309 257 461 137 267 33 258 74 183 137 16 28 1 309
800 1 803 1127 360 873 45 430 1097 370 661 1078 1129 1112 1113 1115 1086 671
126 219 848 1 194 186 236 147 20 72 194 9 5 2 9 1 77 126
800 1 803 1182 360 873 1164 45 430 1155 661 1145 1181 1086 671
204 104 760 6 42 185 24 325 104 11 42 12 25 75 204
1 1155 1164 430 671 800 803 45 1198 1199 1200 1086 1221 1230 1234 1236 1239 1241 1242 1243 873 1145
9 89 23 9 258 258 800 202 22 35 21 1 22 10 2 23 6 1 2 2 223 81
800 803 1287 873 1164 45 1230 1199 1200 1155 1236 1294 1145 1243 671
369 936 6 141 23 49 66 27 118 77 6 1 27 70 369
800 1358 803 1348 1350 873 1354 1346 45 1326 1199 1200 1330 1155 1332 1230 1307 1145 1243 1293 671
269 1 969 10 9 92 1 2 200 57 81 204 24 8 9 1 8 44 37 14 269
800 1378 803 1348 873 45 1326 1199 1200 1393 1394 1395 1396 1145 1243 671
262 17 554 20 44 754 18 101 162 4 1 1 1 21 170 262
800 1378 803 1413 1416 1403 1418 1417 45 1199 1200 1407 873 1145 1243 1404 1405 671
122 125 739 2 7 8 3 2 686 230 213 9 10 10 49 98 16 122
800 1378 803 1444 1468 1463 45 1199 1200 1457 1467 1461 1459 1465 1464 1433 1466 1243 1404 1405 671
317 62 465 81 1 1 664 462 92 11 3 6 1 2 1 26 1 186 63 53 317
800 1378 803 1444 1509 1511 45 1199 1200 1461 1496 1508 1243 1404 1405 1499 671
78 82 730 128 8 3 363 708 121 17 29 9 64 17 8 5 78
1554 1555 1557 1559 1560 1561 1562 1563 1564 1565 1566 671 800 803 1444 45 1199 1200 1496 1243 1378 1531
2 2 1 3 2 1 1 3 2 1 1 186 186 934 41 309 473 98 90 186 32 25
1378 803 1444 45 1199 1200 1624 1570 1621 1496 1615 1613
3 1226 39 139 632 3 1 24 3 95 13 5
1665 1666 803 1668 45 1615 1649 1667 1496 1199
17 1 1271 1 189 183 34 2 181 540
1728 1665 1730 803 1649 45 1615 1713 1718 1496 1199 1711
2 9 2 978 16 354 354 8 13 86 668 48
803 1733 1766 1767 1769 1770 1771 1772 45 1615 1749 1718 1199
1081 43 13 1 1 1 2 1 351 351 8 38 568
803 1787 45 1615 1777 1780 1781 1718 1785 1199 1788
1180 2 323 323 2 4 6 144 6 497 1
1807 45 803 1828 1852 1805 1615 1718 1199 1820
34 383 980 15 5 13 383 116 637 14
1856 1857 803 1828 1861 45 1615 1859 1845 1718 1860 1199 1855
4 2 948 114 1 418 418 1 26 70 3 634 22
1871 803 1828 1865 1866 45 1870 1199 1718 1615
2 719 6 4 11 675 1 606 64 675
803 1924 1893 1927 1931 1935 45 1199 1936 1938 1940 1718 1901 1615
613 8 36 7 5 1 532 855 2 1 1 16 2 532
803 1893 1917 45 1902 1199 1904 1910 1912 1913 1615 1903 1916 1914 1918
466 1 1 596 2 938 5 3 2 1 596 11 3 2 2
1954 803 1935 1957 1958 1959 1960 1961 1962 1963 45 1615 1199 1955 1947
10 796 4 5 1 2 1 1 1 1 207 207 997 2 16
1954 803 1993 45 1615 1969 2002 2003 1199
48 599 16 178 178 22 13 2 1223
803 2020 2025 45 1615 2036 1199
860 24 23 79 79 1 1061
803 2058 45 1615 2066 2069 1199 2076 2077 2078 2079
767 9 78 78 2 8 1155 4 6 7 5
45 803 2114 2117 2120 2089 2125 1199 2100 2104 2116 2106 1615 2109
46 750 8 6 11 24 2 1204 9 111 2 7 46 19
803 2183 2089 2191 2190 1199 2163 2185 2104 2106 2171
728 11 8 1 3 1272 49 1 21 9 2
2240 803 2213 2089 1199 2224 2163 2229 2231 2202 2235 2227 2237 2238 2239
1 474 14 16 1526 2 34 10 2 54 1 2 8 1 3
2272 803 2278 2279 2248 2089 1199 2163 2260 2263 2202 2267
11 900 2 1 37 43 1100 20 6 15 313 16
2304 803 1199 2267 2202 2299 2298 2302 2303
2 949 1051 52 285 22 9 6 1
803 2340 2348 1199 2357 2359 2202 2333
613 34 9 1387 4 1 214 4
2400 803 2406 2409 2427 2382 1199 2416 2388 2423 2202 2431 2428 2367
23 402 45 53 2 6 1598 9 11 2 65 3 4 40
2432 2473 2466 803 2436 2470 2409 2474 2446 1199 2451 2423 2202 2463 2461 2462 2367
51 2 3 327 39 2 60 1 1 1673 1 64 91 8 3 7 13
2432 2529 803 2436 2533 2534 1199 2481 2531 2462 2423 2500 2526 2463
261 10 224 15 3 2 1776 152 6 4 14 3 2 45
2432 803 2571 2604 2605 1199 2481 2610 2612 2615 2554 2586 2462
202 205 18 30 5 1795 290 6 15 1 24 2 55
2624 2432 803 2657 2664 2665 2666 2663 1199 2481 2659 2654 2653 2656 2554 2618 2462
17 521 398 4 1 1 1 2 1602 124 1 6 4 10 35 5 90
2432 2625 803 1199 2641 2646 2462
534 51 564 1436 3 5 17
2432 2625 803 2661 2662 1199 2704 2650 2703 2685
646 283 346 14 36 1654 2 113 1 62
2432 2625 803 2662 1199 2741 2742 2743 2650 2685
858 277 48 86 1952 1 1 2 25 169
2432 2625 803 2692 2726 2746 2728 1199 2709 2743 2744 2650 2747 2716 2685
1313 559 5 158 1 4 8 1995 19 5 2 47 11 33 115
2432 2625 2692 2796 2765 2798 1199 2802 2803 2804 2709 2650 2685 2782
1180 380 52 2 2 8 2000 8 3 4 37 29 186 2
2432 2625 2692 2853 2849 1199 2852 2650 2844 2685
1245 361 94 2 11 2000 8 12 4 133
2432 2625 2883 2692 2885 2886 2887 1199 2870 2877 2878
1729 678 17 49 2 2 1 2000 20 9 1
2432 2625 2946 2947 2692 2949 2950 2951 2920 1199 2952 2948 2938 2939 2940
1646 487 1 7 377 7 3 3 9 2000 1 10 1 2 23
2432 2625 2971 2692 2949 3009 2989 1199 3008 3000 3002 3003 2940 2981
1766 400 5 493 55 1 27 2000 3 10 6 8 19 16
2432 2625 2692 2949 3015 1199 3032 3030 3000 3002 3036 3037
1879 294 576 113 9 2000 8 2 40 1 3 4
2432 2625 2692 2949 3015 3051 1199 3056 3059 3061 3055
1986 330 392 23 74 25 2000 2 2 2 11
2432 2625 2692 3111 3119 3114 3115 3055 3093 1199 3102
1953 397 288 7 6 10 2 66 43 2000 24
2432 2625 2692 3142 3144 3145 1199 3102
1906 664 256 3 13 10 2000 14
2432 2625 2692 3173 3174 3175 3144 3145 3147 1199 3102
1924 618 142 81 2 1 28 76 27 2000 28
2432 2625 2692 3173 3241 3207 3144 3145 3242 3147 3182 1199 3248 3249 3246 3225 3236 3102
1892 611 292 7 3 2 292 12 3 8 13 2000 1 1 1 5 3 292
2432 2625 3266 2692 3144 3145 3264 1199 3282 3294 3287 3289 3290 3292 3102
1833 504 18 76 76 91 64 2000 2 4 10 13 3 4 76
2432 3264 2692 3333 2625 3144 3145 3338 3339 3340 3309 3310 1199 3336 3328 3341 3342 3311 3102
1583 122 8 1 197 8 156 2 3 4 118 36 2000 1 3 5 2 10 8
2432 2625 3395 3398 3393 3401 3328 1199 3378 3145
1686 185 2 3 3 1 3 2000 26 192
2432 2625 3427 3430 3145 3434 1199 3413 3422
1587 449 29 36 128 23 2000 16 5
2432 3461 3470 3472 3473 3477 3492 3493 3495 3496 3497 3498 3499 3500 3501 1199 2625 3145 3413 3427 3434 3446
1821 9 1 15 12 5 1 1 13 2 2 2 3 2 1 2000 442 201 162 70 47 11
2432 2625 3524 3145 1199 3472 3477 3542 3543 3544 3413
2000 436 21 90 2000 13 42 11 1 1 118
2432 2625 3593 3145 3597 3598 1199 3600 3571 3413 3607 3608 3610
2000 356 3 109 9 2 2000 2 10 190 3 2 2
2432 2625 3617 3145 3626 3628 3631 3413 3639 1199
2000 388 28 64 1 34 19 304 10 2000
2432 2625 3654 3145 3628 3662 1199 3413 3670 3671 3672 3673 3669
2000 735 4 89 119 11 2000 167 2 1 1 1 4
2432 2625 3145 3628 3631 3634 3413 3638 3641 3642 1199
2000 806 49 86 3 1 355 4 2 2 2000
2432 2625 3684 3686 3145 3690 3691 3628 3694 1199 3634 3700 3413 3702 3641 3701
2000 776 14 5 153 1 3 65 3 2000 201 3 85 3 19 1
2432 2625 3748 3749 3750 3145 1199 3729 3740 3743
2000 1126 6 3 1 26 2000 3 1 6
2432 2625 3749 3787 3788 1199 3792
2000 1246 41 10 41 2000 3
2432 2625 3813 3815 1199 3827 3829 3832 3833 3749
2000 1349 67 17 2000 16 5 1 7 1
2432 2625 3878 3881 1199 3888 3892 3894 3895 3896 3869
2000 1237 24 27 2000 3 7 1 1 4 15
2432 2625 3883 3885 1199 3897
2000 1160 8 22 2000 2
2432 2625 3939 3941 3936 3947 3948 3885 3950 1199 3951 3935
2000 594 11 25 2 8 4 61 3 2000 1 2
2432 2625 3968 3947 3885 1199 3954 3958 3959 3960 3963 3965
2000 487 2 137 243 2000 51 17 54 7 3 5
2432 2625 4002 3947 3980 3885 1199 4020 3959 3960 4015 3999
2000 445 7 185 16 65 2000 2 39 40 2 14
2432 2625 4037 4040 3947 3980 3885 1199 3959 3960
2000 177 1 3 161 63 6 2000 18 1
2432 2625 4011 4038 4041 3947 3980 4046 1199
2000 29 9 60 7 192 83 3 2000
2432 4074 3947 3980 4077 1199
2000 45 195 54 1 2000
2432 4128 4134 4102 4135 4136 4105 4074 3947 3980 1199 4114 4094 4095
2000 3 3 10 3 2 7 43 111 11 2000 13 133 2
2432 4187 3947 1199 4155 4094
2000 1 206 2000 45 427
2432 4171 4165 4169 3947 4172 1199 4176 4177 4180 4094
2000 1 3 21 154 11 2000 2 6 3 682
2432 4258 4235 4169 3947 1199 4244 4251 4094
2000 3 4 106 47 2000 1 3 587
2432 4299 4292 4169 4298 3947 4301 1199 4281 4282 4251 4094
2000 3 24 27 2 54 1 2000 1 9 3 471
2432 4352 4363 4292 4359 4360 3947 4332 1199 4370 4371 4373 4342 4376 4282 4094
2000 11 7 131 1 7 84 6 2000 7 2 8 16 1 18 366
2432 4352 4418 4292 4417 3947 1199 4400 4416 4408 4410 4411 4094
2000 16 1 115 2 149 2000 66 1 15 6 9 364
