40 44 48 49 50 51 31
1 16 17 1 1 5 14
51 116 119 120 122 95
8 5 6 1 2 12
165 167 170 171 173 119 95
32 29 10 1 1 65 47
225 229 231 206 215 218 219 221 190 95
3 4 1 23 3 8 1 4 28 20
288 285 266 237 271 274 275 276 278 279 282 283 221 190 255
2 2 1 11 29 1 9 2 7 16 3 4 12 65 10
295 293 294 279
2 33 2 25
293 327 337 341 345 319
126 10 3 4 1 42
327 393 391 398 399 401 402 403 404 375 379 380 319
123 3 2 2 2 7 3 2 3 41 1 16 32
417 422 327 429 430 431 375
31 2 45 6 1 4 24
327 491 464 498 502 507 509 510
29 4 95 2 7 7 1 1
480 481 482 483 464 473 476
5 5 2 1 134 12 1
517 486 519 523 495 464 531 532 534 537 536 473
17 41 23 26 15 204 8 23 19 4 15 9
544 576 581 486 583 519 585 523 464 584 565
29 1 12 22 3 119 1 17 215 1 6
544 464 581 486 624 626 632 635 605
14 73 57 43 27 16 7 1 101
641 581 666 679 681 682 683 684 653 486 685 464 659 660 686 664 624 634 605
30 41 2 6 5 10 3 1 30 5 2 89 2 2 1 11 5 74 9
641 738 731 581 486 745 746 653 750 749 464 728 664 624 634 699 700 752 751
36 1 25 69 1 11 4 74 1 5 85 14 12 1 142 51 9 1 2
800 641 770 802 653 464 792 791 728 634 699 798 799
7 68 51 1 154 129 3 35 44 94 67 12 3
770 836 840 653 464 826 634
144 7 1 10 60 18 15
770 851 850 826
177 1 16 43
770 903 905 910 856 888 889 826 892
283 4 1 1 10 49 6 83 28
770 931 967 968 972 938 971 908 888 856 956
422 80 6 3 1 65 1 26 60 4 3
770 931 1032 1033 938 978 1015 888 1018 1034 1021 1022
419 120 14 16 12 79 18 193 1 1 9 13
770 931 1092 1074 978 1015 888 1054 1087
167 148 4 9 41 91 189 76 16
770 931 1135 1140 1015 888 1145 1146 1151 1148 1149 1150 1087
244 480 11 18 11 105 19 1 4 2 1 2 34
770 931 1194 1208 1203 1211 1174 1145 888 1209 1179 1212 1213 1214 1087
91 428 8 3 5 2 19 5 232 6 4 2 1 2 91
770 931 1256 1194 1259 1229 1239 888 1246 1087
124 155 3 5 3 19 6 503 59 124
770 931 1319 1256 1194 1323 1324 1314 1320 888 1273 1307 1308 1322 1087
131 96 15 109 49 1 1 57 2 438 72 18 6 5 131
1376 1314 931 1256 1194 1368 1364 1366 888 1374 1375
2 165 244 181 26 31 10 2 343 4 1
1368 1314 931 1412 1430 1256 1432 1410 1424 1393 1427 1428 1429 1366 888 1406
65 31 311 10 1 163 4 24 16 133 6 6 1 28 430 4
1441 931 1256 1456 1393 888 1466 1467 1468
8 52 38 19 73 131 16 12 2
1505 1506 931 1509 1479 1480 1513 1511 1393 1507 1492 888 1512 1256
2 25 81 4 124 84 1 2 217 3 7 163 1 47
931 1509 1479 1256 1545 1546 1393 1554 1555 1556 1557 888
199 41 125 38 3 3 168 14 1 2 1 104
1601 1570 931 1479 1580 1393 1555 888 1593 1596 1599
1 3 34 101 4 276 11 52 12 39 3
1628 1654 1479 1608 1641 1624 1643 1645 1646 1647 1393 1650 1651 1652 1653 1622 888 1596
8 2 104 44 25 3 3 10 2 2 341 2 3 1 1 27 67 214
1690 1479 1645 1393 1622 1687 888 1689 1658 1693 1695
7 155 7 249 13 14 95 2 24 12 5
1718 1704 1705 1720 1712 1393 1717 1622 1719 888 1658 1723 1724 1725 1695
5 6 7 10 25 166 34 70 2 43 50 1 2 1 24
1764 1782 1735 1768 1769 1738 1784 1775 1393 1717 1622 1783 888 1785 1658 1695
4 5 94 26 10 84 2 11 137 6 141 2 73 2 71 174
1792 1393 1738 1735 1816 1622 888 1658 1820 1695
70 64 84 179 7 84 131 64 3 35
1792 1861 1862 1735 1738 1840 1393 1842 1622 1847 888 1658 1695
113 1 1 210 102 6 91 16 102 14 29 91 31
1792 1892 1735 1738 1900 1903 1842 1622 1911 888 1913 1914 1916 1917 1886
139 14 196 161 6 29 2 161 15 47 7 4 1 2 33
1792 1968 1957 1735 1738 1964 1966 1903 1942 1969 1970 1622 888 1886 1919
285 6 5 155 96 3 2 38 5 8 1 96 68 9 5
1792 1735 1995 1996 1997 2008 2004 2005 1991 2007 888 2009
234 116 50 14 24 1 6 1 2 3 7 1
1792 1735 2058 1997 2008 2046
174 90 23 22 1 25
1792 2081 1735 2058 2094 2102 2103 2076 2046
117 5 92 37 32 15 4 3 76
1792 2096 1735 2058 2135 2125 2094 2128 2132 2134 2103 2105 2106 2107 2046
78 9 4 23 2 1 165 3 2 1 14 11 16 3 165
2176 2178 2179 2183 2058 2094 2162 2131 2105 2107 2186 2046
13 32 4 1 15 42 28 120 17 128 2 42
2058 2222 2224 2225 2162 2131 2107
64 25 2 1 118 222 222
2267 2277 2279 2058 2285 2287 2131 2264 2107 2282 2271
3 4 13 64 6 2 296 9 73 2 8
2337 2339 2131 2327 2107 2334 2303
9 1 256 8 86 26 20
2402 2403 2405 2406 2344 2383 2131 2393 2362 2107
8 1 3 11 8 38 319 38 58 38
2464 2402 2470 2471 2472 2383 2131 2425
8 70 1 1 2 91 274 81
2521 2502 2506 2510 2383 2131 2484 2517 2519 2425 2522 2511 2495
1 3 6 8 48 283 115 6 1 9 2 20 4
2593 2562 2564 2588 2571 2541 2547 2383 2577 2131 2484 2581 2586 2573 2590
1 14 12 1 12 5 24 54 20 345 155 8 2 4 1
2632 2601 2634 2605 2541 2641 2131 2484 2617 2639
3 10 10 24 4 10 440 138 5 4
2659 2660 2541 2639 2131 2484 2649
15 3 30 4 597 117 24
2701 2692 2710 2695 2696 2541 2703 2131 2707 2678 2712 2649 2682 2684 2669
4 7 9 7 3 34 12 513 4 3 1 62 8 17 11
2722 2732 2541 2733 2737 2131 2742 2744 2649 2714 2684
35 13 42 1 2 261 4 1 35 25 11
2786 2755 2795 2791 2760 2759 2131 2787 2775
49 61 1 1 6 12 415 4 3
2817 2786 2755 2791 2826 2827 2818 2830 2831 2800 2131 2804 2808 2809 2819
3 82 42 10 2 16 12 2 3 4 474 43 22 2 5
2880 2786 2851 2827 2831 2833 2131 2755 2819 2841 2875 2876 2878
1 39 24 32 12 2 649 47 11 63 1 1 1
2786 2755 2917 2886 2919 2920 2827 2131 2841 2910 2911
439 41 1 19 1 2 35 805 209 3 3
2944 2945 2786 2947 2827 2131 2841 2939
32 2 516 1 57 802 221 13
2944 3009 2786 3008 2827 2131 2841 3002 2939 3004 3005 3006 3007
54 3 560 3 28 813 221 33 83 16 12 20 6
2944 3041 2786 3051 3052 2131 2841
11 40 474 1 1 549 410
2786 3085 3090 2131 3063 2841
531 6 9 531 8 296
2786 3140 3142 3148 3150 3151 3153 2131 3093 2841 3131 3100
378 7 5 10 2 1 3 378 21 274 7 24
2786 3206 3208 3177 3211 3212 2131 3193 2841
283 6 2 1 4 2 283 2 121
2786 3235 3243 3244 2131 2841 3228
274 48 9 2 274 22 55
2786 3235 3251 3273 3275 2131 3254 2841 3257 3228 3269
134 58 51 1 1 134 18 41 107 101 12
3296 3297 2786 3235 3300 3251 3302 3304 3275 3298 2131 3285 3291 3301 3295
7 9 140 307 1 191 1 1 9 4 140 9 4 1 2
3351 2786 3235 3331 3275 2131 3342 3343 3251 3341 3318 3307 3327
1 30 66 8 39 30 4 7 80 14 1 40 17
2786 3235 3251 3398 3406 3408 2131 3413 3415 3416 3417
18 27 3 7 9 5 18 5 1 4 1
2786 3235 3443 3438 3442 2131 3444 3445 3446
35 183 8 22 13 35 3 4 1
2786 3235 3465 2131 3438 3474 3443 3476 3478 3481 3482 3483 3486 3487
26 200 36 26 15 13 248 7 2 2 5 5 4 1
3235 3525 3526 3465 3523 3443 3534
141 47 6 6 27 446 4
3552 3235 3556 3525 3534 3567 3443 3546 3548
5 187 29 22 94 6 436 8 49
3616 3235 3556 3623 3624 3626 3534 3631 3443 3630 3620
1 226 20 30 6 14 21 1 671 1 9
3680 3235 3653 3623 3663 3696 3665 3698 3443 3676 3667
25 256 3 112 21 4 17 6 576 10 1
3744 3713 3714 3235 3748 3755 3718 3623 3752 3753 3754 3751 3756 3757 3663 3443 3733 3742 3739 3676 3710
3 20 9 193 4 1 12 97 4 1 1 10 2 1 27 441 61 1 9 63 20
3714 3235 3812 3814 3623 3752 3817 3786 3815 3756 3443 3676 3805
41 150 26 1 180 4 1 26 1 56 688 118 1
3840 3235 3623 3820 3443 3676 3837
4 242 308 4 750 206 12
3874 3235 3878 3623 3899 3443 3884 3885 3887 3888 3879 3859 3894 3897 3875 3898 3867 3676 3895
36 502 47 408 1 671 16 4 5 10 29 20 5 4 17 1 18 124 1
3906 3235 3909 3878 3879 3913 3914 3623 3874 3918 3919 3443 3894 3897 3907 3676 3898
2 872 1 26 72 10 3 544 5 2 3 614 159 30 10 22 1
3235 3974 3878 3879 3976 3977 3623 3443 3897 3962 3676
616 1 250 39 3 5 910 935 11 4 25
4001 3235 4004 4005 3878 3623 3979 3983 3985 3443 4020 4024 4003
18 467 16 6 231 854 2 37 38 854 2 2 92
3235 4069 3878 3623 4072 4075 3983 4081 3443 4071 4084 4086 4089 4088 4057 4090 4061
351 17 421 762 2 6 40 8 762 6 4 2 3 1 50 1 2
4096 4113 4120 3235 3878 3623 4143 4145 4147 4148 4149 4151 4153 4154 4158 4159 4160 4162 4163 4164 4057 4134 4081 3443 4093
29 14 24 404 376 686 10 13 6 7 8 4 2 1 1 1 5 1 1 2 36 2 82 686 11
4160 3235 3878 3623 4209 4202 4203 4189 4081 3443 4195 4057 4093 4190
13 582 225 513 5 8 6 18 143 513 7 49 36 11
3235 4243 3878 3623 4233 4234 4240 4081 4242 3443 4245 4057 4248 4249 4250 4093
390 4 332 753 47 52 1 193 7 753 2 2 2 3 1 194
3235 3878 3623 4233 4234 4081 4242 3443 4311 4298 4313 4312 4093
581 162 391 122 150 83 12 391 3 47 1 2 146
4359 4353 4354 3235 3878 3623 4355 4233 4234 4363 4364 4093 4081 4317 3443 4362 4298 4360
3 4 2 474 244 407 6 55 223 2 2 5 158 49 407 3 43 2
3235 3878 4401 4233 4234 3623 4399 4081 3443 4406 4408 4411
554 85 58 80 177 253 25 168 253 1 4 4
4449 3235 3878 3623 4234 4461 4430 4465 4081 4466 3443 4462 4463 4412
28 582 75 226 107 2 38 1 151 1 226 1 1 110
4449 3235 3878 3623 4488 4234 4491 4430 4081 3443 4468 4509
118 406 206 347 10 63 24 27 141 347 27 5
4544 4449 3235 4518 3878 3623 4234 4491 4547 4081 4545 3443 4526 4536 4543
5 150 455 13 419 496 50 29 1 77 2 496 2 22 3
4449 3235 4580 4518 3878 3623 4559 4081 3443 4536 4581
144 579 7 1 284 287 34 3 287 7 1
4449 3235 4614 3878 3623 4585 4618 4619 4588 4590 4623 4081 3443 4597
6 534 2 370 425 10 4 14 63 31 1 55 425 1
3235 3878 3623 4664 4648 4588 4590 4081 3443 4660 4661 4632 4667 4669 4670
55 524 647 15 8 38 9 123 647 7 2 39 1 1 1
4672 3235 3878 3623 4664 4081 3443 4660 4632 4699 4700 4702 4703
30 58 601 689 11 88 689 62 31 4 2 22 6
