64 65 34 16 7 41 75 66 78 80 81 61
6 2 88 11 71 13 5 33 1 2 1 6
130 102 7 145 139 140 34 16 81 146 147 87
32 14 127 7 1 7 116 114 94 3 1 21
161 7 170 172 16 147 148 183 184 185
17 257 2 12 183 31 37 2 1 1
225 7 232 233 235 236 237 16 148 215
9 439 5 1 2 1 1 241 111 5
256 262 7 268 271 16 275 148
75 29 488 4 2 403 1 338
326 7 328 327 16 148 313 318
14 368 1 2 752 455 3 8
384 385 7 360 366 16 338 371 148 374 378 383
16 1 413 103 51 700 77 31 351 58 3 15
7 360 428 403 429 366 16 392 338 371 148 374
411 39 1 33 1 62 856 37 33 76 480 78
464 450 7 360 366 460 435 430 466 16 392 338 371 148 462 374 461
3 21 733 394 90 4 64 63 1 719 13 122 81 470 2 172 1
450 470 486 7 360 366 495 16 497 338 371 148 494 374 473
40 4 56 672 395 39 4 961 1 258 162 664 1 63 8
528 546 547 550 520 7 360 551 525 366 16 529 338 371 148 374 532 543
6 2 10 2 8 696 306 2 14 29 939 21 440 367 470 23 19 2
560 566 550 7 360 16 563 338 371 148 545 374 567 564 570 571 572 574
8 3 22 1082 522 609 11 295 535 314 6 25 10 1 1 5 3 2
577 7 360 583 587 591 16 584 338 371 148 374 572 574
6 1013 297 1 15 1 569 8 185 695 384 21 114 73
583 592 7 360 586 587 588 589 591 16 338 371 148 572
11 2 1264 431 2 4 1 3 1 452 23 833 429 118
635 645 646 7 360 587 647 16 625 371 148 630 603 637 607
18 4 2 1682 331 53 2 318 15 1351 318 2 32 17 12
688 635 651 683 7 360 587 686 16 689 690 371 148 673 603 607
5 18 35 12 1774 104 120 2 226 1 3 1670 226 12 25 14
720 603 651 726 7 360 713 587 718 16 690 371 148 725 723 727 635
41 35 21 1 1806 198 51 151 5 194 71 1608 194 3 3 2 149
720 603 741 7 360 713 587 748 749 750 16 371 148 727 635
59 30 9 1831 16 79 72 1 2 2 169 1815 169 58 84
800 720 811 805 774 7 779 784 817 371 756 790 727 801 816
2 23 2 2 23 2000 73 36 1 2000 23 15 177 1 1
784 843 7 779 847 720 855 371 756 727 856 857 827
1 37 2000 68 23 125 21 2000 125 181 1 3 33
896 843 900 901 7 883 779 847 371 727 891 827 892
2 98 3 1 2000 32 87 13 2000 73 11 56 18
929 931 902 7 779 843 941 942 371 935 727 891 827
25 73 7 2000 6 177 4 1 2000 9 129 74 189
929 931 997 7 1001 843 1008 1009 1010 371 935 727 984 827 1011
72 166 2 2000 21 123 5 1 1 2000 23 164 97 93 1
1024 929 1035 7 843 1051 984 371 1014 727 1048 827 931
15 346 35 2000 70 4 6 2000 25 160 9 35 45
929 931 7 1064 843 1072 371 1076 1078 727 1083 1084 1085 1086
168 63 2000 57 47 12 2000 2 1 103 6 3 1 2
1152 929 1154 1091 1124 1157 1158 7 1064 1133 1104 371 727 1148 1150
3 32 6 33 51 2 2 2000 106 2 108 2000 80 4 2
1216 1185 1186 1124 7 1064 1104 1192 371 727 1148 1213 1214
4 72 33 35 2000 82 146 12 2000 38 38 9 19
1216 1124 7 1192 727 1104 1265 371 1269 1270 1064 1148 1271
163 86 2000 44 20 158 9 2000 1 1 228 168 1
1216 1124 7 1192 1289 1292 1295 1104 1064 371 1288 1148 1278
250 121 2000 52 3 28 8 74 321 2000 10 309 93
1216 1345 1124 7 1064 1340 1292 1104 1192 1344 371 1336 1148 1278 1343
373 1 45 2000 243 12 47 249 166 1 2000 7 199 23 2
1216 1360 1124 7 1064 1340 1383 1104 1192 371 1384 1367 1336 1369 1375 1148 1278 1385
294 51 8 2000 361 16 2 408 119 2000 4 19 69 19 6 343 5 1
1216 1360 7 1192 1104 1064 371 1441 1398 1367 1336 1369 1148 1437
149 22 2000 368 527 123 2000 10 4 22 11 22 123 32
1216 1476 1462 7 1192 1450 1479 1485 1486 1480 1104 1064 371 1461 1398 1463 1336 1487 1148 1482 1470
178 13 24 2000 181 66 13 4 1 6 483 345 2000 14 16 14 67 1 345 1 16
1504 1480 7 1192 1500 1450 1104 1064 371 1462 1496 1476 1499 1148 1470
1 131 2000 359 5 37 414 218 2000 5 7 11 20 218 204
1480 1544 7 1192 1545 1546 1547 1516 1549 1556 1104 1064 371 1553 1557 1558 1561 1148 1470
44 27 2000 208 9 8 11 34 3 1 567 78 2000 1 17 1 1 78 228
7 1545 1546 1553 1557 1562 1573 1192 1577 1582 1480 1592 1594 1595 1597 1470 1608 1609 1611 1614 1615 1104 1617 1616 1064 371 1148
2000 21 64 34 87 157 37 181 26 22 140 7 2 8 11 214 6 5 3 3 3 748 3 1 140 2000 140
1648 1480 1573 7 1192 1545 1649 1104 1553 371 1652 1557 1654 1064 1562 1595 1148 1597 1470
18 133 166 2000 153 17 5 1077 248 2000 1 277 1 133 72 153 133 25 46
7 1677 1553 1557 1562 1699 1573 1192 1707 1708 1709 1710 1711 1712 1595 1597 1470 1104 1681 1648 1704 371
2000 27 390 129 68 6 348 250 4 2 5 6 2 3 9 23 112 971 1 53 13 2000
1744 1729 1573 7 1192 1742 1104 1553 371 1557 1747 1752 1745 1562 1470
23 25 482 2000 257 22 1102 437 2000 165 11 10 16 62 117
1729 1745 1573 7 1192 1767 1104 1553 371 1557 1752 1785 1562 1787 1744 1470 1781
33 9 546 2000 236 14 936 272 2000 217 113 3 129 7 66 282 11
1744 1822 1827 1573 1830 7 1192 1836 1837 1104 1553 371 1844 1557 1752 1562 1820 1825 1470 1845
107 45 13 418 6 2000 223 14 1 1132 232 2000 4 342 108 404 10 13 227 2
1895 1573 7 1192 1897 1898 1899 1900 1104 1553 371 1896 1557 1878 1893 1752 1562 1853 1470 1877
5 97 2000 91 6 2 4 1 1228 138 2000 15 602 18 7 237 445 47 584 13
1936 1573 7 1192 1897 1930 1932 1901 1935 1104 1896 371 1553 1557 1752 1562 1915 1853 1470 1925
11 56 2000 170 54 11 7 36 2 775 141 2000 33 297 455 417 30 62 999 21
1925 7 1936 1938 1557 1562 1953 1957 1960 1964 1970 1972 1975 1976 1977 1978 1853 1470 1104 1752 1573 1896 1897 1901 1192 371 1915
63 2000 25 2 81 406 4 59 24 8 12 16 1 3 2 1 129 987 586 297 47 298 129 129 380 2000 77
1960 1573 1990 7 1192 1897 2026 2027 1901 1104 1896 371 1992 1557 1752 1562 1915 1853 1470
23 114 36 2000 544 49 1 2 49 140 581 2000 1 26 236 55 2 49 1202
2064 2065 1573 7 1896 2059 2061 2062 1104 1192 371 1557 1752 1562 2043 1470 2035
4 2 28 2000 748 2 5 2 323 670 2000 88 68 235 18 979 62
2064 2081 1573 7 1896 2131 1557 2066 1104 1192 2098 371 2110 1752 2133 1562 2076 1470 2035
145 26 32 2000 820 8 41 102 510 341 21 2000 51 75 1 469 9 1117 9
2064 2116 2081 2113 7 1896 1104 1192 2066 371 2110 1562 1470
216 5 18 9 2000 899 285 643 161 2000 14 285 1072
2064 2131 7 1192 2160 2167 2157 1104 1896 2066 371 2132 2165 2169 2168 2137 1562 1470
180 3 2000 1096 2 1 3 208 565 64 2000 8 1 3 2 11 208 696
1104 2195 2181 2064 7 1192 2177 2194 2190 2191 2192 1896 2066 371 2137 1562 2173 1470
538 2 5 303 2000 856 24 2 6 3 5 464 224 2000 64 538 21 606
1104 2245 7 1192 2249 2250 2251 2252 2253 2064 1896 2066 371 2233 2137 1562 1470
502 4 2000 1133 3 3 2 1 2 270 330 251 2000 18 187 502 365
2304 1104 2306 2307 2308 7 1896 2290 2064 1192 2066 371 2292 2233 2137 1562 2301 1470 2271
2 789 4 2 2 2000 419 10 391 792 322 2000 5 33 111 789 4 419 113
2306 7 2317 2064 2066 2327 1562 2334 2336 1192 2347 2350 2354 2355 2361 2366 1104 2137 2271 1896 371 1470
489 2000 1 430 45 45 848 44 2 606 1 8 3 3 4 1 848 56 52 546 2000 546
1104 2306 7 1896 2410 2381 2064 1192 371 2423 2424 2137 1562 2427 2394 1470 2271
670 566 2000 632 2 27 632 698 2000 1 5 25 670 1 34 632 252
2434 7 2306 2064 2449 1562 2468 1192 2473 2439 2481 2491 2494 2499 2500 2501 1104 2271 1896 371 1470 2427
150 2000 364 745 64 444 14 811 11 22 26 1 7 4 2 1 444 127 745 2000 745 15
1104 2306 2533 7 1896 2473 2529 2509 2064 2449 371 2516 2494 2481 1562 1192 1470
513 296 1 2000 781 66 1 19 781 164 2000 12 36 40 513 706 781
2579 1104 2306 2587 7 1896 2473 2567 2064 2449 371 2580 2581 2552 2481 1562 1192 2586 1470
3 715 561 1 2000 694 214 3 694 247 2000 17 2 3 2 715 591 2 694
1104 2306 7 1896 2473 2632 2604 2064 2449 371 2633 1562 1192 1470
604 385 2000 578 112 5 35 578 356 2000 1 604 818 578
1104 2306 2659 2660 7 1896 2473 2632 2674 2683 2641 2064 2449 2643 371 2677 2663 2680 1562 1192 1470
655 523 93 13 2000 568 46 68 9 1 3 568 420 25 2000 8 9 7 655 777 568
2306 7 2696 2702 2064 2449 2709 1562 2717 2723 2727 1192 2729 1470 2632 1104 2659 2660 2663 1896 2728 371
361 2000 19 17 546 345 6 452 11 7 1 1002 2 546 143 452 13 193 45 546 1 2000
2064 2306 2723 2660 7 1192 2632 2764 2775 1104 2449 2770 371 2771 1896 1562 2717 1470
368 129 13 189 2000 1378 228 24 3 254 172 7 2000 1 368 254 61 368
2064 2306 2811 2660 7 1192 2810 2764 1104 2449 371 1896 2808 1562 2801 2776 2717 1470 2783
182 24 4 191 2000 1670 2 25 148 115 2000 182 7 148 29 3 59 182 47
2449 2064 2306 2660 2842 7 1192 2826 1104 1896 371 2836 2837 2839 2840 1562 2844 2717 1470
41 80 52 144 1 2000 1638 10 282 80 2000 15 53 8 1 282 4 16 80
2880 2064 2882 2883 2660 7 1192 1104 1896 371 2868 2837 2870 2839 2872 1562 2847 2844 1470 2879
3 44 3 1 120 2000 1817 139 44 2000 3 3 4 53 1 139 1 70 44 7
2912 2064 2896 2660 7 1192 2921 1104 1896 371 2902 2839 2920 2916 1562 1470
32 136 34 94 2000 1758 11 106 136 2000 9 21 7 2 106 136
7 2959 2064 2966 1562 2974 2977 2978 2980 2981 2982 1192 1470 1104 2912 2660 2920 2921 2928 1896 371 2933
2000 10 129 10 40 1 4 7 12 1 2 1831 129 40 65 307 51 142 11 129 2000 160
2912 1104 3009 2660 7 1192 2928 2921 2959 2064 1896 371 3028 3032 3033 3000 2920 1562 1470 2933
107 221 12 145 2000 1436 71 23 18 343 343 2000 43 5 5 20 23 221 343 26
3075 7 3082 3084 2959 2064 3090 1562 1192 1470 1104 3028 2912 2660 2920 2921 3050 2928 1896 371 3065 3070
3 2000 7 2 7 161 1 19 1820 161 19 59 147 171 77 105 9 147 161 2000 12 24
7 2064 3103 3109 3111 1192 3119 3124 3127 3128 3133 1470 3135 3136 3028 2912 2660 1896 2921 2928 2920 371 3070
2000 251 25 41 25 1749 18 32 3 30 3 251 1 1 59 357 209 251 127 357 81 2000 26
7 2064 3103 3109 3111 1192 3119 3124 3128 3130 1470 3137 3138 3142 3144 3145 3151 3028 2912 2660 2920 2921 2928 1896 371
2000 314 164 12 164 1686 91 209 5 32 314 8 3 12 10 8 4 106 275 449 5 129 275 314 2000
7 2064 3103 3111 1192 3119 3124 1470 3137 3028 3160 3164 3167 2912 3169 2660 1896 2921 2928 371 3189 3196 3198
2000 72 85 85 1928 149 154 72 9 149 39 14 54 551 39 226 72 168 551 2000 26 5 2
7 3214 2064 3217 3231 3111 1192 3241 3119 3124 3103 1470 3268 3269 3270 3271 3273 3274 3028 3160 3164 3167 2912 3169 3259 2660 1896 2921 3262 2928 371 3189
2000 53 167 56 9 226 1833 20 202 238 226 167 2 3 4 2 1 3 202 121 1 50 347 121 8 238 167 261 4 347 2000 98
7 3295 2064 3217 3103 3111 1192 3119 3124 3259 1470 3028 3286 3160 3292 3167 2912 3169 2660 1896 2921 3310 2928 3313 371 3189 3319 3322 3325 3326
2000 1 187 4 4 4 1813 348 240 34 187 348 9 413 4 34 319 413 240 187 413 11 319 11 2000 28 40 12 11 1
7 2064 3368 1192 3369 3119 3376 3377 3124 3383 3380 3259 1470 3028 3160 2912 3169 2660 1896 2921 2928 3313 371 3319
2000 205 23 1795 8 260 2 5 473 3 22 117 205 260 183 552 183 473 205 183 552 88 2000 9
3462 7 3469 3471 2064 3160 3475 3476 1192 3119 3376 3377 3124 1470 3394 3028 3416 3428 2912 3169 2660 1896 2921 2928 3313 371 3452
17 2000 3 5 5 66 6 1 1995 12 23 86 565 5 12 12 26 9 650 66 565 5 66 650 12 2000 20
2912 3169 3554 2660 3558 7 1192 2921 2928 3377 371 3124 3160 3556 3547 3549
881 90 7 272 1 2000 2000 90 881 121 2000 272 90 2 46 22
2912 3600 3586 3569 2660 7 1192 3598 2928 3377 371 3124 3574 3580
1106 1 5 134 297 2000 2000 1 1106 57 2000 297 22 40
2912 3586 3587 2660 7 1192 2928 3569 371 3124 3574 3580
1186 4 5 521 2000 2000 1186 96 2000 521 1 44
2912 3648 3586 2660 3589 7 1192 2928 3569 371 3124 3624 3639 3640 3642
989 6 33 712 19 2000 2000 989 235 2000 712 15 11 7 4
2912 3664 3586 3569 2660 7 1192 3658 3661 3663 2928 3656 371 3124
715 2 97 63 1040 2000 2000 7 2 3 715 33 2000 1040
2912 3586 2660 7 1192 3658 2928 3688 371 3124 3670 3697
597 175 1172 2000 2000 45 597 28 2000 1172 88 1
2912 3586 3764 2660 3766 7 1192 3723 3726 2928 371 3124 3733 3670 3748 3710 3765
153 86 2 1634 8 2000 2000 18 21 153 2000 1634 19 49 18 13 5
3810 2660 3814 7 1192 3819 3790 3792 371 3124 3765 3804 3710
5 1787 4 2000 2000 1 17 8 2000 1787 68 19 9
2660 7 1192 3850 3859 3790 3825 371 3124 3861 3862 3864 3860 3866 3857 3837
1710 2000 2000 11 6 74 31 2000 1710 5 4 4 3 5 11 12
3904 3906 3907 2660 3878 7 1192 3790 3825 371 3124 3864 3898 3900 3901 3902 3903
3 4 1 1520 16 2000 2000 130 12 2000 1520 33 1 9 3 9 3
2660 7 1192 3946 3950 371 3124 3790 3958 3961
746 2000 2000 11 48 2000 746 13 1 1
4001 3972 7 1192 3946 371 3124 3990 2660 3998
6 64 2000 2000 8 2000 301 3 301 6
4001 2660 7 1192 4044 4050 371 3124 4062 4056 4057 4058 4059 4060 4061 4051
52 352 2000 2000 27 6 2000 352 1 6 3 2 4 1 4 19
4001 4098 4099 2660 4069 4070 7 1192 4044 4072 371 3124 4094 4097 4056 4068 4100 4092 4051
87 1 1 486 20 32 2000 2000 8 3 2000 486 7 7 105 81 4 2 72
4001 4130 4099 2660 4069 4134 7 1192 4163 4112 371 3124 4150 4056 4068 4155 4051 4159
151 12 24 655 173 14 2000 2000 3 4 2000 655 10 154 76 2 101 9
4001 4130 4099 2660 4069 4198 7 1192 4194 4177 371 3124 4150 4185 4056 4196 4195 4191 4051 4165
90 32 32 507 202 1 2000 2000 4 63 2000 507 123 1 32 7 1 1 215 32
4001 4099 2660 4069 7 1192 4271 4275 371 3124 4246 4247 4280 4282 4051 4278
47 30 601 233 2000 2000 5 1 2000 601 5 32 1 2 297 7
2660 4069 7 1192 4311 4296 371 3124 4247 4313 4314 4315 4316 4051
881 247 2000 2000 26 80 2000 881 58 5 4 5 1 61
4320 4354 4331 2660 4069 7 1192 4311 4355 371 3124 4350 4247 4344 4356 4051
103 18 58 853 196 2000 2000 242 2 2000 853 8 119 24 2 49
4320 4331 2660 4069 7 1192 4404 4247 4397 4398 4400 371 3124 4406 4311 4408 4388 4051
66 8 703 122 2000 2000 5 194 26 13 11 2000 703 5 66 1 1 33
4320 2660 4069 7 1192 4435 4311 4429 4398 4397 371 3124 4247 4436 4051
95 1002 92 2000 2000 23 95 36 67 19 2000 1002 245 1 2
2660 4069 7 1192 4435 4471 4397 4398 4429 4465 371 3124 4247
1096 3 2000 2000 61 2 29 169 8 27 2000 1096 278
4484 7 4490 4494 4496 4498 4499 4500 4501 4247 4505 4508 4510 4511 4513 4514 4515 4516 4517 4518 4519 1192 4521 4397 4398 3124 4435 2660 4520 371 4475
35 2000 43 12 4 11 7 14 5 432 8 10 1 2 7 1 1 1 2 1 2 2000 3 57 231 686 125 686 1 2000 60
4603 2660 4550 4582 7 1192 4435 4397 4398 4595 4561 4498 371 3124 4526 4247 4484 4602 4475 4508 4581
1 694 39 44 2000 2000 99 47 98 2 29 90 2000 694 62 472 114 5 216 29 12
