34 38 42 46 48 49 27
6 19 53 1 23 6 49
48 80 42 76 60
153 4 46 7 1
69 71 72 74 75 48 50
5 7 7 1 1 268 2
128 112 93 48 113 84 117 86 119 125 127
1 43 23 396 15 6 14 18 3 3 2
160 48 117 122 157 159
6 561 128 9 2 1
193 164 206 48 210 211 212 117 182 215 213
13 77 16 220 4 2 1 149 31 1 1
164 230 233 236 237 238 239 48 210 117 182 216
15 1 2 9 2 1 1 334 108 186 42 11
304 263 297 48 305 210 117 182 287
3 111 2 311 1 3 10 148 7
320 321 263 48 182 311 312 313 287
14 3 45 224 263 46 3 11 18
320 263 364 333 365 48 369 182 311 348
79 92 5 6 5 51 3 165 188 38
320 431 432 434 371 405 182 311 408 373
140 4 10 2 140 8 124 148 28 57
320 450 452 471 467 432 472 466 371 468 373 182 311 462 473 469
173 58 30 3 6 52 5 9 173 8 149 117 193 4 1 2
320 450 515 452 535 524 494 432 531 498 371 468 373 182 311 516 540 541
117 92 15 90 3 3 21 9 8 38 117 29 9 224 226 24 5 1
320 546 452 549 584 585 586 587 494 371 468 182 311 564
172 40 100 40 7 3 7 1 1 172 75 161 123 198
320 546 452 549 615 371 564 182 311 468 635 636
393 101 22 101 5 393 399 232 22 47 2 1
320 311 546 452 549 697 682 651 658 686 694 690 371 564 182 695 468 699 671
181 17 138 17 138 1 15 41 36 32 1 18 181 386 104 3 18 6 3
320 737 738 740 744 745 682 651 690 658 371 564 182 706 700 701 735
246 2 13 3 3 1 2 169 109 83 246 392 138 18 29 18 7
320 737 758 769 651 658 690 371 564 757 182 763 764 765 768 767
451 60 32 2 451 16 256 451 207 3 206 11 6 4 4 2
320 737 811 822 808 651 812 690 817 786 371 564 182 823 826 763 796 829
606 119 11 3 5 606 7 200 3 87 606 468 66 2 2 4 45 2
320 737 866 867 868 651 786 848 690 371 564 182 855 856 858 863
307 203 2 2 1 307 7 94 106 307 884 12 2 8 6 8
320 737 866 872 651 877 848 690 371 564 863
487 178 120 4 487 5 60 18 487 708 10
320 737 866 899 848 651 909 910 928 913 883 564 918 919 371 925
287 370 57 17 2 287 18 34 3 4 55 884 2 28 287 5
320 737 866 933 929 936 938 651 371 564 935 919 921 922
425 489 1 18 22 16 1 425 425 681 4 39 19 49
320 737 984 966 970 651 975 977 979 564 949 982 983 371
578 482 1 29 10 578 5 15 13 656 81 1 1 578
320 737 1035 1028 651 1007 1008 371 564
292 480 5 7 292 9 14 292 641
320 737 1089 1088 651 1008 1042 371 564 1048 1081 1084 1085 1087
463 315 1 1 463 13 18 463 397 2 27 1 3 5
320 737 1122 1157 1158 1153 1160 1162 651 371 564 1143 1115 1159
104 98 47 11 2 9 4 3 104 104 178 16 56 5
320 1216 1122 1227 1190 737 1224 1217 651 1197 1202 371 564 1207 1210 1179
146 1 256 3 1 4 2 2 146 3 10 146 15 27 2 27
320 1122 1227 651 371 1238 1240 1241 1242
167 220 74 167 167 1 2 1 4
320 1281 1122 1283 1285 651 1292 1293 371 1291 1273
239 2 85 20 6 239 4 1 239 1 7
320 1313 1122 1283 651 1292 371 1305 1336 1337 1339 1342 1343
210 26 223 26 210 6 210 4 28 5 6 9 1
320 1313 1122 1382 651 371 1397 1399 1336 1401 1403 1375
120 5 270 19 120 120 1 1 47 6 1 18
320 1122 1443 1448 1450 651 1454 371 1428 1336 1438
114 320 4 6 2 114 1 114 37 44 15
320 1122 1508 1511 651 1518 1488 371 1336 1438 1503
265 57 26 4 265 15 4 265 12 54 30
320 1508 1541 1542 1543 1544 1545 651 1518 1523 371 1438 1503
193 25 12 2 2 1 1 193 157 10 193 9 43
320 1578 1508 1541 1575 1546 651 1580 1581 1518 1583 1584 1571 1586 371 1565
97 5 160 31 1 9 97 36 4 176 3 10 5 7 97 44
1508 1607 1608 1611 1612 1518 1617 1623 1629 1630 1631
80 18 3 22 20 125 11 2 3 1 1
1508 1607 1640 1611 1518 1681 1684 1685 1678
170 92 10 26 448 8 5 1 1
1508 1704 1708 1518 1717 1687 1695
71 14 9 356 1 9 1
1728 1508 1734 1735 1518 1716 1721 1732 1725 1726
6 157 1 1 334 6 3 2 10 3
1763 1508 1765 1766 1767 1772 1518 1777 1725
9 111 9 1 2 5 331 2 25
1508 1774 1518 1817 1819 1820
71 60 410 1 1 1
1793 1508 1518 1811 1812 1813 1782 1815 1816
35 234 373 3 5 4 15 2 1
1793 1827 1508 1861 1855 1865 1867 1518 1859 1849 1851 1857 1823
40 33 296 15 10 1 1 363 2 20 14 2 48
1793 1890 1508 1889 1870 1872 1875 1518 1880 1887 1885 1823
71 2 260 2 17 3 6 249 9 2 3 7
1793 1508 1518 1903 1904 1906 1909 1910 1913
157 277 234 109 12 4 4 12 7
1793 1939 1942 1946 1948 1950 1955 1957 1959 1962 1963 1967 1969 1970 1971 1974 1977 1979 1508 1518 1903 1913
159 50 58 53 61 10 10 2 1 1 5 6 5 3 1 2 1 1 171 133 347 77
1793 1955 1508 1995 1518 1903 2003 2004 1942 1913 1946 1948 1950
81 22 81 30 31 442 6 1 44 4 157 398 40
2048 1793 2050 2051 2052 2053 2054 2049 1946 1948 1950 2014 1508 2024 2029 1518 1903 2034 2035 2036 2038 2040 2042
2 193 7 2 1 3 1 6 136 121 72 6 193 56 2 56 889 18 53 12 19 1 1
1793 2082 2084 2086 2024 1518 1903 2088 2034 1508 1946 1948
93 28 28 1 73 65 546 4 26 93 2 496
1793 2082 1508 2024 2121 2123 1518 1903 2128 2129 2034 2126 2084 1948 2109
62 26 62 35 24 16 25 145 2 1 2 4 26 476 3
1793 2178 1508 2181 2183 2024 2121 2177 2126 1903 2172 2158 2185 2168 1948 2175
96 3 96 1 3 19 16 2 37 39 1 4 2 16 168 10
1793 2235 1508 2181 2246 2024 2222 2223 2216 2198 2203 1948 2230
165 8 165 83 7 89 5 32 4 77 106 122 5
1793 1508 2181 2024 2300 2285 2289 2198 2296 2299 1948
120 120 43 144 1 38 48 208 14 3 105
1793 2306 1508 2181 2321 2024 2318 2319 2289 2198 2308 1948 2312
324 24 324 33 1 116 2 7 49 266 9 3 7
2368 1793 1508 2358 2344 2350 2319 2289 2198 2365
2 545 545 1 11 7 13 80 308 8
2368 1793 2402 2403 1508 2404 2379 2412 2198 2393
8 289 6 21 289 2 8 1 523 8
1793 2403 1508 2454 2442 2447 2449 2453 2198 2455
252 45 252 3 8 2 2 3 460 2
1793 2403 1508 2501 2502 2508 2509 2198 2493
228 42 228 7 6 10 2 340 13
1793 2530 2403 1508 2571 2564 2515 2198 2521 2532 2526
490 12 152 490 6 5 5 80 67 58 11
1793 2626 2627 1508 2630 2631 2632 2403 2198 2532 2619
656 2 6 656 7 6 1 63 16 186 21
1793 2658 2659 2532 2662 2665 2666 2638 2660 2646 1508 2655
485 19 1 245 2 2 3 22 1 100 485 7
1793 2532 2693 2697 2699 2700 2638 2703 2704 2677 2646 1508
559 120 3 35 7 1 161 4 1 73 232 559
2752 1793 2754 1508 2638 2704 2677 2646 2532 2718
17 351 2 351 263 14 178 210 2 17
2752 1793 1508 2806 2764 2638 2803 2677 2646 2808 2780 2805
55 391 391 11 164 227 7 408 154 3 6 2
2752 1793 1508 2855 2824 2764 2638 2831 2677 2646 2840 2842
42 230 230 3 53 55 179 8 431 90 65 12
2752 1793 1508 2855 2824 2638 2677 2646 2842 2876 2881
28 125 125 23 23 555 162 47 75 4 2
2912 1793 2915 2916 2918 2855 2824 2638 2677 2646 1508 2910
5 89 7 2 1 16 16 651 86 68 89 5
1793 1508 2966 2855 2824 2953 2954 2638 2959 2964 2677 2646 2935 2965
156 156 1 86 86 12 24 816 2 4 283 140 28 1
1793 3010 3011 1508 3014 2855 2824 2954 3009 2638 2995 2677 2646 3005 3007
360 1 1 360 3 218 218 83 6 913 18 218 284 1 8
1793 3043 1508 3045 2855 2824 3049 2954 3019 3020 2638 3025 2995 2677 2646 3047 3035 3039
469 7 469 1 71 71 1 76 34 7 1203 12 43 71 356 2 8 16
1793 3083 1508 2855 2824 2954 3019 2638 3090 3091 2677 2646 3097 3067 3068 3101 3102 3103
719 9 719 149 149 58 138 1044 6 21 149 718 8 64 8 17 3 2
3168 1793 3171 1508 2646 3175 2824 2954 3019 2638 2855 3154 3091 3156 2677 3126 3176 3067 3158 3157
2 846 7 846 846 2 17 52 111 1075 17 37 1 19 17 54 2 55 2 2
1793 3203 1508 3126 3211 3019 3181 2638 3186 3156 2646 3194 3227 3230 3231
724 17 724 14 4 34 57 1276 15 19 724 9 7 4 1
1793 3203 1508 3286 3274 3244 3181 2638 3281 3186 3283 3156 2646 3287 3288 3227 3261 3230
1137 24 1137 1 19 7 220 863 10 121 4 44 1137 5 1 28 3 104
1793 3330 3203 1508 3336 3338 3346 2638 3181 3186 3283 3156 2646 3227 3230
1159 50 115 1159 18 5 9 841 6 166 111 20 1159 135 184
1793 3203 1508 3365 3366 3363 2638 3186 3283 3358 2646 3227 3230 3359
1316 180 1316 5 2 30 684 104 138 34 1316 7 224 13
1793 3363 1508 3422 3370 3372 2638 3411 3186 3283 3412 3381 2646 3415 3203 3230
1527 175 1527 1 56 56 473 7 268 317 4 67 1527 17 2 446
1793 3363 1508 2638 3439 3186 3283 3444 3381 2646 3415 3448 3451 3230 3445
980 149 980 1020 2 654 234 19 213 980 49 1 1 283 1
1793 3363 1508 3462 3467 2638 3471 3472 3186 3283 3381 2646 3415 3230 3477
1160 32 1160 10 11 840 10 10 504 42 71 1160 28 331 2
1793 3363 1508 3510 3526 3528 2638 3186 3283 2646 3230
1268 77 1268 22 7 6 732 429 77 1268 574
3584 1793 3586 3363 1508 3510 3582 3560 3562 3571 2638 3555 3186 3283 3541 2646 3545 3546 3580 3581 3230
1 1046 1 91 1046 43 2 19 16 17 954 41 594 91 35 1046 7 2 3 7 546
3616 1793 3555 1508 3510 3590 3617 3606 3595 2638 3599 3186 3541 2646 3607 3581 3230 3615
3 1189 106 1189 30 50 4 24 20 811 43 677 1 1189 43 50 17 3
1793 3555 1508 3606 3590 3626 3627 2638 3186 3635 2646 3607 3642 3643 3644 3581 3230
1590 147 1590 15 42 38 2 410 362 8 1590 97 13 1 2 128 65
1793 3555 1508 3653 3590 3626 3691 3698 2638 3186 3700 3694 2646 3581 3230 3701
1587 101 1587 55 27 27 10 7 413 383 1 9 1587 294 15 1
1793 3714 3719 3730 3230 3744 3745 3750 3758 3761 3763 3765 3766 3767 3768 3769 3770 3771 3772 3653 2638 2646 3555 1508 3694 3186 3708 3581
1356 29 101 3 138 30 28 8 4 5 3 1 2 1 1 3 2 2 2 3 644 1356 178 1356 25 641 9 263
3790 1793 3555 1508 3719 2638 3186 3694 2646 3801 3802 3803 3708 3581 3230
64 1347 104 1347 224 653 653 75 1347 4 8 3 106 708 14
1793 3870 1508 3846 3814 3719 3849 3694 3868 3790 3869 3186 3860 2638 2646 3834 3708 3581 3230
1568 2 1568 12 9 133 53 82 1 97 1 432 2 432 1568 34 168 1153 27
1793 3938 3939 1508 3941 3942 3719 3944 3945 3694 3943 3946 2638 3186 3926 3790 2646 3929 3708 3581 3230
1590 8 4 1590 1 1 246 1 1 32 2 2 410 410 3 23 1590 9 147 1224 18
1793 3971 1508 3973 3719 3976 3978 3979 3948 2638 3186 3694 2646 3929 3972 3708 3581
1470 23 1470 1 395 2 2 1 72 530 530 95 1470 40 3 75 1307
1793 1508 3990 3719 3976 3979 3948 3694 3186 2638 2646 3708 3581
1660 1660 6 202 9 14 80 70 340 340 1660 80 1517
1793 1508 4054 3719 4055 4044 2638 4047 3186 2646 3991 4056 4025 4036 3581 4031
1731 1731 2 142 3 35 269 1 269 1731 6 1 35 2 1625 24
4096 1793 4065 1508 3719 4104 4105 4106 4103 2638 4047 3186 4067 2646 4089 3581
8 1757 44 1757 36 6 1 1 9 243 48 243 23 1757 7 1575
4160 1793 4162 4163 1508 4161 3719 4146 2638 3186 4110 2646 4153 4164 3581 4126 4159
6 1664 1 3 1664 1 3 3 336 336 3 1664 4 2 1332 95 4
1793 1508 4197 4199 4200 2638 3186 4180 2646 3581 4126
1550 1550 2 4 6 450 450 39 1550 1134 279
1793 4226 4227 1508 4208 4238 2638 4239 4221 3186 4180 4213 2646 4215 4216 3581 4126
1221 7 3 1221 1 9 779 9 31 779 25 51 1221 9 36 1026 85
1793 1508 4289 4266 4268 2638 4221 4273 3186 4276 4238 2646 4215 4216 4280 3581 4126 4287
1026 1026 2 9 13 974 201 4 974 4 94 1026 6 43 6 819 6 1
1793 1508 4327 4332 4333 2638 4221 4334 3186 4276 4238 2646 4216 4335 3581 4318
1005 1005 10 3 2 995 139 2 995 110 139 1005 41 2 866 20
1793 1508 4342 4361 4362 4332 4365 2638 4221 4337 3186 4276 4238 2646 4216 4347 3581 4366
1050 1050 5 3 27 17 4 950 32 4 950 32 32 1050 30 8 1018 1
