35 37 38 8 14 40
16 3 1 15 4 2
67 68 69 70 75 44
1 2 3 2 1 53
70 79 83 90 94 95
137 98 5 1 2 5
101 70 104 107 110 79 111 95
13 316 7 1 2 56 2 11
144 113 135 70 79
1 18 13 150 78
162 171 172 176 113 179 156
8 12 137 4 234 1 168
227 228 231 172 237 113 156 222
14 2 8 206 2 133 78 10
320 322 292 298 172 302 240 113 314 315 316 317 318 319
1 1 15 2 228 26 53 101 2 4 8 5 1 1
353 356 359 360 364 172 337 113 361 347 316
10 12 5 1 1 361 4 28 2 13 75
416 417 418 387 359 392 172 398 337 316 413 414
5 1 1 56 27 4 246 18 73 89 19 4
418 387 452 422 359 457 455 172 472 470 440 474 475 316 413 478
21 24 13 12 36 4 5 193 2 6 106 17 15 197 65 1
515 517 422 359 524 522 519 172 526 387 521 440 474 316 413
38 4 4 75 3 1 7 342 1 4 1 2 40 440 157
577 515 582 359 556 583 172 558 316 413
1 73 8 87 3 3 618 21 417 234
608 515 359 604 172 605 600 603 316 413 607
3 86 86 16 361 6 38 25 887 209 3
515 667 359 668 172 653 669 656 657 661 663 600 665 635 316 413 638 607
111 4 111 1 174 21 2 4 1 40 15 77 7 19 1164 280 17 13
515 413 683 172 699 316 704 707 722 600 729 730 731 732 734 735 737 738 739 740 359 635
104 292 23 411 9 984 22 53 3 27 3 2 1 4 1 1 6 1 2 1 104 43
704 515 740 359 780 172 782 785 786 787 316 413
53 251 59 251 4 353 1 2 2 1 828 396
704 515 772 773 774 359 746 775 172 771 757 316 413 767
81 252 3 1 1 252 40 2 237 13 29 1012 240 44
704 515 359 808 746 172 781 783 757 825 826 316 413
87 320 320 46 36 136 88 38 162 26 1 969 323
704 886 850 515 869 359 746 842 172 781 783 882 867 884 757 854 316 413 885
118 3 2 189 12 189 15 14 90 50 44 5 18 4 96 3 1203 446 3
704 898 515 902 359 909 783 931 867 918 923 316 413 926
115 16 265 10 265 9 5 12 152 5 8 1202 533 6
704 960 898 867 359 945 515 958 952 953 954 316 413 926 959
70 4 139 186 255 34 255 2 49 12 5 944 801 13 2
704 898 515 996 997 967 988 359 1006 1003 952 867 1007 1001 984 975 316 413 926
72 74 370 32 15 45 21 370 6 4 13 373 1 1 6 2 974 656 8
898 867 997 967 1033 1034 359 1035 1009 515 316 413
29 602 6 29 4 6 406 2 44 406 980 614
1088 1090 515 997 359 1096 1067 898 1053 1040 1042 867 967 1079 1080 1035 316 413 1093
11 11 358 125 358 7 21 3 15 69 42 513 3 7 11 18 1050 592 6
1090 867 997 359 1148 1130 1035 1138 1102 1149 1040 1042 515 1140 1141 1079 1147 316 413
22 586 78 191 1 6 19 3 81 1 42 15 191 7 9 73 1 1034 775
1184 1232 867 1222 1219 359 1224 1193 1227 1164 1102 1040 1233 515 1079 316 413
5 1 437 2 10 125 4 46 7 38 101 109 3 125 24 1320 555
1264 515 1251 359 1193 1281 1102 1263 1040 1266 867 1079 1274 316 413 1279
4 127 13 127 112 1 27 3 45 18 503 100 5 1023 850 3
867 1316 1251 359 1335 1326 1040 515 1300 1102 1079 1336 1337 1332 1339 316 413
541 72 17 153 5 12 298 153 28 17 136 3 6 5 3 1091 756
867 1316 359 1384 1356 1326 1405 1040 1394 515 1300 1365 1079 316 413 1406
622 39 19 39 86 42 2 465 16 19 129 20 19 1290 691 2
1472 1474 867 1316 1448 1449 1356 1326 1469 1040 1394 1300 1405 1434 1467 316 413
1 8 593 58 6 13 138 278 25 674 50 83 67 89 11 1283 717
867 1509 1448 1532 1356 1326 1487 1040 1521 1394 1524 1526 1434 1533 316 413 1534 1535
300 24 14 12 93 167 7 779 9 195 31 1 11 2 1079 921 1 2
1536 1040 413 1567 1448 1578 1580 1326 1585 1595 316 1597 1599 1605 1606 1607 1608 1609 1611 1356 867 1509 1394
28 863 798 17 77 10 47 121 12 1 1202 1 3 2 1 2 4 4 2 149 339 56 99
1536 867 1509 1448 1356 1611 1580 1326 1040 1394 1619 1656 1658 1659 316 413
18 213 6 55 17 59 59 286 1017 174 77 15 13 1 1230 770
867 1707 1448 1692 1611 1580 1326 1040 1704 1394 1619 1658 1659 316 413
43 1 30 8 53 53 749 748 5 405 203 27 24 791 1209
1761 867 1764 1692 1741 1326 1757 1040 1394 1619 1763 1723 316 413 1759
4 220 1 30 12 946 9 691 61 550 1 22 911 1089 3
1792 1808 867 1809 1692 1770 1741 1326 1805 1040 1777 1810 1619 1784 1811 316 413 1790
11 5 192 2 21 13 43 1239 4 489 9 1 572 16 3 681 1319 8
1824 867 1860 1326 1853 1040 1809 1619 1784 1859 316 413 1854
20 201 3 1093 34 706 92 689 30 4 907 1093 9
867 1885 1863 1884 1867 1326 1853 1040 1809 1619 1881 1875 316 413
120 1 23 5 32 1152 125 728 30 814 13 116 848 1152
867 1917 1863 1896 1884 1898 1867 1914 1326 1853 1040 1809 1619 1912 1875 1915 316 413 1918
120 4 16 6 98 19 74 1 1123 37 757 44 936 6 71 12 877 1123 2
867 1924 1926 1863 1884 1898 1867 1326 1935 1040 1809 1619 1875 1940 1939 1942 316 413
46 22 1 13 7 7 191 1185 8 769 54 1029 112 2 1 1 815 1185
1971 867 1924 1980 1867 1326 1040 1809 1619 1977 1978 1979 316 413 1982
4 312 36 3 547 837 851 13 624 4 5 3 1163 837 1
2016 1985 2018 867 1924 1999 2017 2011 1867 1326 1981 1040 1619 2014 2010 1979 316 413 2003
1 13 1 408 3 21 1 2 526 921 81 671 520 2 5 102 1079 921 26
2067 867 2053 2055 2025 1867 1981 1326 1999 1040 2065 2066 1619 2014 1979 316 413 2003
3 414 4 6 88 576 17 928 65 658 4 2 597 17 207 1072 928 76
1040 316 413 2090 2093 1326 2096 2104 2107 2108 2109 2111 2112 2113 1867 1999 1619 2014 867 2025 1981 1979
906 1029 971 2 5 971 1 8 7 5 1 2 5 4 783 116 550 7 123 20 7 398
2160 2155 867 1867 2156 1326 1999 1040 1619 2165 2166 2167 1979 316 413
3 23 77 713 1 761 449 1162 411 1 3 2 350 1239 761
2209 2220 2219 2181 867 2217 1867 2156 2221 1326 1999 1040 2193 1619 1979 316 413
10 1 8 46 4 4 1268 21 2 290 438 1706 4 194 96 1710 290
2181 2259 2217 1867 1326 1999 1040 2257 1619 2260 2249 1979 316 413 2245
89 1 66 1199 124 677 1876 5 25 1 6 99 1876 124 10
2304 2288 2306 2299 2181 2305 2217 1867 1326 1999 1040 2307 2260 1979 316 413 2279
5 91 1 14 229 1 191 1430 132 438 1868 1 45 132 1868 132 2
2288 2338 2339 2352 2181 2343 2217 1867 2348 1326 1999 1040 2351 2260 1979 316 413
28 34 9 3 106 10 307 1168 5 452 380 1548 2 35 452 1548 452
2400 2288 2181 2401 2217 1867 1326 1999 1040 2260 2389 2397 1979 316 413 2399
2 74 74 1 438 1168 297 535 1703 65 4 2 297 1703 297 3
2432 2288 2443 2181 2440 2217 1867 2445 1326 1999 1040 2260 2441 1979 316 413 2431
4 139 2 139 10 277 922 1 387 691 1613 29 10 387 1613 387 27
2432 2288 2181 2470 2512 2217 1867 2508 2503 1326 1999 1040 2515 2452 2505 2520 2522 1979 316 413 2495
2 48 48 1 3 355 877 4 2 295 828 1705 5 36 32 3 3 295 1705 295 6
2594 2595 2596 2597 2217 1867 1326 1999 1040 1979 316 413 2588
1 2 4 4 193 757 362 881 1638 362 1638 362 1
2630 2217 1867 2636 1326 1999 1040 2643 2621 2606 2646 1979 316 413 2645
18 47 899 12 331 770 1669 9 22 38 2 331 1669 331 1
2660 2217 1867 2669 2606 1999 1040 2673 2675 2644 1326 2680 2676 2682 1979 316 413 2677
19 15 733 5 182 974 1707 8 11 133 293 3 1 1 293 1707 293 5
2717 2720 2722 2723 2660 2217 1867 1326 1999 1040 2644 2606 2724 1979 316 413
3 3 4 1 81 79 1008 271 721 1729 23 175 1 271 1729 271
2753 2660 2785 2217 1867 1326 1999 1040 2770 2606 2777 2778 1979 316 413 2782
29 69 1 84 852 259 889 1741 5 419 9 10 259 1741 259 8
2848 2849 2660 2844 2753 2217 1867 2606 1999 1040 2802 1326 2840 2842 1979 316 413 2832 2847
2 2 24 4 6 216 1023 204 840 1863 19 137 22 14 137 1863 137 8 1
2881 2875 2877 2844 2879 2217 2890 1867 1326 1999 1040 2866 2851 2840 1979 316 413 2885
5 11 13 20 2 481 3 1327 166 507 1834 12 21 47 166 1834 166 7
2950 2954 2955 2956 1040 2840 413 2217 1326 1979 316 2885 1867 1999 2900 2907 2914 2919 2928 2934 2936 2939 2941 2943
6 1 6 3 1699 41 301 666 301 301 1699 128 1378 321 21 5 61 19 32 16 3 3 8 14
2914 1979 2981 2983 2217 1867 2988 1326 1999 1040 2900 2965 2840 3001 3004 2939 316 413 2943
2 279 19 72 556 1448 6 279 273 1721 23 63 35 10 3 19 1721 279 153
3042 2939 2217 1867 1326 1999 1040 3043 2900 2965 1979 316 413 3038 2943
13 22 416 1138 566 296 1434 1 129 8 566 1434 566 9 404
3067 2217 1867 3068 1326 1999 1040 2900 3065 3060 1979 316 413 3070 2943
51 234 622 2 726 652 1274 379 1 2 726 1274 726 5 343
3107 3128 3111 2217 3082 1867 3124 1326 1999 1040 3119 2900 3129 3127 3096 3131 3130 1979 316 413 2943
12 1 31 89 9 404 4 838 758 1162 3 213 3 2 7 2 1 838 1162 838 496
3139 3111 2217 1867 1326 1999 1040 3154 3155 2900 3150 3128 3156 1979 316 413 2943
34 26 21 457 888 655 1112 3 1 67 6 1 1 888 1112 888 467
3200 3139 3203 3206 3207 1867 3181 1326 1999 1040 3154 3187 2900 1979 316 413 2943
10 9 6 7 2 468 69 766 766 1234 16 25 40 766 1234 766 571
3200 1867 3181 1326 1999 1040 3187 3255 1979 316 413 2943
114 568 79 897 535 1103 32 2 897 1103 897 567
3200 3248 3237 1999 3240 3241 3242 1867 3244 3247 1326 3229 1040 3245 1979 316 413 2943
183 1 5 612 20 1 2 183 5 4 1205 32 795 3 1205 795 1205 562
3200 3269 3275 3270 3237 3267 3272 3273 1867 3276 1326 1999 1040 3251 3229 1979 316 413 2943
183 2 6 2 14 2 2 12 567 1 710 723 1290 30 387 710 1290 710 431
3200 3297 3307 3300 3303 1867 3311 3312 1326 1999 1040 3229 3323 3320 3322 1979 316 413 2943
379 58 19 17 6 287 14 6 483 1230 1517 139 4 2 3 483 1517 483 457
3200 3338 3340 1040 1326 3352 3229 3359 3374 413 3377 3378 3379 3380 3381 1979 316 1867 1999 3297 3311 2943
192 16 23 1402 598 30 401 14 1 598 1 1 9 3 4 598 1402 470 932 36 14 484
3200 3427 3396 3430 1867 1326 1999 1040 3352 3421 3379 3414 413 1979 316 3229 2943
112 11 28 8 414 469 1117 1531 144 6 33 19 469 469 1531 218 147
3200 3451 3429 3452 1867 3442 1326 1999 1040 3441 3423 3444 3447 3352 3449 3229 1979 316 413 2943
106 2 19 1 300 4 407 1293 1593 4 11 16 1 153 6 100 407 1593 407 102
3200 3429 1867 1326 1999 1040 3442 3229 3509 3478 3352 3513 1979 316 413
101 128 224 435 1341 1565 22 77 5 20 34 9 435 1565 435
3200 3522 3556 3429 1867 1326 1999 1040 3229 3549 1979 316 413 3550
81 43 1 172 184 699 1117 1301 44 3 699 1301 699 19
3200 3586 3587 3593 3595 3597 3599 1040 3601 3603 3605 3606 3229 1326 413 1979 316 3522 1867 1999 3600 3429 3568 3573 3579
83 1 2 2 8 6 16 1245 1 2 4 1 22 755 755 755 1245 22 22 1223 6 717 68 68 33
3200 3568 3429 3654 3649 3656 3653 3655 1326 1999 1040 3645 3573 3639 3642 1979 316 413 3615
175 184 317 1 10 1 5 2 861 1139 1139 5 184 4 37 861 1139 861 38
3200 3713 3714 3716 3717 3718 3719 1040 413 1326 3642 1979 316 1999 3682 3429 3691 3693 3568 3697 3699 3573 3703 3707 3709 3711
211 5 8 1 2 4 1 832 1168 1168 57 1168 832 832 25 157 10 93 221 11 81 221 29 4 8 2
3200 1040 3730 3739 413 3744 3752 3755 3756 1326 3760 3761 3765 3766 3768 3769 3642 3771 316 3775 3776 3777 3779 1999 3682 1979 3429 3772 3568 3697 3573
45 480 14 17 1520 32 13 14 11 1520 15 10 5 2 2 9 1 3 480 2 3 1 1 480 57 1520 123 4 25 46 25
3200 1040 3739 413 3744 3824 3697 3752 3755 1326 1979 316 1999 3682 3429 3818 3568 3825 3826 3827 3828 3573
55 285 44 1715 33 8 16 24 31 1715 1715 285 285 167 79 4 48 2 1 1 2 48
3200 3841 3682 3843 3844 3429 3846 3847 3849 3824 3573 1326 1999 1040 3845 3568 3832 1979 316 413 3839
17 5 5 4 1 29 4 1 3 16 41 1750 250 250 4 41 18 1750 250 1750 69
3856 3877 3849 1326 1999 1040 3890 3892 3886 1979 316 413 3839
1 14 77 1660 340 340 2 2 1 1660 340 1660 136
3888 3919 1326 1999 1040 3924 3926 3927 3928 3929 1979 316 413 3839
18 7 1597 403 403 4 1 10 1 2 1597 403 1597 93
3968 3839 3967 3943 3949 1326 1999 1040 3955 3956 1979 316 413 3935
3 50 12 41 34 1474 526 526 23 14 1474 526 1474 48
4001 4004 4005 3943 4008 4009 4007 3949 1326 1999 1040 1979 316 413 3967
10 1 1 28 3 1 1 33 1511 489 489 1511 489 1511 5
4035 4007 4042 4044 3949 1326 1999 1040 4046 4023 4025 1979 316 413 4031
4 4 2 2 181 1306 694 694 3 137 17 1306 694 1306 4
4095 3949 1326 1999 1040 4082 4084 4023 4089 1979 316 413 4094 4031
1 296 1640 360 360 33 8 231 14 1640 360 1640 1 6
4146 4141 4143 4138 4119 3949 1326 1999 1040 4145 4082 4148 4149 4023 1979 316 413 4031
6 14 6 24 6 243 1641 359 359 1 33 3 3 157 1641 359 1641 98
4162 4219 4165 4220 4203 3949 1326 1999 1040 4221 4146 4212 4222 4023 1979 316 413 4194 4031
33 9 157 3 30 448 1710 290 290 4 14 5 1 133 1710 290 1710 16 109
4277 4162 4219 4165 4203 4239 3949 1326 1999 1040 4285 4275 4267 4278 4023 1979 316 413 4286 4031
3 56 35 124 46 41 337 1620 380 380 2 4 14 16 256 1620 380 1620 3 311
4162 4219 4165 4203 4239 3949 1326 1999 1040 4325 4023 4319 1979 316 413 4031
88 67 40 69 275 404 1522 478 478 1 438 1 1522 478 1522 451
4219 4293 4296 4302 4299 4239 3949 1326 1999 1040 4241 4259 4283 4023 4303 1979 316 413 4275 4031
68 30 8 1 5 438 622 1538 462 462 53 24 14 462 1 1538 462 1538 30 300
4219 4293 4296 4332 4343 4239 3949 1326 1999 1040 4351 4259 4023 4346 1979 316 413 4031
56 33 39 10 16 446 369 1515 485 485 2 39 485 6 1515 485 1515 422
4259 4356 4374 4296 4239 3949 1326 1999 1040 4369 4372 4366 4351 4023 4379 4377 4378 1979 316 413 4031
22 12 9 22 365 503 1613 387 387 15 1 7 7 387 3 2 2 1613 387 1613 437
4239 1040 4374 413 1326 4402 4023 1979 316 4414 4031 4417 4421 4423 4428 1999 4433 4435 4437 4438 4440 4441 3949
256 256 83 1744 1744 22 256 1744 256 12 524 11 26 7 11 256 2 2 7 4 1 3 652
4489 4475 4492 4458 4239 3949 1326 1999 1040 4494 4470 4023 4441 1979 316 413 4446 4031
2 7 6 61 148 621 1852 148 148 1 5 148 25 1852 148 1852 13 686
4482 4475 4239 3949 1326 1999 1040 4498 4511 4501 4023 4493 4500 4506 1979 316 413 4510 4031
4 14 146 243 1854 146 146 1 3 1 146 10 7 4 1854 146 1854 1 800
4513 4546 4549 4545 4552 4554 4551 4493 1326 3949 4531 1979 413 4031
128 19 10 27 3 3 3 40 2000 381 34 2000 2000 818
