4 6 9 14 17 18 19 22
3 113 57 14 87 3 7 4
33 6 49 9 42 45 48 17 27 62
52 27 5 88 17 14 16 130 88 6
132 101 102 145 136 9 42 144 17 146 83 6 27 93
6 48 25 1 5 5 9 4 273 2 5 5 132 7
225 226 163 101 102 204 221 144 17 219 215 217 186 27 218 222 223
2 1 4 330 112 13 2 22 222 15 8 17 19 330 6 3 4
101 230 241 204 270 17 276 279 281 27 102
631 42 42 38 5 44 2 1 1 631 4
101 230 297 331 332 333 241 338 344 345 27 317
1010 177 15 3 8 22 177 2 6 1 1010 6
407 101 230 395 368 241 375 408 409 27 412
4 1288 430 32 46 430 6 11 3 1288 3
459 101 230 455 456 395 460 368 241 408 441 442 27
1 1073 499 6 3 37 2 136 499 37 28 6 1073
512 481 101 230 368 241 496 27 509
1 43 1135 398 94 398 1 1135 34
578 571 101 230 593 586 589 368 241 594 566 568 27 509
11 15 961 388 14 11 4 104 388 1 54 8 961 89
624 578 101 230 593 648 649 622 623 368 241 626 595 566 634 27 509 645
6 27 967 351 21 5 2 32 37 77 351 6 52 167 7 967 82 1
691 667 101 230 684 682 694 623 368 241 595 692 693 566 695 27 509
5 7 780 332 3 6 3 15 109 332 82 1 1 232 2 780 133
765 763 101 230 753 762 623 368 241 754 755 756 566 760 761 730 27 764 509
3 1 566 373 119 1 10 135 373 21 12 2 191 3 4 12 566 2 48
801 101 230 753 817 775 368 241 786 756 566 27 816 797 805
19 421 174 96 1 21 247 174 19 6 585 421 2 30 19
865 859 101 230 753 775 368 241 786 854 566 823 852 27 831
3 3 129 77 77 34 52 77 200 9 966 52 1 129 32
891 101 230 241 872 775 909 918 880 753 786 916 566 920 27 831
73 21 21 21 74 16 73 6 5 21 247 13 954 1 21 212
928 891 918 872 909 880 786 566 927 925 926 831
2 4 4 8 116 47 603 640 1 28 3 305
964 965 966 968 909 942 880 786 566 925 831
6 2 2 2 142 23 147 648 629 16 100
993 1000 909 942 1007 880 786 1012 566 1020 925 831
41 18 329 10 14 64 524 3 743 2 16 132
993 1074 1069 909 880 786 1076 566 1080 1081 1082 831
52 11 18 51 1 694 6 417 4 2 1 230
1120 993 1124 1125 1100 909 786 1108 566 831
6 114 10 1 46 32 103 21 526 518
993 1130 1132 909 1134 1138 1108 566 786 831
213 71 16 72 14 6 63 490 12 558
993 1187 1185 1130 909 1108 566 1144 1183 1182 831
191 2 1 108 5 22 334 8 3 11 530
993 1250 1219 1224 1130 1198 1236 566 1246 831
27 5 27 16 121 150 4 528 9 388
1285 1224 1289 1130 1264 566 1290 1279 1277 1278 831
11 115 2 76 2 627 2 5 35 2 255
1334 1317 1318 1297 1224 1130 1324 1293 1264 1329 1330 1332 1333 566 1300 1277 1278 831
1 11 4 9 99 6 6 23 73 2 12 1 2 740 2 173 73 445
1377 1379 1392 1297 1384 1398 1324 1293 1358 1264 1224 1330 1347 1396 566 1399 1400 1375 1277 1278 831
30 23 12 6 45 2 190 9 8 51 38 27 90 6 704 1 1 32 220 51 268
1408 1377 1347 1413 1414 1384 1324 1293 1264 1392 566 1407 1277 1278 831
3 53 3 2 1 60 423 22 275 37 517 28 453 275 377
1413 1417 1433 1441 1324 1454 566 831 1476 1477 1480 1483 1486 1487 1488 1392 1490 1491 1492 1493 1377 1489 1264 1277 1278
48 73 14 32 330 37 509 175 63 24 7 9 6 3 2 40 1 2 1 1 34 8 216 332 216
1543 1417 1556 1562 1564 1441 1570 1571 1572 1574 1324 566 831 1476 1569 1480 1483 1497 1377 1506 1512 1264 1524 1277 1278
60 27 24 16 10 48 1 2 2 2 197 253 180 227 1 22 7 267 194 21 132 219 17 197 219
1543 1417 1324 1582 566 1598 831 1601 1476 1614 1615 1616 1617 1618 1619 1621 1623 1497 1377 1512 1264 1524 1277 1278
3 68 124 148 343 6 48 7 217 4 3 1 3 3 4 1 1 229 627 113 186 104 124 186
1377 1476 1512 1417 1324 1582 1597 1264 1524 1598 566 1593 1497 1596 1277 1278 1599
500 247 37 88 23 272 2 243 210 1 504 10 272 2 23 243 1
1632 1377 1476 1640 1417 1653 1582 1647 1264 1636 1651 1524 1621 566 1497 1596 1629 1278 1648
25 216 55 7 18 3 193 32 575 56 5 55 131 792 193 42 40 575 7
1696 1377 1476 1654 1417 1582 1264 1636 1668 1524 1621 566 1689 1694 1497 1692 1693 1278 1632
2 315 141 13 2 320 375 82 4 141 51 627 5 1 320 3 14 375 11
1377 1476 1702 1705 1740 1582 1711 1264 1636 1749 1747 1524 1621 566 1497 1723 1693 1278 1748
259 58 29 72 3 352 57 544 145 1 2 58 70 539 352 11 41 544 3
1377 1763 1476 1802 1705 1770 1803 1801 1582 1711 1264 1777 1524 1621 566 1636 1497 1693 1278
152 28 92 2 81 10 1 6 512 76 534 58 92 49 277 8 512 10 534
1377 1763 1476 1705 1836 1582 1711 1264 1812 1842 1843 1524 1621 566 1828 1497 1819 1278
215 92 32 215 13 658 1 840 25 4 1 32 30 148 24 658 32 840
1377 1763 1831 1705 1834 1847 1582 1264 1849 1848 1497 1850 1819 1278
329 191 2 329 50 19 654 847 15 1 654 10 18 847
1377 1763 1893 1895 1902 1705 1899 1582 1903 1264 1831 1876 1870 1497 1883 1278 1908
321 195 26 23 6 321 4 800 15 731 19 114 5 800 38 731 8
1377 1763 1893 1705 1931 1582 1264 1955 1876 1497 1940 1883 1948 1946 1278 1908
229 370 6 229 1 565 1113 2 24 565 12 142 9 7 1113 14
1377 1763 1705 1979 1582 1264 1969 1971 1982 1974 1975 1976 1497 1978 1883 1278
103 205 103 1 402 1302 17 13 3 12 7 3 402 4 200 1302
2016 2000 2032 2030 2027 2029 1582 1999 1264 1982 1497 1883 1278
34 76 2 18 1 8 164 29 1617 24 164 675 1617
2000 2050 2051 2049 2053 2054 1982 2056 2055 1582 1264 2037 1497 1883 1278
32 8 2 9 6 3 108 1 2 335 1562 8 335 408 1562
2080 2096 2082 2090 2091 2092 2093 1582 1264 2099 2070 2103 1497 1883 1278 2079
3 2 1 2 3 2 16 306 1694 3 53 3 306 78 1694 62
2144 2116 2118 2143 2093 1582 2125 1264 2070 1497 2138 1883 2141 1278 2079
2 4 39 2 36 339 4 1661 4 339 14 67 6 1661 128
2118 2157 2152 2155 2093 1582 2159 1264 2158 1497 1883 1278 2079
14 4 76 11 210 191 5 1809 10 191 353 1809 164
2192 2203 2183 2152 2093 1582 2157 1264 2194 2168 1497 1883 2173 1278 2079
3 1 46 167 532 156 74 1844 1 15 156 309 7 1844 164
2214 2183 2152 2249 2250 2220 2093 1582 2157 1264 2231 2168 1497 1883 2236 1278 2079
43 41 366 6 2 43 345 71 49 1929 40 236 71 648 4 1929 98
2214 2279 2152 2284 2183 2220 2093 1582 2157 1264 2254 2262 2168 1497 2266 1883 1278 2079
80 18 237 12 1 10 286 33 1 1967 28 119 671 33 28 1024 1967 233
2309 2214 2310 2152 2313 2314 2093 1582 1264 2312 2254 2262 2297 2168 1497 2266 1883 2298 1278 2079
4 18 10 261 2 1 137 169 1831 1 169 640 58 344 169 169 574 48 1831 685
2357 2152 2354 1582 1264 2322 2254 2262 2359 2168 1497 2266 1883 2298 1278 2079
8 175 2 243 1757 7 243 507 2 529 243 243 837 197 1757 507
2384 2402 2371 2401 2152 2399 1582 1264 2386 2403 2398 2254 2262 2168 1497 2298 1883 2266 1278 2079
22 2 23 1 118 3 163 1837 5 2 10 163 378 565 163 163 837 163 1837 378
2440 2451 2452 2453 2454 2455 2079 1582 2254 2168 2262 1497 2266 1883 2152 2412 2413 1264 2424 2298 1278 2431
5 9 9 1 1 1 409 435 435 570 409 435 435 822 62 59 57 1565 9 435 1565 6
2496 2499 2486 2472 2412 2254 2493 1264 2488 2451 1582 2262 2494 2168 1497 2298 1883 2266 1278 2079
1 1 8 11 105 612 14 1388 8 15 612 250 7 806 612 612 868 612 1388 250
2079 1582 2493 2494 2254 2515 2262 1497 2266 1883 2298 2537 2538 2412 1264 2168 2553 2554 2555 2556 2557 1278
268 676 118 71 676 36 268 676 676 769 676 20 22 154 1324 765 21 3 2 2 3 1324
2254 2560 2601 2600 2537 2602 2412 1582 2493 1264 2515 1278 2262 2583 2168 1497 2298 1883 2266 2494 2079
553 11 2 10 147 2 51 553 1 1447 147 1447 248 6 774 553 553 774 553 66 248
2651 2537 2637 2254 1264 2642 2515 1582 2262 2494 2168 1497 2298 1883 2266 1278 2079
2 384 3 964 1036 11 384 964 85 135 610 964 964 610 964 1036 85
2675 2662 2663 2537 2254 1264 2673 2515 2670 1582 2678 2168 1497 2298 1883 2266 1278
1 2 32 319 1398 602 6 319 8 1398 2 487 1398 1398 487 1398 602
2688 2692 2693 2714 2713 2537 2254 1264 2515 1582 2702 2168 1497 2298 1883 2716 2266 1278
48 13 5 10 5 301 1399 601 301 1399 39 601 1399 1399 601 3 1399 601
2779 2757 2537 1582 1264 2776 2515 2783 2254 2702 2168 1497 2298 1883 2780 2266 1278 2751
1 11 346 1501 499 2 346 1 1501 47 499 1501 1501 499 3 1501 499 11
2819 2537 2839 2808 2254 2799 1264 1278 2834 2515 2836 1582 2787 2168 1497 2298 1883 2266 2702 2783
38 424 1 23 1143 13 857 857 2 424 3 1143 37 857 1143 1143 857 1143 97 4
2896 2819 2878 2537 2890 2874 2893 1582 2895 1264 2808 2862 2515 2254 2787 2168 1497 2298 1883 2266 1278
1 155 30 520 18 44 19 1186 2 814 119 60 520 1186 26 814 1186 1186 814 1186 814
2944 2819 2948 2949 2952 2959 1582 2972 2266 2980 2862 2874 2893 2254 2168 2515 1497 2906 1883 2298 2787 2537 1264 2932 2808 2938 1278
17 252 44 10 7 1 1512 11 1512 3 59 8 24 1512 488 370 1512 27 488 1512 109 370 488 29 6 9 488
3026 3024 2819 3013 2537 3031 2893 1582 1264 2862 2515 2932 2254 2998 2787 2168 1497 2298 1883 2266 1278
3 4 289 4 312 1 12 1436 564 166 312 47 1436 15 76 564 1436 1436 564 1436 564
2819 1582 2862 3049 2254 3064 2515 3030 1497 2266 1883 3066 2787 3046 2537 3053 1264 3057 2932 3063 2168 3065 2298 1278
411 1231 230 40 1231 1 585 9 1231 1231 769 1 3 4 585 5 769 2 125 6 769 5 1231 769
2819 3084 3085 1582 3094 3097 3101 3102 3103 2862 2254 2515 1497 2266 1883 2537 1264 2932 2168 2298 3069 1278
675 3 5 1423 1 3 5 1 1 110 1423 215 1423 1423 577 215 577 145 577 1423 4 577
2819 1582 3097 2862 3129 3131 3134 3140 3144 3146 2254 2515 1497 2266 1883 2537 1264 2932 2168 2298 3069 1278
609 1485 49 199 5 7 8 5 32 3 1485 375 1485 1485 515 375 515 278 515 1485 6 515
2819 1582 1497 3097 2266 2862 3150 3151 3155 2254 3159 3160 3161 3162 1883 2537 1264 2515 2932 2168 2298 1278
585 1487 1487 129 1487 225 35 24 5 1487 7 2 4 1 513 388 513 388 390 513 1487 513
3200 3201 2819 1582 3097 2862 2932 2254 3151 2515 3150 1497 2266 1883 3166 2537 3180 1264 3188 2168 2298 3195 3197 1278 3199
4 4 475 1624 325 47 210 1624 17 369 10 1624 1624 376 28 369 19 376 4 376 1624 4 3 376 11
2819 2862 3097 3228 3235 3240 1582 3248 3249 3251 3252 3255 3256 3258 3259 2254 3246 2515 3150 1497 2266 1883 3166 2537 1264 2932 2168 2298 1278
813 65 660 22 7 7 1743 2 2 9 8 2 1 1 1 1743 6 241 60 1743 1743 257 121 241 257 135 257 1743 257
2819 1582 3097 1264 3235 2862 3248 3269 3150 2515 2254 1497 2266 1883 3166 2537 3308 3309 3312 3313 3314 3315 2932 3305 2168 2298 1278
722 1731 601 269 118 45 45 9 185 258 1731 1731 1731 269 214 258 2 1 5 5 1 1 148 4 269 1731 269
2819 3363 3340 3342 3343 3346 1582 3351 3097 3356 3357 3359 3361 3235 3364 3367 3369 2862 3150 2515 2254 1497 2266 1883 3166 2537 1264 2168 2298 1278
415 4 54 11 10 2 1687 4 396 4 30 8 6 248 3 8 2 108 182 313 1687 1687 1687 313 487 313 313 313 1687 313
2819 1582 3097 3419 3357 3235 2862 3377 3393 3397 3405 3150 3408 2515 2254 3416 1497 2266 1883 3420 3421 3166 2537 1264 3411 2168 2298 1278 3413
419 1959 419 2 32 295 85 10 7 43 26 23 18 41 1959 2 1959 1959 41 3 1 599 41 41 6 41 1959 41 22
3458 2819 3460 3461 3462 3463 3464 2862 3097 3235 1582 3150 3408 2515 2254 1497 2266 1883 3166 3423 2537 1264 2168 2298 1278
1 439 2 1 2 1 2 3 439 281 1983 17 47 17 1983 1983 1983 17 582 46 17 17 17 1983 17
3235 3499 3507 2254 3506 2819 1582 3097 1497 2266 2298 3166
425 8 2 2000 9 230 2000 230 2000 2000 2000 325
3554 3235 3531 2254 3555 2819 3518 1582 3097 1497 2298 2266 3166 3541
3 410 41 2000 1 350 52 2000 350 2000 2000 2000 369 2
2819 3592 3595 3596 3601 3604 3605 3606 3607 3608 3097 3235 1582 3518 2254 1497 2266 3166 3555 3563 3569 3577 2298 3579
270 20 1 6 7 17 31 5 1 1 270 644 2000 3 2000 2000 2000 424 73 37 13 50 2000 29
3577 3627 3618 3235 3621 3610 3624 3630 3628 2254 3633 2819 1582 3097 1497 2266 3579 2298 3166 3605
99 1 9 527 14 8 6 1 7 2000 2 169 2000 169 2000 2000 101 2000 1007 6
3577 3610 2819 3654 3656 3657 3658 3659 2254 3235 1582 3097 1497 2266 3579 2298 3166 3637
116 10 125 3 1 1 2 2 2000 572 2000 125 2000 2000 12 2000 830 51
3712 3713 3577 3719 1582 3709 3235 3097 2254 3671 2819 1497 2266 3579 2298 3166 3637
2 1 32 5 2000 30 350 182 2000 50 182 2000 2000 30 2000 941 140
2819 3727 1582 3097 3740 3742 3235 3751 3758 3760 3761 3762 3763 3764 3637 3766 2254 3671 1497 2266 3166 2298 3579 3709 3733
275 5 2000 275 26 19 221 3 3 11 3 1 3 3 160 1 2000 51 2000 2000 1051 2000 11 237 16
2819 3097 3742 3235 1582 3166 3637 3782 3787 2254 3671 1497 2266 3803 3806 3818 3819 3824 3825 3826 2298 3709
309 309 43 197 2000 1350 233 39 9 2000 89 2000 2000 6 18 4 23 2 4 1 2000 609
3870 2819 3880 3787 1582 3709 3890 3235 2254 3097 3859 1497 2298 3836 2266 3166 3637
18 303 1 45 2000 878 2 210 2000 303 22 2000 2000 112 2000 1487 78
2819 3859 3097 3870 3235 3637 1582 3893 3899 3903 2254 3926 1497 2266 3933 3166 3935 3937 3938 2298 3836 3709
233 60 233 6 180 140 2000 47 60 60 2000 5 2000 2000 2 1587 2 1 4 2000 41 877
3970 2819 3097 4000 3235 4004 4006 4007 4010 4013 1582 3637 2254 1497 2266 3166 3946 3956 2298 3963 3964 3709
25 277 277 2 245 42 1 4 3 1 2000 46 2000 2000 2000 1478 42 29 2000 30 2 900
3970 2819 4062 1497 3097 3235 4004 4010 1582 3637 4038 4041 4042 2254 4057 2266 4059 4061 3166 4063 4064 3946 2298 3709
86 323 3 2000 323 402 24 47 2000 63 10 6 8 2000 15 2000 9 7 1275 3 1 256 2000 402
3970 2819 4103 4111 4113 4115 4116 4118 3097 3235 4010 1582 4038 4042 2254 1497 2266 3166 4063 3946 2298 3709
67 165 2 3 11 4 1 1 165 623 73 2000 84 27 2000 2000 2000 1212 6 465 2000 276
4160 3970 3235 4165 3946 4141 1582 4010 4042 4113 2819 2254 4118 3097 4120 1497 2266 4159 2298 3166 3709
2 64 882 1 714 64 2000 111 32 95 7 2000 18 7 13 2000 2000 25 2000 1111 365
4176 3970 3235 4141 4209 4010 3946 1582 3709 4205 4113 4212 2254 4120 1497 2266 4188 2298 3166
20 34 852 43 3 147 690 2000 454 7 281 1 2000 43 2000 2000 54 2000 1148
3970 3235 4232 3946 4010 1582 3709 4113 2254 4217 4248 1497 2298 4188 2266 3166
45 855 20 692 48 2000 482 292 2000 68 5 2000 2000 18 2000 1145
3235 4305 3946 2254 3709 4304 4113 4274 4302 4308 1582 4217 1497 2266 2298 3166
830 4 746 2000 298 13 329 20 5 1 2000 39 2000 2000 2000 1170
4353 4358 4361 4363 4364 4365 4366 4368 4369 4372 4373 3235 1582 4274 2254 4305 1497 2266 3166 4113 3946 2298 3709
4 3 15 4 8 6 1 2 6 6 2 659 2000 20 2000 5 2000 2000 1341 432 651 2000 281
3235 4413 4358 4391 4361 3946 4423 1582 3709 4113 4402 2254 4409 1497 2266 4415 2298 3166 4405
782 2 22 27 2 782 1 2000 11 573 17 2000 11 2000 2000 1 2000 1218 3
4481 4482 3235 4470 4358 3946 1582 3709 4113 4466 2254 4474 1497 2266 4442 2298 3166 4485
2 2 672 40 14 672 2000 29 581 15 2000 30 2000 2000 3 2000 1328 3
4487 4113 4510 3235 4519 4525 1582 4534 4536 4541 4543 4545 4546 4547 4548 4549 2254 1497 2266 2298 3166 3946 4466 4474 3709
8 629 4 532 2 7 2000 57 4 5 7 1 1 1 1 2 2000 2000 2000 2000 1468 532 18 21 65
4576 4578 3235 4580 4573 3946 1582 4541 4113 2254 4565 1497 2266 2298 3166 4543
1 3 345 4 1 345 2000 2 522 2000 4 2000 2000 2000 1655 18
4609 4615 4113 4626 4631 4633 4635 4638 4639 4642 3235 4644 4645 4648 1582 4543 2254 4643 1497 2266 3166 3946 4593 2298 4604
42 15 304 10 3 3 29 7 12 1 587 1 5 7 2000 25 2000 2 2000 2000 1413 587 110 2000 51
4609 3235 4645 4593 3946 2254 4113 4675 4643 1582 1497 2298 4604 2266 3166 4543
36 661 7 98 661 2000 584 4 42 2000 2000 2000 198 2000 1339 72
4609 3235 4593 3946 4679 2254 4113 4675 4643 4724 1582 1497 2266 4703 4604 2298 3166 4543
71 643 57 643 11 2000 331 114 98 12 2000 2000 2000 18 247 2000 1357 178
