23 36 37 39
1 19 2 1
48 73 67 68
10 6 4 1
98 104 106 107 85 95
12 7 1 1 29 3
144 130 136 138 142 112 148
1 1 8 3 1 1 3
154 187
13 5
192 193 187 188 190 191
3 1 1 1 6 4
209 219 212 213 221
5 4 16 2 1
224 213 214 215 218 219 223
1 6 13 2 1 14 3
240 257 251 260
42 7 3 1
240 304 305 308 309 310 311
1 7 2 5 9 2 1
354 360 361 362 363 346 351
5 4 5 1 1 2 3
419 420 421 422 361 407 346
24 5 1 2 19 24 3
457 466 452 463
17 3 19 3
474 467 462 463
3 3 20 30
513 519 522 524 525 463
6 5 1 5 1 6
577 578 579 580 581 553 541
9 1 4 3 1 5 6
640 633 634 637 638 639
1 7 4 6 6 3
697 699 645 702 701
3 13 43 1 6
728 720 738 645 735
30 16 1 15 2
771 773 752 761 766 767
12 1 9 3 3 3
805 782 752 789 823 824 825 826 827
21 26 7 23 2 1 3 3 1
864 868 869 870 871 789 857
2 1 1 1 2 38 40
906 915 917 918 919 888 895
17 7 1 1 1 59 2
960 945 948 926 888 959 958 949
1 2 8 40 6 1 3 2
1000 993 999
3 8 1
1026 1027 1028 1031 1032 1033 1036 1020
8 21 5 1 1 7 1 34
1080 1068 1070 1079
5 10 15 10
1091 1096 1103 1105 1106 1107
13 15 18 7 1 2
1125 1096 1132 1133 1134 1135 1136
105 69 13 8 5 2 2
1125 1096 1135 1145 1146 1147
41 22 49 29 17 4
1129 1130 1127
2 2 3
1168 1169 1146 1167
1 1 12 9
1200 1195 1180 1198 1199
1 6 48 13 1
1223 1228 1229 1233 1238 1240 1241 1242
1 3 17 2 1 4 6 1
1282 1286 1254 1290 1291 1292
10 16 14 1 2 1
1313 1318 1321 1322 1324 1326 1327 1328
24 7 1 1 8 1 1 1
1313 1345 1356 1359 1368 1371
16 4 34 7 9 4
1393 1394 1395 1396 1400 1404 1406 1407
6 15 7 7 7 3 3 3
1433 1431
1 7
1476 1457 1458 1465 1467 1469 1471
1 14 10 1 3 8 8
1510 1514 1518 1527 1529 1530 1531 1532
9 3 5 5 14 6 5 1
1552 1586 1588 1590 1593 1595 1566
21 4 5 6 3 1 7
1624 1601 1618 1637
11 26 7 1
1601 1666 1673 1681 1682 1684 1685 1686 1656 1629
73 3 19 3 3 1 8 2 4 14
1720 1721 1708 1725 1685
17 5 21 3 3
1746 1773
5 3
33 34 35 11 12 16 24 26 30
1 1 3 28 10 10 4 7 4
96 97 98 99 100 11 77 90 91 93
1 2 2 1 2 24 4 3 2 4
136 137 138 139 100
1 3 1 1 23
185 186 187 194 191
22 7 6 1 2
228 227 220 204 229
3 2 5 5 1
280 277 278
2 1 5
320 316 315 308 319
1 3 2 32 3
345 339 358 367
9 30 1 2
417 428 429 430 431 432 433
21 19 1 8 1 2 1
456 459 461 451 455
2 32 1 2 50
512 481 522 524 494 509
16 2 4 4 3 1
34 35 38 39 40 13 14 25 26 29
3 7 1 3 1 3 13 16 6 2
97 70 84 87 92 94
2 47 4 6 21 7
128 143 145 146 148 118 153 154 155 156 125
27 11 1 5 2 46 6 1 3 1 37
128 174 177 148 186 188 190
6 50 6 1 13 1 4
196 243 245 251 252 253
4 1 4 2 1 1
265 266 257
9 2 17
315 292
5 14
352 353 358 359 363 365 337
1 5 3 1 2 1 12
25 28 21 23
4 1 6 6
25 67 60
19 12 26
128 129 130 131 132 117 127
1 2 5 2 2 6 7
169 141 175 177 178 180 155
3 48 2 1 1 2 16
172 173 175 176 177 179 180 159
40 7 7 7 1 1 4 1
3
3
32 35 36 30
1 11 2 3
97 98 100 102 103 109 111 95
5 1 5 6 6 4 2 2
160 129 163 165 167 168 169 171 150 154 156
10 7 10 20 7 2 2 2 14 9 5
169 171 172 173 174
10 2 3 1 1
203 228 230 223
24 3 1 6
291 293 294 295 296 285 287
1 4 1 1 2 15 4
296 344 348 349 350 351
11 43 19 1 1 2
393 391 388 390 383
1 5 8 2 18
441 426 432 434 437 438 439 408 409
3 17 6 9 8 5 4 38 12
485 491 501 470 505 506 507 508 445
38 7 14 15 20 16 1 2 14
520 521 528 529 530 531 532 505 506
11 11 2 3 2 1 1 17 11
576 578 565 575
10 1 2 7
618 619 622 630 631 632 634 635 636
9 13 7 3 1 3 2 2 2
656 663 629 661
2 1 50 2
715 718 722 692 629 725
14 5 1 15 19 5
800 801 715 781 749
1 2 9 24 25
800 802 840 843 815 853 857 858 860
4 8 23 20 5 4 3 8 3
800 902 904 906 907 853 889
19 10 11 2 4 19 44
960 964 966 967 968 947 950 952
4 18 2 9 4 28 9 4
8 10 11 12 13 14
2 3 2 1 2 3
32 51 66 67 19 23 57 63
38 20 4 9 1 43 1 9
96 98 101 103 93 95
3 4 3 2 34 10
130 165 166 147 93 134
26 3 3 7 23 3
166 210 213 217 220 189
3 7 4 3 3 43
230 232 265 267 269 271 272 189
40 13 7 3 1 3 3 9
304 305 306
2 1 2
352 353 354 356 357 358 359 337 347 348
7 2 8 4 3 2 3 16 7 6
385 388 389 391 394 395
10 32 1 4 1 1
