33 68 22 70 71 72 10 52 54 59 60 61 69
31 1 29 1 1 2 20 3 7 3 4 2 2
128 33 129 105 107 109 110 112 121 117 73 120 89 90 126 127
1 25 2 29 10 6 27 5 2 6 25 9 30 37 1 1
33 136 107 110 147 151 120 153 90 155 154
13 256 35 13 1 62 37 2 37 1 3
197 136 107 200 182 151 184 185 157
6 340 17 3 16 52 12 11 121
136 200 212 182 151 216 220 157 222 223
215 68 29 47 294 1 7 62 4 3
230 231 200 233 234 235 236 237 136 212 151 157
59 32 108 1 4 1 1 1 208 32 302 143
290 294 230 295 136 239 272 273 242 151 293 200 157 296
8 4 101 1 104 29 33 12 40 192 3 21 92 1
352 320 230 359 136 200 337 239 273 151 316 351
3 8 355 8 41 4 8 72 41 296 17 21
384 386 230 337 136 365 369 273 151 239 316
3 2 512 33 11 18 3 11 94 10 23
387 230 392 427 430 239 151 412
13 543 6 7 9 2 2 11
484 427 412 485 230
5 39 23 5 1000
230 521 505 412 510 511
929 11 8 28 5 3
576 560 578 230 572 527 528 562 532 505 569 571 412 575
3 13 1 1194 1 57 45 29 7 14 3 3 31 1
578 230 593 595 600 602 603 604
5 1635 8 4 12 1 1 2
248 249 246 230
5 2 5 1481
288 291 230 264 268 274 248 282
44 3 1377 9 33 13 35 14
288 230 338 334 336 312 306 248 282 348 350
188 1255 1 35 6 4 62 77 168 4 3
288 384 230 374 248 282 379 348 383
446 1 968 2 141 186 12 52 3
288 230 426 427 399 433 248 282 410
597 781 7 10 30 1 274 171 9
288 454 230 458 461 248 282
669 4 489 17 4 113 167
288 480 230 458 469 248 282 476 477 478
430 4 399 5 88 55 306 6 4 2
288 512 538 517 230 520 522 523 482 497 248 505 282 540 458 542
761 9 9 5 466 9 17 22 3 7 73 52 248 5 44 1
288 579 580 581 230 551 520 553 458 583 248 505 282
607 1 6 5 699 98 9 23 184 3 208 18 154
288 230 551 458 627 631 248 505 282 604 634 638
662 796 358 42 44 2 42 23 81 11 2 2
288 642 643 644 230 551 657 627 662 664 282 668 669
356 4 8 14 979 334 9 125 4 16 20 2 2
288 705 726 230 551 685 720 627 725 723 664 671
331 1 1 659 135 34 7 254 16 19 29 22
288 707 709 230 551 714 711 716 703
213 2 9 861 352 5 14 2 1
288 779 230 711 551 782 786 758 730 733
89 3 1115 46 536 4 1 30 51 32
832 288 829 230 807 551 813 711 733 806 823 730 797
9 4 15 1033 31 701 31 29 324 55 2 39 82
833 866 879 813 230 551 874 807 877 711 797 881 878 730 847 733 849 869
34 30 1 32 1005 501 32 32 7 42 106 1 1 286 19 328 5 7
866 711 230 903 551 908 813 910 733 807 917 730 797
102 3 959 89 333 3 9 14 62 9 9 454 162
866 964 230 551 938 903 972 975 976 945 950 730 797
142 9 592 18 73 39 2 3 1 9 3 466 18
1027 230 1033 1035 972 950 730 1050
4 114 19 27 37 89 55 1
230 1095 1033 1099 1068 1075 950 730
7 4 58 7 36 25 217 7
1121 1154 1033 1099 1068 1075 950 1145 1150
34 5 311 61 73 90 104 36 15
1033 1194 1099 1167 1075 950 1145 1210
306 54 210 28 112 28 13 2
1252 1253 1235 1033 1194 1099 1075 1145 1244
6 2 6 275 22 189 222 135 5
1288 1033 1290 1099 1294 1263 1297 1298 1075 1145 1295 1244 1277
14 230 6 362 3 4 5 1 332 12 5 9 6
1303 1345 1033 1099 1075 1321 1145 1308
36 6 254 518 381 28 33 5
1355 1350 1352 1033 1354 1099 1360 1361 1075 1303 1338 1341
4 32 1 76 4 829 1 2 343 83 30 12
1378 1379 1382 1033 1386 1099 1390 1392 1075 1303 1368 1341
38 10 11 24 17 945 3 1 276 86 105 95
1410 1382 1386 1099 1378 1422 1421 1075 1368 1437 1341 1438
133 54 9 785 37 14 12 281 73 2 15 1
1410 1483 1382 1449 1099 1378 1491 1437 1496 1075 1368 1467 1341
308 1 75 80 1185 15 1 33 1 85 50 53 15
1410 1547 1382 1449 1099 1548 1378 1519 1516 1556 1564 1528 1561 1562 1467 1565 1341 1566
557 14 114 143 1373 22 90 32 34 3 4 8 4 1 97 2 38 1
1378 1574 1382 1449 1099 1516 1410 1591 1585 1570 1589 1577 1592 1593 1467
295 31 48 158 1488 40 841 3 3 2 4 19 2 2 144
1410 1643 1638 1574 1639 1644 1642 1099 1516 1378 1605 1467 1599
1325 1 51 250 2 4 1 1842 53 97 87 202 3
1696 1697 1666 1638 1574 1099 1410 1647 1681 1698 1467 1693 1695
4 4 6 166 177 1954 1475 9 13 1 246 15 1
1410 1099 1574 1638 1736 1739 1740 1741 1734 1467
1598 2000 261 241 8 3 10 10 3 311
1410 1755 1574 1638 1099 1743 1745 1751 1752 1753 1754 1467 1757
1544 1 136 69 2000 15 68 36 1 2 1 197 1
1410 1574 1638 1801 1802 1099 1794 1805 1745 1762 1467 1791
1302 43 155 33 1 2000 11 1 159 10 511 29
1410 1638 1574 1873 1801 1866 1099 1872 1745 1874 1875 1876 1877 1878 1865 1848 1467
1157 79 79 4 79 8 2000 9 242 1 2 2 2 1 5 8 761
1410 1638 1574 1937 1801 1099 1900 1934 1936 1745 1908 1467
962 64 109 1 109 2000 46 4 1 186 54 984
1984 1985 1410 1574 1638 1983 1801 1099 1900 1745 1908 1942 1976 1957 1467 1949 1982 1951
1 1 1186 48 74 3 48 2000 9 289 31 56 1 1 814 26 2 25
1410 1638 1574 1801 1099 1964 1967 1745 1973 1942 1974 1467 1951
1279 55 144 144 2000 23 25 136 2 172 1 721 23
1952 1953 1410 1574 1801 1099 1745 1942 1945 1467 1948 1949 1951
2 2 1413 282 282 2000 477 82 16 587 4 4 2
1410 1955 1574 1801 1099 2000 1745 2005 1942 1993 1945 1467 1982
1374 10 434 434 2000 1 391 6 81 36 55 626 1
1410 2043 2038 1574 1801 1099 2042 2032 1745 2034 2036 1942 1993 2040 2041 2010 1467 2045 2046
1200 4 3 236 236 2000 1 2 266 15 3 23 22 1 5 21 800 2 4
1410 2083 1574 2097 2088 1801 1099 2050 1745 2100 2102 1993 2103 2106 1467 2046
1594 3 505 5 7 505 2000 147 155 4 2 27 4 1 406 4
2144 2112 1410 2139 2146 1574 2145 1801 1099 2050 1745 2147 2135 1467
9 67 1810 11 4 230 3 230 2000 71 245 1 1 190
2144 2112 1410 1574 2182 1801 1099 2050 2192 1745 2195 2196 2199 1467
57 43 1705 117 26 117 2000 57 8 306 1 19 1 295
2112 2144 1410 2235 1574 1801 1099 2050 2224 1745 2226 2196 2231 2232 2233 2234 1467 2236
61 4 1621 2 88 88 2000 88 5 451 12 70 3 6 7 3 379 1
2144 2294 1410 2299 2278 1574 2242 1801 1099 2284 2050 2253 1745 2226 2196 2293 2262 2295 2260 1467
10 3 1789 2 8 379 64 379 2000 2 379 36 362 273 59 7 9 1 1 211
1410 1574 2343 1801 1099 2050 1745 2226 2196 2325 2345 2328 1467 2301
1828 642 1 642 2000 642 167 408 19 18 1 8 172 151
2401 2050 2402 1574 2353 1801 1099 1410 2383 1745 2226 2360 2394 1467 2301 2398 2399
2 526 1 526 19 526 2000 1725 6 96 291 4 13 275 169 3 4
1410 2418 1574 1801 1099 2412 2050 2446 2445 2226 2453 2422 2457 1467 2301
1663 11 328 328 2000 14 328 30 9 21 5 14 1 337 250
1410 1574 1801 1099 2476 2050 2480 1467 2301
1792 405 405 2000 16 405 4 208 136
1410 1574 2503 1801 1099 2050 2512 2517 2518 1467 2301
1816 140 33 140 2000 140 4 4 20 184 304
2050 2555 2550 1574 1801 1099 1410 2518 2551 2552 1467 2301 2527
193 2 14 193 193 2000 1566 45 1 1 434 235 2
2625 1410 2619 1574 2593 1801 1099 2050 2614 1467 2301 2622
1 1642 5 202 7 202 2000 202 13 358 315 8
2688 2689 1410 2628 1574 1801 1099 2636 2050 2671 2642 2675 2676 2677 2678 2644 1467 2652 2301 2687
1 1 1611 27 177 177 2000 27 177 6 12 9 3 4 9 16 389 20 428 2
2688 1410 2652 2692 1574 2695 1801 1099 2050 2717 2705 2644 2715 2712 2713 2714 1467 2716 2301 2686
19 1604 2 1 273 26 273 2000 273 1 4 28 3 1 1 7 396 2 413 5
2050 1574 1801 1099 1410 2736 2738 2644 2741 1467 2301
204 204 204 2000 1812 11 20 25 3 188 723
2784 2785 2050 1574 1801 1099 1410 2767 2771 2777 2744 2745 1467 2301 2782
2 1 453 453 453 2000 1921 4 36 6 8 108 79 441 4
1410 1574 2825 1099 2050 2839 2771 1801 2840 2745 1467 2301
1805 157 35 2000 157 4 88 157 7 221 195 586
2050 2886 1574 1801 2890 1099 2892 1410 2894 2771 2870 2889 2745 2874 1467 2882 2301 2878
117 6 117 117 2 2000 3 1537 2 35 11 1 73 85 463 56 580 15
2050 2916 1574 1801 1099 1410 2940 2771 2938 2934 2935 2936 2745 2874 1467 2882 2301
102 100 102 102 2000 1544 3 71 6 6 1 2 192 152 456 6 808
2945 1410 2916 1574 1801 1099 2050 2929 2771 2745 2874 1467 2940 2301
4 1733 22 74 74 2000 74 6 96 177 79 267 11 1151
2945 1410 2949 2982 2983 2973 1099 2946 2958 2957 2771 2965 2968 2745 2874 1467 2301 2981
44 1706 58 1 1 9 2000 55 144 144 20 20 6 108 80 294 1196 7
2945 1410 2984 1099 2957 2958 3016 3027 3028 3030 2745 2874 1467 2301 3007
47 1733 63 2000 226 226 55 19 19 22 14 2 267 1045 41
3042 1410 2945 3050 1099 2957 2958 3057 3058 3059 3060 3061 3030 3032 2745 1467 2301 3007
24 1620 44 4 2000 142 142 4 1 1 3 2 47 74 1 380 1015 190
3073 1410 3075 3109 3105 1099 2957 2958 3119 3120 3121 3060 3086 3030 3128 3032 3126 1467 2301 3007
61 1624 16 31 27 2000 230 230 5 4 1 11 78 116 1 98 4 376 781 185
3073 1410 3139 3173 3174 3169 3177 3167 1099 2957 2958 3151 3171 3086 3158 3032 3178 1467 2301 3007
45 1769 54 2 8 1 2 51 2000 329 329 56 5 33 20 73 1 231 1032 329
3221 3073 1410 3139 3007 3206 3208 1099 2957 2958 3216 3217 3186 3086 3218 1467 3196 2301 3167
1 15 1669 100 410 18 16 2000 413 413 6 18 11 214 1 331 28 1198 91
1410 1099 3243 2957 2958 3245 3249 3250 3086 1467 2301 3007
1881 2000 8 249 249 2 2 3 74 119 1296 680
3264 3266 3267 3269 3270 3271 3272 1099 1410 2958 2957 3251 3086 2301 3007
18 58 41 30 2 3 2 2000 2000 323 323 22 169 1790 1156
3328 3317 1410 3307 3283 3329 3266 3330 1099 2957 2958 3327 3310 3251 3086 3319 3323 2301 3326 3007
4 4 2000 3 28 2 66 1 2000 529 529 13 13 15 259 8 3 1910 15 934
3361 3266 3251 3336 3086 1099 2957 1410 3373 3283 2958 3370 2301 3326 3007
23 123 4 64 303 2000 666 2000 1 125 666 1 2000 30 1006
1410 3427 3426 3266 1099 2957 2958 3407 3400 3283 3086 3414 3423 2301 3326 3007
2000 1 5 221 2000 672 672 7 20 117 278 4 13 2000 122 901
1410 3482 3429 3430 3463 3266 1099 3468 2957 2958 3485 3400 3283 3487 3086 3450 3483 3484 2301 3326 3007
2000 4 3 74 4 124 2000 12 911 911 2 16 59 1 127 8 4 4 2000 337 868
1410 3430 3266 3497 1099 3500 2957 3086 3490 3504 2958 3510 3512 3501 3484 2301 3326 3007
2000 46 21 8 2000 25 1222 172 60 21 1222 10 4 5 62 2000 319 498
3552 1410 3555 3559 3558 3527 3266 3561 1099 3490 2957 2958 3517 3086 3510 3547 3484 2301 3326 3007
2 2000 4 1 6 4 141 1 2000 7 1305 1305 24 145 11 13 40 2000 267 419
3266 3086 1099 3564 2957 1410 3517 2958 3565 3566 3547 2301 3326 3007
229 192 2000 27 1160 2000 23 1160 2 1 85 2000 269 556
1410 3621 3266 3641 1099 2957 3086 3613 3634 3635 2958 3639 3640 3517 3610 3547 2301 3326 3007
2000 19 242 1 2000 1331 199 26 14 2 1331 2 1 19 36 134 2000 244 370
3680 1410 3547 3674 3621 3675 3266 1099 2957 2958 3517 3664 3086 3673 3610 3007 3678 2301 3326 3679
3 2000 124 4 79 2 224 2000 1242 1242 79 5 314 10 28 505 7 2000 400 3
1410 2957 2958 3610 3621 3517 3007 3266 1099 3086 3673 3547 3689 3697 3699 3703 3704 3705 3706 3707 2301 3326
2000 1267 1267 102 7 7 438 295 2000 258 27 77 36 2 21 2 3 1 4 2 2000 138
3776 3777 1410 3266 1099 3724 2957 2958 3757 3764 3086 3769 3673 3610 3547 2301 3326 3007
5 1 2000 509 2000 4 1205 1205 26 4 273 6 26 36 264 2000 99 286
1410 3803 3812 3813 3815 3266 3817 3818 1099 3788 2957 2958 3795 3086 3811 3778 3810 3547 2301 3326 3007
2000 23 10 1 1 205 5 1 2000 19 1689 1689 46 200 2 18 10 138 2000 244 106
1410 2957 2958 3857 3859 3865 3867 3872 3547 3876 3877 3880 3882 3007 3266 1099 3795 3086 3803 3812 2301 3326
2000 1834 1834 44 9 9 5 9 129 14 10 7 1 11 155 2000 189 261 38 19 2000 457
1410 2957 2958 3857 3865 3898 3902 3007 3905 3266 3910 3912 1099 3916 3917 3921 3795 3086 3547 3923 2301 3326 3925
2000 1575 1575 120 49 3 4 89 20 336 5 15 2000 15 3 1 152 186 300 8 2000 398 4
