2
1
3 4 5
1 2 1
2 3 5
1 1 1
0
2
8 5 6 7
1 2 1 1
2
1
4 5
2 1
1
1
11 12
1 2
11
2
0 2
1 1
2 4
2 4
4 6
1 1
4
4
0
3
5 6
1 1
5
2
24 21
4 1
4
1
27 28 29 22
2 1 1 1
1
1
8 13
2 3
2 4
1 1
18 19 20
2 4 1
2 3
3 1
3 5
1 5
4 5 7
2 2 1
4
1
0
1
2
1
1
4
2 5 7
4 1 1
7
4
0
2
6 7
2 1
0 6
3 1
0
1
1
1
9 11
1 1
8
1
1
1
0 1 2
3 2 1
2 3
2 3
0 7
3 1
0
1
0
1
1 2 3
1 2 1
6
2
16 17
2 1
2
1
1
2
0 1
1 1
1
1
4
3
0 4
1 2
17 14 15
2 2 1
6 7
2 1
0
5
27 29
3 1
21 22
5 1
0 1 2
2 1 1
12
2
3 5
1 2
0
1
2
1
0 4 5 6
1 1 2 1
0
1
1
5
0
1
17 21
1 11
8 6
2 1
0 2
6 1
6
3
8
2
