33 26 28 34 30
1 11 11 3 7
67 69 71 74 77 78 79 26
68 102 8 14 3 1 2 70
97 69 104 115 118 119 121 26 123 125 126
19 423 11 7 1 4 4 49 5 2 2
69 104 179 180 181 26
239 28 6 2 1 14
69 232 233 214 184 26 219 221
348 6 1 24 21 24 25 2
184 273 291 69
272 5 1 506
304 291 69 326 333 336 184
6 4 681 6 2 1 145
353 291 388 69 358 389 365 337 339 372 375 184 381 383
14 101 1 652 1 2 36 23 40 12 11 12 1 8
353 435 291 69 422 426 395 419 431 339 404 436 427 383
98 3 17 399 2 6 89 14 1 106 1 1 4 52
353 419 69 455 457 459 339 438 441 442 446 383
103 30 435 3 2 1 8 32 6 10 4 72
353 69 339 503 467 496 497 499 469 511 504 441 474 507 508 510 383
46 574 10 3 1 1 35 9 7 1 12 34 3 3 8 1 50
353 546 69 535 525 499 469 503 504 441 541
33 5 721 7 18 15 9 40 33 207 4
353 69 552 553 561 563 535 441
15 863 7 16 11 1 45 405
610 69 553 590 592 597 617 441 613
2 899 117 47 27 27 2 610 16
643 69 648 553 618 649 441 613
3 685 1 78 45 6 1099 117
69 679 553 685 655 689 690 693 694 441
904 9 35 14 12 10 3 3 5 690
739 740 69 679 744 746 743 749 750 752 753 722 725 441 731 733 741
7 28 915 20 4 1 4 4 7 2 1 12 29 764 7 1 3
739 740 69 744 751 786 787 790 792 441
21 14 797 86 65 8 50 1 8 788
835 740 69 843 845 846 751 851 849 850 787 820 441 794 826
13 6 732 2 2 5 320 1 1 1 141 15 1051 72 61
896 898 835 69 909 751 787 820 441 826 883 892 794 884 895
5 3 71 646 1 221 190 31 1166 101 35 22 4 31 16
835 69 909 751 912 913 883 820 916 787 441 826 915 794
317 424 18 195 8 10 158 2 6 143 1363 126 5 13
960 961 835 69 935 941 751 883 950 787 441 826 956 959
1 1 102 560 9 8 124 167 1 265 1128 265 1 1
1027 1026 835 69 1030 935 999 1003 751 1016 1010 883 1018 787 441 826 1021 1022 997
2 1 60 860 2 37 1 2 54 6 2 345 10 274 894 274 39 1 71
69 1065 1068 1069 751 1073 787 441 826 883 1021 997
1278 47 29 17 75 1 178 503 178 77 56 8
69 1065 1068 751 787 1079 1080 441 826 883 1021
1534 29 111 29 258 14 1 404 258 57 111
1122 1123 1124 69 1068 1117 1104 787 1110 1113 1112 441 826 1115 1021
2 1 1 1851 375 6 4 606 26 5 1 132 606 3 375
69 1068 1071 1072 1074 787 441 826 1021
1767 331 5 1 3 544 34 544 331
69 1095 1068 1101 1117 787 1079 826 1021 1119
1927 1 84 1 10 177 4 177 84 3
1149 69 1095 1068 1101 1117 787 826 1148 1021 1150 1151
3 1939 66 180 66 28 267 267 2 180 5 1
1185 1155 69 1190 1095 1160 1196 1153 1068 1101 1021 1197 787 1174 826 1180 1117
3 50 1953 2 148 15 3 22 292 148 292 3 374 6 374 3 27
1155 1160 787 1068 826 1215 1216 69 1095 1224 1101 1235 1238 1239 1240 1244 1117 1247 1248 1250 1251 1021
27 144 599 599 599 26 54 1971 87 7 87 22 21 23 10 17 29 4 3 1 1 599
1248 1216 1267 1284 69 1095 1160 1255 1068 1101 1280 1277 1288 787 1238 1273 826 1021 1281 1215
59 15 20 2 2000 139 57 32 490 139 1 6 1 490 188 27 490 490 17 32
1281 1160 1299 1302 1307 1288 1320 1351 1068 1325 1329 1333 1334 1335 826 1339 1346 69 1095 1352 1101 1238 1248 787 1021
100 66 46 13 17 92 66 1 428 15 6 15 7 35 428 4 1 2000 139 1 139 196 100 428 428
1248 1281 1339 69 1095 1160 1388 1386 1068 1101 1389 1344 1361 787 1333 1238 826 1307 1370 1021 1365
120 120 20 2000 118 73 1 5 543 118 3 14 44 543 39 272 543 56 1 543 8
1281 1411 1415 1160 1417 1419 1420 1421 787 1307 1068 1333 826 1339 69 1095 1101 1361 1238 1248 1021 1405
284 40 5 29 41 9 4 1 750 39 750 79 750 29 2000 299 299 34 211 284 750 91
1281 1160 787 1434 1307 1444 1449 1450 1068 1460 1461 1462 1463 826 69 1095 1101 1361 1238 1248 1021 1405
296 33 575 7 119 3 2 24 575 4 3 3 2 575 2000 194 194 120 46 296 575 171
1248 1281 69 1510 1095 1160 1511 1068 1101 1361 787 1460 1238 1497 1465 826 1307 1021 1503
42 42 2000 4 226 106 2 285 226 18 285 42 32 6 56 285 261 285 68
1538 1541 1160 1547 1551 1554 787 1556 1557 1563 1566 1307 1068 1465 826 69 1095 1101 1238 1503 1517 1528 1021
5 24 261 30 10 2 378 3 6 4 1 276 378 77 378 2000 95 95 93 34 25 28 378
1160 1551 1554 787 1307 1605 1573 1095 1068 1581 1585 1588 1589 1593 826 1604 69 1607 1609 1611 1612 1613 1101 1617 1238 1465 1594 1528 1021
252 165 7 437 510 28 3 7 437 131 50 16 19 12 437 40 2000 2 9 3 3 3 7 2 30 46 18 31 437
1634 1659 69 1657 1160 1658 1642 1655 1068 1581 1551 787 1652 1622 1593 1528 1465 826 1307 1021
6 1 2000 5 166 1 12 5 319 279 70 319 2 61 54 53 80 319 242 319
1665 69 1690 1160 1642 1707 1068 1581 1551 1684 787 1683 1622 1465 1593 826 1307 1021 1701
104 2000 3 96 9 9 335 499 9 32 335 20 195 212 260 335 184 335 12
1665 69 1767 1770 1068 1581 1750 1782 1683 1684 1622 1465 787 1593 826 1307 1021
163 2000 17 29 179 764 51 8 6 41 167 167 179 179 179 253 179
1824 1665 69 1825 1068 1581 1750 1782 787 1684 1622 1465 1593 826 1307 1021 1817
3 117 2000 2 234 677 71 22 234 15 219 219 234 234 157 234 4
1665 69 1866 1867 1068 1581 1838 787 1622 1593 1465 826 1307 1021
344 2000 2 1 74 549 4 74 358 74 358 74 89 74
1665 1883 1875 69 1068 1581 1881 1841 787 1882 1622 1593 1465 826 1307 1021 1854
245 2 9 2000 36 705 6 78 36 4 245 36 245 36 147 36 14
1665 1893 1889 1928 1931 1581 1942 1938 1940 1941 1622 1465 1882 1307 69
145 89 4 10 5 553 3 2 5 6 145 145 4 85 2000
1665 69 1928 1931 1581 1944 2005 1622 1976 1465 2010 1307 2012 2013 2014
73 2000 33 62 614 113 6 73 65 73 1 179 1 1 3
1665 69 2055 1928 1931 1581 1976 1622 2073 1944 1465 2070 1307 2015
118 2000 3 39 32 663 3 118 6 16 118 2 180 5
2116 69 2086 1581 2117 2074 1307 2110 2079
5 2000 22 905 1 7 187 24 42
69 2152 2155 1581 2169 2168 2137 1307 2110
2000 26 14 1472 8 14 29 23 10
69 1581 2198 2137 2200 2201
2000 1592 17 12 3 1
69 2221 1581 2224 2228 2201 2236 2238 2239
2000 52 1544 11 1 63 50 14 1
69 2221 2286 1581 2290 2291 2297 2296 2201 2236
2000 28 26 1610 25 6 3 3 131 154
2305 69 2348 2346 2316 2349 2286 1581 2352 2353 2354 2201 2236 2333
79 2000 2 9 20 15 10 1559 1 3 2 411 111 1
2305 2403 2372 69 2408 2409 2346 1581 2389 2201 2236
87 14 2 2000 1 6 21 1367 33 507 189
2305 69 2460 2346 1581 2447 2201 2458 2236
173 2000 4 43 1613 23 365 21 183
2305 69 1581 2482 2484 2201 2458 2236 2463
57 2000 1509 1 11 491 56 127 80
2305 69 2540 1581 2201 2490 2236 2458 2463
37 2000 5 1562 438 166 11 21 2
2595 69 2600 1581 2608 2609 2201 2236
25 2000 24 1516 1 1 484 63
2657 2660 69 2649 2666 2635 1581 2670 2669 2673 2642 2615 2616 2201
24 4 2000 10 3 11 1358 2 11 1 36 110 39 642
2657 69 2681 2699 1581 2704 2642 2709 2711 2201 2683
48 2000 3 2 1052 15 115 9 2 948 70
2753 69 2726 2657 1581 2767 2768 2769 2642 2709 2774 2201 2683 2748 2751
7 2000 22 8 1179 1 2 1 7 68 5 821 135 22 33
2753 69 1581 2804 2805 2774 2201 2683 2748 2751
51 2000 975 3 3 5 1025 52 52 165
2753 2851 69 2857 2858 2859 2860 1581 2862 2861 2864 2201 2683 2748 2751
56 13 2000 14 26 2 4 896 5 1 1 1104 162 162 62
2753 2907 69 2889 1581 2902 2903 2201 2906 2683 2748 2751
42 2 2000 8 1017 11 3 983 1 258 258 12
2916 69 2918 2919 1581 2201 2683 2748
5 2000 1 1 1236 764 108 108
2977 69 2985 1581 2926 2991 2992 2962 2201 2970 2683 2748 2974 2994
7 2000 7 1414 149 6 2 7 586 7 172 172 4 2
3042 69 1581 2926 3028 3029 2201 3034 2683 2748 3037 3006 3039
2 2000 1447 30 1 1 553 3 238 238 11 51 4
3074 3099 69 3079 1581 3102 3094 2201 3098 2683 2748 3101 3006
19 5 2000 22 1480 1 5 520 2 152 152 4 117
3074 3108 69 3144 1581 3126 3127 2201 2683 2748 3101 3006 3103
31 156 2000 2 1215 19 3 785 110 110 16 86 3
3168 3108 69 3183 1581 3182 3181 3160 2201 2683 2748 3006 3135
12 66 2000 1 1482 4 2 20 518 84 84 4 23
3168 3232 3227 3108 69 3208 3223 3231 1581 3225 2201 3226 2683 2748 3229 3135
7 3 1 100 2000 1 7 2 1305 5 695 11 73 73 3 27
3264 3265 3266 3236 69 3239 1581 3245 3251 3223 3256 2201 3108 3262 3135
6 1 2 47 2000 19 1213 19 23 35 9 787 9 1 174
3236 69 1581 3310 3312 3313 3284 3223 2201 3135
77 2000 992 4 4 1 80 75 1008 84
3330 3332 69 3336 3351 3340 1581 3313 3284 3223 2201 3355
35 3 2000 4 5 80 1041 30 124 218 959 3
3394 3393 3330 3395 69 3383 3340 1581 3381 3223 2201 3356
3 33 74 2 2000 33 52 827 13 394 1173 68
3330 69 3340 1581 3409 3410 3411 3412 3223 2201 3356
11 2000 51 880 3 1 1 4 646 1120 145
3392 3393 3330 69 3367 3362 1581 3378 3223 2201 3356
26 1 75 2000 6 9 1006 6 849 994 293
3330 69 3447 1581 3444 3445 3223 2201 3356
199 2000 1 692 5 7 493 1308 440
3488 3330 69 3494 3500 1581 3458 3472 3505 3474 3507 3478 3223 2201 3356 3449
14 150 2000 10 5 1159 43 5 2 13 2 37 1009 841 284 43
3488 3553 3458 3555 69 1581 3535 3554 3507 3540 3478 3223 2201 3356 3550 3449
33 1 168 1 2000 1580 67 1 78 4 168 1580 420 246 22 168
3488 3458 69 3592 3612 3607 3596 1581 3535 3507 3604 3573 3478 3223 2201 3615 3356 3613 3449
1 70 2000 9 1 5 16 1438 23 175 1 10 70 1438 562 1 552 2 70
3648 3649 69 3644 1581 3535 3507 3573 3638 3223 3640 2201 3643 3356 3645 3647
2 2 2000 14 1497 158 291 54 15 1497 26 503 8 503 3 1
3682 69 3673 3687 3688 3690 3685 1581 3535 3507 3573 3638 3223 3640 2201 3356 3647
43 2000 43 10 4 12 10 1334 263 232 31 24 1334 141 666 666 104
3757 3223 3737 2201 3356 3742 3745 3747 3751 3754 3755 1581 3760 3761 3507 3765 3766 3640 3773 3774 3647 69 3535 3688 3573
3 1416 17 584 584 2 3 21 8 2 6 1416 5 24 125 10 2 116 2 3 4 2000 444 89 73
3757 3813 69 3814 3688 3769 1581 3535 3760 3761 3507 3573 3223 3640 2201 3356 3775
38 4 2000 1 203 61 1417 397 126 74 394 157 1417 150 583 583 34
3835 69 3688 3769 1581 3535 3760 3761 3507 3828 3573 3223 3640 2201 3832 3823 3356 3775
1 2000 93 5 1235 283 189 74 194 15 455 1235 348 765 2 14 765 184
3841 3888 69 3889 3688 3881 3883 1581 3886 3535 3760 3761 3890 3507 3573 3223 3640 2201 3887 3356 3775
69 2 2000 2 44 13 3 1195 1 219 266 20 1 226 307 1195 215 805 2 805 266
3841 69 3895 1581 3535 3760 3922 3927 3507 3924 3573 3894 3223 3640 2201 3923 3925 3356 3775
114 2000 47 1159 122 300 15 8 155 8 393 22 1159 142 841 16 4 841 300
3968 3841 69 3964 3927 1581 3950 3535 3760 3922 3923 3957 3573 3958 3223 3640 2201 3507 3356 3962 3775
2 99 2000 2 4 1091 60 277 182 11 49 17 446 4 1091 188 909 239 909 1 182
3841 4018 4016 69 4009 1581 3950 3535 3760 3986 3507 3573 3223 3640 2201 3923 3356 4019 3775
8 2 7 2000 42 948 48 154 37 84 230 663 948 236 1052 272 1052 1 37
3223 2201 3356 1581 3760 3507 4023 3640 3775 69 4044 3535 4049 4050 3923 4052 4054 4055 4057 4058 4059 4060 3573
1308 692 692 1308 93 215 42 546 93 2000 15 164 22 1 413 1 1 3 1 2 2 2 268
4080 69 4081 4077 4076 1581 4078 3535 3760 4049 4082 3507 3573 3223 3640 2201 3923 4079 3356 4061 3775
2 2000 2 17 2 1161 16 483 47 56 2 26 344 1161 441 839 466 2 839 78 47
4114 4115 3223 2201 3356 4127 4128 4136 4137 4140 1581 4142 4143 3760 4145 4146 3507 3640 3775 69 3535 4049 3923 3573
45 21 1172 828 828 6 6 6 5 12 1172 3 3 66 4 5 26 318 66 2000 666 40 699 129
4115 4179 69 4199 4200 4156 4202 4172 1581 4137 3535 4049 4114 3923 4148 3573 3223 3640 2201 3507 3356
35 14 2000 3 1 153 1 29 1309 22 935 3 296 619 153 72 1309 211 691 84 691
4233 4114 4115 3223 2201 4250 3356 4258 4266 1581 4271 4273 3507 4148 4277 3640 4156 69 4172 3535 3923 4200 3573 4215
23 129 142 1320 680 33 680 7 14 1320 2 1 102 120 3 441 120 2000 58 705 651 37 29 3
4233 4114 4115 3223 2201 4250 3356 4258 4266 1581 4271 3507 4148 3640 4156 69 4294 4172 3535 4305 3923 4308 4313 4316 4323 4307 3573
43 301 60 1636 364 58 364 43 2 1636 42 241 94 418 94 2000 47 117 919 20 346 18 13 5 2 7 18
4115 69 4156 4362 4172 1581 3535 4114 3923 4148 4364 3223 3640 2201 3507 4271 3356
59 2000 206 4 141 1496 1258 166 504 206 3 1496 130 504 108 170 504
4416 69 4156 4394 4172 1581 3535 4114 3923 4148 4405 3223 3640 2201 3507 4271 3356 4413 4415
1 2000 421 5 98 1339 1220 276 661 421 8 1339 12 661 107 168 661 3 2
