44 45 46
11 2 1
60 76 69 78
2 2 4 1
97 107 100
4 22 2
155 156
4 1
11 13 7
2 9 3
24 25
7 1
33 66 69 71 53 61
23 4 7 2 12 2
2
8
24 26 27 28 23
4 2 3 2 2
59 69 70 79
9 7 15 1
49 42 47 50 31
2 6 4 2 7
96 98 99 69 89 95 101
2 2 2 3 22 1 1
170 139 172 165 173
2 10 6 3 4
229 231 232 233 234 235 237 239
31 4 1 10 17 2 2 1
275 276 277 278 279
3 1 1 4 1
320 329 331 316 336
13 1 11 7 1
353 357 358 361 366 369 371 372 373 347 351
2 1 8 2 4 1 2 3 3 2 7
2 3 5 6 7
1 1 2 4 2
72 73 66 68 69
4 1 1 2 3
17 18 19 14
1 3 2 3
80 78
1 2
40 46 52 54 57 59
8 6 1 5 5 1
92 94
12 1
16 17 12 13 14
1 1 16 2 3
16 8 18 5 15
1 1 2 2 2
34 35 38 39 41 45 46 27 28
3 7 7 6 2 2 1 15 8
8 1 3 4 6
4 9 3 4 6
41 48 49 50 53 54
15 8 4 3 2 1
88 89 76 86 87
1 1 1 6 9
124 123 116 127
4 4 13 2
161 157
2 5
201 202 196 204
10 4 16 4
281 282 279 273
6 2 2 4
312 313 299 316 311
3 3 5 5 3
345 342 311
2 1 42
384 387 388 390 391 380
3 4 10 4 1 10
436
10
464 453 463
3 7 10
9 3
2 1
25 28 23
2 2 1
83 84 85 89 92 94
12 4 1 1 2 5
97 99 102 103 105 95
2 4 1 2 1 10
33 35 38 25
19 4 4 3
96 97 101 102 103 104 79 85
3 3 2 2 4 2 3 1
136 137 138 133 135
2 2 3 7 5
188 189 190 191
3 1 1 4
0 3 4 5 7 9 11
1 4 19 2 12 3 2
32 34 11 21
4 13 20 4
48 51 57 59 60 62
11 21 2 3 7 1
97 99 95
4 1 1
145 146
8 4
185 203 205 207
6 5 2 2
260 261 249 250 252 253 254
4 2 18 11 8 3 3
12 14 15
6 10 2
75 73 74 67 71
1 3 3 6 4
128 132 135 138 113 123 125
5 1 8 1 17 3 1
10
13
17 34 35 29 31
6 1 1 1 3
51 53 54
7 2 1
8 16 18 7
9 2 2 11
54 55
6 2
96 107 110 111 113 115 89
10 2 5 3 4 1 13
166
6
193 218 220 213 221
9 3 4 5 2
272 268 244 270 271
3 2 8 7 2
320 321 322 299 314 315 316
1 11 2 19 1 3 1
8 3 5 6
2 1 2 1
16 35 44 48 56 59 61
12 47 9 13 2 1 2
73 71
1 2
25 2
2 3
37 47 60 45 61
1 5 8 5 5
73 93 94
9 12 2
136 129 138 140 126
4 27 9 5 27
160 153 162 148 150
3 13 2 10 2
0 2 3 6 14
11 2 5 1 4
19 21 23
2 1 1
48 49 58 52 60
12 4 3 3 1
65 67 68 69 70 51 62
5 2 1 3 2 4 5
103 106 108 114 109 113 82 89
20 1 2 2 2 7 24 1
128 165 167 168 113 82 151
8 1 1 1 48 49 8
209 82 206 205 113 210 207
2 16 5 7 16 1 1
253 241 243 244 213 250 251 221 254
1 14 2 16 36 2 4 28 3
273 274
8 5
297 298 306 307 309 310
7 4 3 1 1 2
336 353 355 357 334
5 2 3 1 7
25 23
1 1
24 41 42 27 23
5 3 1 5 7
106 107 108 102
2 1 3 7
0
5
32 37 39 40 23 29
7 2 5 3 1 7
96 104 99 100 105
12 1 1 2 1
152 153 146 139 132
1 3 7 3 18
194 200 201 202 203 204 205
1 4 11 1 2 2 1
64 63 39 53 47
1 3 20 2 3
96 112 110 111
10 2 1 3
169 170 167 127
1 2 1 17
227 237 244 216 249 252 253
6 13 1 3 5 1 3
0 1
3 1
