2
1
17 4 14
1 3 3
4
1
16 14
2 5
0
8
6
2
4 7
1 1
2 3
7 8
2 6
1 2
35
3
8 2 5
2 2 2
0 1
1 1
29
6
0
2
8 14 6 15
1 3 4 1
1 3
9 3
16 14
1 4
3 5
4 1
9 13
9 1
0
1
0
4
1 3 4 5
1 2 1 1
8 2 4 7
1 1 3 2
3 4 5
4 3 1
25 21
1 1
8 9 11
3 1 2
0 3
6 1
2 5
1 2
7
1
1 3
4 1
6
1
59 54
1 1
8 12 13 14 15
3 2 2 1 1
17 18
2 1
8 9 11 13 6
1 3 3 1 4
5 6
1 1
11
1
6 7
2 3
1
2
33
1
32 33
1 1
29 31
1 2
56 52 53 55
3 4 5 3
3 4 5 6
2 1 1 1
32 34
2 1
42 37
1 6
26
1
0 1 2 3
1 1 2 1
0 1 2
2 2 1
0 1 2 5
1 1 3 1
1 3
1 1
1 4 5 7
3 2 2 1
32 33 27
4 2 1
24 26 12
2 3 3
14 16 18 20 23 24 25
1 4 2 4 3 2 2
0 3
3 1
2 4 5 7
1 3 1 3
10 18 14
4 1 1
42 46
2 1
4 6 7
3 3 1
6
1
9
1
1 2 4
1 3 2
37 39
2 1
13 14 15
3 1 3
48
3
2 3
1 1
18 19
1 1
1 3
10 1
0
1
19 20
1 1
16 17 12 15
1 1 1 1
1
1
8 9
2 2
19 21 22 23
4 1 2 2
4 5 6
2 2 1
0 4
1 2
24 20 22 23
2 3 4 4
19 22
7 1
16 18 14
1 4 1
17 19 20
1 1 3
9 13
1 4
0 1 3
3 2 1
17 15
4 1
10 11 12
3 2 5
11 12 13
1 1 4
10 14 15
9 1 1
