33 35 36 37 38 16 22 23 24 31
3 2 1 1 1 28 23 2 3 3
67 39 79 82 84 22 93 95
61 9 3 12 13 182 7 2
67 136 137 141 143 144 148 149 22
145 4 2 6 7 14 2 2 145
193 194 67 164 198 199 168 201 202 203 173 141 195 22 184 186 188
2 31 68 69 2 1 35 6 1 1 31 76 6 68 53 1 19
194 67 231 168 141 209 243 22 247 184 249 250 251 188
83 51 36 48 3 26 1 51 1 45 4 4 1 6
194 67 293 168 268 301 304 22 184
28 95 25 70 15 5 7 95 135
320 67 293 168 268 336 344 338 22 184 345 346 347 348
3 5 84 13 11 8 2 3 5 87 2 1 1 1
352 354 355 356 357 358 359 360 331 344 343 184
9 5 1 1 2 1 1 1 9 3 20 270
354 394 396 397 403 404 184
12 19 5 2 3 2 289
416 354 419 421 429 435 436 184 409
3 5 3 13 4 1 2 26 15
416 481 491 485 461
50 14 1 4 24
416 544 519 526 528 529 498 531 538 541
2 1 39 15 1 7 17 12 11 1
576 578 579 580 581 582 519 585 557 526 561 498 529 538 574
15 5 1 9 1 2 55 5 37 47 49 109 43 43 2
640 641 611 647 519 529 498 538
7 6 5 2 19 65 541 7
704 706 676 519 688 498 694 699 703
2 2 5 31 101 683 7 13 3
752 519 745 746 751 688 498 726 760 761 699 732 734
10 45 16 19 21 273 715 3 4 3 6 5 6
805 519 746 811 812 781 688 807 498 789 792 793 810 799
1 65 134 3 1 8 180 2 760 1 8 3 2 5
816 838 519 860 746 843 781 688 823 498 854 855 828 861 830
12 13 84 3 252 22 11 269 10 644 3 6 21 2 6
900 901 838 519 746 879 688 498
20 1 18 54 367 18 115 389
928 929 746 688 498 922 938 926
1 4 60 122 312 32 2 39
746 943 688 498 951 953 956 957 958
203 33 123 277 28 4 4 1 1
995 996 746 983 688 498 982 951 954 987 989
2 2 143 21 129 237 11 65 138 5 3
951 1015 688 498 1013 982 983 1017 954 746
52 4 82 431 8 103 158 2 129 3
1088 1025 1058 1035 1061 951 1042 688 1041 498 1080 982 983 1048 1079 954 1083 1084 1085 1086
4 3 59 1 22 44 43 45 50 403 11 43 355 70 8 32 1 15 7 2
1133 1125 1138 951 1042 1135 688 1041 498 1139 982 983 1048 1103
9 25 1 166 19 3 166 78 420 3 19 470 210 46
1189 1133 1125 983 1042 1167 688 1041 498 1171 1197 982 951 1048 1144 1208 1206 1183
5 4 58 266 82 27 275 167 589 30 1 82 275 308 51 8 12 3
1249 1171 1254 1256 1244 983 688 1041 498 1235 951 1048 1240 1245
6 14 2 3 8 397 192 341 511 41 192 170 5 6
1282 1259 1171 983 1266 1294 1309 688 1041 498 1235 1301 951 1307 1306 1275 1308 1245
37 2 24 285 6 5 2 409 199 199 55 3 409 1 15 59 1 20
1312 1319 1282 1339 1351 1352 1353 951 688 1041 498 1235 983 1275 1245 1343
8 13 90 36 5 1 2 217 217 161 161 24 383 82 36 1
1408 1398 1041 1416 1385 1386 983 498 1245 688 1361 1362 1366 951 1275 1418 1407
7 9 120 5 32 126 28 120 15 456 127 77 64 456 75 15 7
1449 1444 1361 1416 1385 1386 1463 1476 1458 688 1041 498 1461 1366 951 1465 1466 1275 1473 1407
10 9 71 27 64 120 16 1 1 406 107 107 11 109 406 2 4 223 1 26
1498 1508 1041 1513 1386 1479 1518 1519 688 1361 498 1366 951 1466 1514
1 13 118 1 120 2 2 2 325 42 118 76 325 103 4
1584 1527 1361 1579 1522 1583 688 1041 498 1555 1587 1585 1366 951 1466 1565
1 19 34 5 14 5 130 99 99 30 1 2 164 130 99 108
1632 1633 1626 1585 688 1041 498 1555 1621 1366 951 1466 1627 1565
3 1 5 195 12 129 129 72 50 247 12 129 20 84
1636 1041 1673 1674 1675 1585 498 1555 1621 1366 1668 1466
34 21 6 2 1 368 21 30 83 340 10 21
1636 1701 1710 1585 1716 1621 1366
72 5 8 345 1 250 210
1760 1636 1765 1768 1769 1710 1585 1621 1366 1764 1759
7 42 13 3 4 131 343 23 419 1 7
1796 1765 1804 1710 1585 1814 1811 1366 1815 1816 1636
46 32 5 23 179 2 2 712 2 1 95
1858 1859 1860 1585 1366 1636 1848 1796 1852 1855
2 3 1 203 643 2 38 203 52 3
1888 1796 1894 1902 1904 1585 1909 1366 1911 1848 1913 1852
11 351 1 20 1 351 5 466 2 121 1 62
1954 1955 1796 1957 1958 1931 1902 1936 1585 1938 1366 1848 1852 1949
16 3 269 1 3 141 45 65 269 97 378 62 28 7
1796 2006 1993 1931 2002 1902 1999 1936 1585 1938 2003 2005 1366 1977 1967 1852
175 1 3 28 2 69 35 30 175 113 8 1 274 11 3 9
2048 1796 2054 2023 2012 2028 2046 1585 1938 2037 1366 2009 1977 2044 2014 2047
4 281 2 46 19 46 2 281 41 18 268 2 76 17 7 28
1796 2070 2023 2028 1585 1366 2071 2072 2044
220 13 63 63 220 151 3 3 55
1796 2117 2118 2119 2120 2122 2124 2126 2072 1585 1366 2071 2104 2127 2044
169 7 11 1 14 1 2 1 20 169 60 34 63 1 70
2177 1796 2149 2193 2189 2192 1585 2194 1366 2071 2134 2173 2143
7 206 68 1 4 3 206 2 167 70 12 40 12
2177 1796 2149 1585 2231 2222 2224 2225 2226 1366 2199 2173
6 178 57 178 2 3 1 7 3 211 9 103
2242 1796 2149 2222 1585 1366 2268 2269 2270
128 53 45 134 53 541 9 3 1
2304 2273 2242 2307 1796 2278 2305 2280 2306 2222 2287 1585 1366 2302 2303
2 23 117 1 1 27 2 25 1 8 10 1 189 5 1
2336 2242 2340 2309 2342 2312 2346 1366 2330 2335
5 79 3 19 2 19 2 238 18 4
2242 2309 2407 2312 2409 2410 2397 2384 1366 2330 2365 2405
58 49 3 49 3 1 2 10 125 31 60 2
2434 2309 2312 2443 2446 2447 2449 2450 2455 2457 2330 2460 2458 2462 2463 2365 1366 2407 2415 2424 2425 2427
12 177 177 12 5 1 1 3 18 8 185 3 7 2 3 7 84 16 45 74 177 48
2434 2309 2502 2312 2506 2443 2508 2510 2415 2480 2504 2483 2485 1366 2455 2424 2425 2458 2493 2501
11 142 3 142 1 11 2 2 17 1 1 5 74 204 10 80 142 21 6 6
2434 2539 2533 2312 2550 2443 2485 1366 2424 2425 2554 2555 2556 2557 2309
34 15 32 187 38 34 93 145 72 187 22 1 1 1 187
2434 2443 2533 2631 2312 2601 2634 2635 2638 2641 2642 2643 2485 1366 2424 2425 2554 2619 2309
31 31 154 8 247 25 2 15 3 2 3 2 79 184 91 247 102 39 247
2691 2309 2662 2312 2601 2699 2701 2703 2696 2708 2485 1366 2713 2712 2425 2554 2714
29 399 13 399 68 5 1 9 13 2 62 101 2 3 399 221 1
2755 2726 2309 2758 2759 2312 2761 2764 2765 2766 2703 2768 2769 2485 1366 2425 2554 2767 2716 2750 2757
5 5 79 4 4 79 4 3 2 4 27 2 1 89 117 79 387 1 45 1 8
2784 2755 2309 2312 2485 1366 2807 2776 2425 2554 2815 2812 2814 2805
4 18 49 49 85 123 3 2 49 520 4 3 1 11
2850 2823 2859 2860 2862 2864 2866 2867 2868 2485 1366 2835 2554 2814
19 18 1 1 5 1 3 1 2 255 509 4 414 11
2916 2918 2823 2922 2923 2485 1366 2554
7 10 143 6 1 137 481 305
2976 2971 2918 2823 2970 2956 2925 2958 2959 2963 2485 1366 2968 2969 2554 2975 2941 2965
1 1 59 47 9 28 17 11 3 3 106 441 6 6 391 1 124 9
3010 2979 3012 3013 2982 2823 2988 2994 3011 2485 1366 2999 3001 2554 3007 2941 2965
1 14 2 1 34 74 129 29 1 37 399 7 11 264 5 257 9
2979 2982 2823 3048 3052 2988 3053 3054 3055 1366 2554 2941
81 128 128 17 2 81 3 4 1 209 415 85
3074 3078 2982 2823 3084 3083 2988 2941 3090 3093 1366 3066 2554
3 9 10 10 4 3 9 382 6 1 739 25 262
3136 3138 2941 1366 2554 3133 3135
1 2 306 675 319 5 2
3202 3173 3175 3210 3211 3186 1366 2554 2941 3198
2 6 1 3 1 6 648 369 319 2
3254 3242 3250 3186 3251 1366 2554 2941
2 10 3 219 7 655 298 235
3297 3298 3272 3242 3293 3186 1366 2554 3292 2941
9 1 13 25 1 204 548 88 7 204
3330 3301 3338 3335 3340 3306 3308 3343 3344 3345 3186 1366 2554 2941 3333
7 11 4 5 1 17 22 2 1 1 308 618 251 308 4
3387 3370 3372 3375 3186 3380 1366 3385 2554 3343 2941 3391
2 16 72 24 343 1 520 46 584 15 343 10
3456 3424 3458 3387 3457 3434 3370 3372 3375 3186 3459 1366 3451 2554 3419 2941
3 15 1 44 5 2 10 92 185 304 2 521 7 734 35 304
3521 3522 3419 3372 3502 3375 3186 1366 3517 2554 3387 2941 3486
4 2 66 247 38 131 607 902 1 579 129 607 109
3387 3590 3593 3372 3375 3186 3587 1366 3545 2554 3419 2941 3582
215 1 1 21 201 677 2 1189 6 340 94 677 14
3616 3419 3590 3623 3625 3626 3375 3186 1366 3599 3545 2554 3387 2941
5 113 45 3 3 2 308 505 1010 92 7 287 216 505
3419 3654 3590 3672 3662 3375 3665 3186 3668 1366 3671 3599 3673 2554 3387 2941
167 30 385 5 44 632 25 273 14 816 16 167 3 276 259 273
3725 3419 3734 3590 3722 3723 3730 3662 3375 3729 3186 3715 3732 3733 1366 3599 2554 3387 2941
10 36 1 550 22 10 1 106 745 1 81 8 2 2 865 36 326 233 81
3777 3798 3590 3785 3786 3788 3794 3662 3375 3186 3796 3797 1366 3799 3800 2554 3387 2941
16 2 260 55 2 4 1 104 397 113 3 1 1484 2 5 119 106 113
3840 3841 3842 3387 3845 3590 3847 3785 3662 2941 3186 3838 1366 2554 3375 3837 3846
3 1 12 30 3 164 1 38 37 321 321 2 1407 30 563 59 2
3899 3901 3590 3879 3880 3785 3852 3890 3896 3375 3889 3186 3837 1366 3864 3897 2554 3387 2941
1 2 65 4 1 6 31 10 2 625 6 363 1 1317 69 1 58 58 363
3837 3941 3852 3890 3375 3953 3186 1366 3864 2941 3903
3 5 103 27 752 5 278 1248 38 278 4
3972 3852 4012 4013 3375 4009 3186 1366 3991 3995 2941
25 67 21 1 425 8 171 1575 41 46 171
4098 4054 3852 4078 3375 3186 1366 3991 2941
14 14 23 31 374 188 1626 31 188
4128 4131 4134 4136 4078 3375 3186 1366 2941
4 29 1 1 104 385 128 1615 128
4162 4163 4164 4165 4167 4137 4139 3186 4078 3375 4146 1366 4153 2941
23 2 3 1 1 27 23 6 25 573 9 1427 5 6
4192 4162 4194 3375 4176 1366 4189 4190
8 35 2 662 2 1338 5 2
4256 4162 4228 4197 4202 4239 3375 4176 1366 4247 4251 4254 4255
1 96 13 27 139 9 850 96 1150 2 35 6 2
4304 4162 4228 4310 4262 4296 4297 4202 3375 4176 4306 4308 4309 1366 4311 4312 4281 4285
1 152 10 5 2 22 27 67 1138 152 8 1 9 862 4 4 52 6
4352 4353 4162 4202 4364 4354 4367 4176 4372 4373 1366 4311 4346 3375 4362
24 15 151 36 5 8 9 151 1 1 1341 15 3 659 2
4352 4176 4162 4406 4401 4396 4354 3375 4400 4408 4374 4404 1366 4376 4399 4412 4413
139 93 93 9 4 17 48 548 33 3 8 3 1452 124 20 6 2
4352 4162 4406 4456 4457 4428 4430 3375 4176 1366 4376 4444 4453
4 136 158 4 6 85 65 480 136 1520 59 26 2
4512 4406 4460 4493 4430 3375 1366 4503 4376 4506 4508 4509 4510
9 18 21 62 23 470 1530 6 66 3 24 2 2
4406 4460 4493 4430 3375 4529 4562 4564 4533 1366 4567 4568 4569 4570 4559 4538
41 247 44 41 811 18 3 7 21 1189 2 2 1 1 6 41
4611 4652 4618 4651 4460 4653 4430 3375 4529 4654 1366 4602
77 2 25 6 300 1 16 835 153 1 1165 27
4640 4611 4678 4657 4460 4430 3375 4529 1366 4602 4655 4669 4639
72 117 2 25 109 3 825 217 1175 11 11 11 51
4705 4611 4712 4460 4685 3375 4529 4707 1366 4669 4639
6 135 2 35 26 662 490 37 1338 49 254
4717 4736 4611 4749 4742 4737 4712 4744 4747 4460 4685 3375 4529 4722 4707 4755 1366 4705 4751 4669 4639
58 28 219 1 14 10 3 1 17 82 158 715 631 1 92 1 1285 7 2 47 517
4800 4801 4802 4707 4460 4685 3375 4529 4611 1366 4791 4794 4795 4639
2 9 2 57 194 297 1036 842 41 964 3 3 2 326
4813 4707 4804 4806 4817 4809 4460 4685 3375 4816 4529 1366 4815 4639
4 179 36 40 1 2 11 560 1184 4 1173 816 1 255
4865 4866 4707 4870 4872 4874 4685 3375 4529 1366 4855 4639
5 8 35 2 4 2 624 1303 1303 697 21 117
