3 37 39 40 41 25 27
56 6 7 2 2 19 4
65 98 3 102 73 80 50 85 88 90 95
76 1 198 3 3 1 65 18 26 13 15
160 65 130 3 95 142 143 152 153 154 159 157 127
3 17 32 435 2 24 6 5 3 11 3 1 5
225 130 3 228 229 142 210 215
5 11 412 2 3 33 13 21
225 3 231 270 210 215 255
35 487 13 1 9 122 35
225 290 3 295 328 329 331 333 335 337 210 276 215 282 315 314
7 16 264 24 4 7 3 7 4 1 11 79 168 14 18 12
425 418 3 420 295 361 426 333 381 401 276 215 410 282 350
4 20 188 1 218 6 2 8 41 25 30 175 9 24 174
3 470 295 457 459 401 466 467 276 469 438 215 381 350
100 3 57 2 13 44 13 5 222 3 20 228 69 57
480 482 3 485 486 487 488 467 276 438 215 468 474
21 19 9 3 1 3 5 112 276 44 111 17 9
480 482 3 548 534 550 553 554 556 525 467 276 438 215
117 15 197 3 1 9 8 3 1 24 141 221 8 48
480 608 3 609 556 525 467 276 215 601 571 604 606 607
224 3 138 1 19 119 224 439 20 5 13 5 5 7
3 677 678 647 680 556 525 276 662 663 666
179 4 2 29 1 37 86 277 8 11 13
3 708 713 556 525 701 723 276 727 729 731 733
150 9 26 14 24 3 8 489 19 4 16 9
3 708 773 777 783 785 786 723 276 727 771 731 764 765 767
17 2 1 8 1 2 1 30 332 211 4 15 42 31 16
3 806 777 823 816 276 821 727 824 764 767
62 74 28 3 4 431 45 490 5 34 2
832 3 840 842 849 276 821 727 764
45 66 29 2 2 399 15 438 26
832 865 3 875 878 880 882 276 821 886 727 885
81 27 202 36 8 5 5 185 51 1 196 2
832 865 930 3 919 907 909 942 943 944 945 276 917 727 892 926
83 53 9 136 48 39 12 1 1 1 4 212 13 81 18 3
832 993 994 3 964 865 727 907 976 276 917 919 985 981 996 958 991
22 20 12 28 9 84 132 25 1 207 20 78 30 13 1 37 48
865 3 964 1015 919 1003 1009 276 1013 1014 727 991
248 143 70 1 70 5 16 292 5 5 105 13
865 1042 3 919 1062 1031 1034 1003 1037 1009 1010 276 1045 727 1022
75 25 129 25 4 3 49 75 17 42 64 388 13 132 16
3 1095 1096 1097 1034 727 1037 1010 1003 1009 1042 1091 276 1045 1078 919 1022
29 7 1 3 39 269 1 1 5 28 127 8 436 105 11 127 2
1123 1158 1163 1160 1129 1034 727 1101 1009 1042 1155 276 1045 1142 919 1161
59 4 1 2 5 289 125 53 8 184 1 517 15 20 184 5
1161 1034 727 1196 1101 1042 1172 1142 919 1177 276 1210 1211
7 112 209 41 209 146 88 167 146 42 389 4 1
1232 1220 1253 1254 1257 1034 727 1228 1101 1264 1042 276 1269 1142 919 1172 1245
15 25 36 7 17 63 23 34 23 27 308 325 2 177 308 124 31
1264 1220 1257 1228 1232 1042 1172 1142 919 276 1306
39 44 82 39 101 430 99 100 430 192 6
1345 1172 1347 1220 1349 1350 1351 1348 1257 1346 1232 1042 276 1142 919 1332 1338 1341
1 97 2 9 1 1 2 1 93 3 31 292 361 6 292 12 10 14
1393 1384 1257 1362 1391 1361 1042 1172 919 276 1341
1 20 105 63 27 9 566 78 566 189 21
1440 1417 1445 1446 1447 1448 1257 1450 1451 1362 1442 1424 1384 1042 1430 919 1437 1439
2 38 2 8 13 3 120 4 1 195 2 9 1 777 9 777 32 22
1504 1476 1417 1450 1362 1042 1503 919 1498 1257 1437 1439
1 1 119 11 189 1021 3 1021 11 44 50 29
1536 1568 1563 1513 1553 1417 1362 1437 1552 1522 1042 1524 919 1556 1257 1565 1533 1567
23 1 8 52 3 34 125 7 13 49 1127 31 1127 6 9 1 25 3
1536 1602 1605 1606 1513 1362 1522 1613 1616 1042 1556 919 1592 1524 1615 1598
158 36 20 12 34 14 52 18 2 1004 29 1004 29 54 1 19
1536 1633 1666 1667 1605 1606 1513 1647 1042 1524 919 1592 1556 1664 1660 1661 1662
71 44 4 1 96 72 24 4 743 174 743 203 24 2 13 17 6
1701 1704 1513 1706 1705 1042 1524 919 1592 1556
16 6 45 2 3 672 122 672 207 45
1729 1731 1734 1735 1704 1746 1742 1743 1744 1745 1042 1524 1749 919 1592 1748
20 27 3 3 71 1 3 9 3 3 678 175 4 678 213 3
1762 1764 1704 1783 1746 1743 1042 1524 1781 919 1592
47 17 123 3 18 60 421 261 1 421 181
1793 1762 1704 1815 1743 1042 1524 1813 919 1592 1812 1790
48 18 115 1 69 562 288 1 562 339 21 5
1836 1868 1874 1743 1873 1042 1875 1524 919 1592 1812 1853
81 14 2 66 2 279 2 293 279 179 30 15
1911 1836 1042 1907 1524 1910 919 1592 1881
1 99 90 5 207 1 90 90 26
1943 1931 1836 1938 1944 1042 1939 1524 1942 919 1592 1945 1946
4 6 205 11 1 59 8 122 7 59 59 2 1
1987 1988 1995 1994 1963 1836 1997 1998 1999 1939 1524 1979
4 46 2 2 10 404 7 1 1 26 168 13
1988 2026 1836 1939 1524 2035
4 16 695 39 108 11
2081 2084 2086 2097 1836 2094 2095 2064 2065 2066 2041 2079 2044 2047
1 16 1 5 728 1 2 9 48 35 33 40 17 43
2147 2151 2153 1836 2065 2132 2141 2079
7 3 1 641 65 3 18 50
2208 2210 2212 2213 2182 1836 2195 2169 2171 2207 2079
8 5 1 1 18 453 10 51 3 11 257
2278 2242 2275 2277 2182 2220 1836 2274 2271 2256 2230 2171 2238 2079
1 64 8 6 13 1 365 14 4 4 34 133 5 248
2337 2339 2308 2342 2182 2348 2347 1836 2287 2171 2079
14 19 24 3 47 1 4 338 14 174 218
2427 2182 1836 2414 2422 2423 2425 2426 2171 2428 2079
2 2 92 29 7 6 1 2 292 1 581
2437 2448 2449 2450 2422 2171 2079
60 3 1 1 20 190 812
2498 2499 2437 2486 2508 2454 2487 2171 2079
37 27 88 22 3 22 46 102 750
2498 2437 2534 2536 2550 2540 2530 2542 2545 2549 2454 2551 2171 2079
7 85 8 20 1 4 8 9 8 3 45 1 197 541
2437 2571 2577 2582 2584 2585 2171 2079
44 7 13 2 1 2 14 531
2625 2437 2633 2606 2641 2643 2614 2647 2648 2649 2650 2079
7 114 30 12 3 15 9 1 5 1 2 580
2625 2692 2437 2633 2702 2712 2675 2710 2680 2713 2682 2714 2079
11 9 31 86 17 1 36 1 33 2 20 1 588
2785 2787 2764 2702 2735 2680 2779 2717 2079
8 1 18 5 50 5 6 61 502
2821 2825 2830 2735 2800 2833 2834 2810 2717 2079
4 19 2 35 49 1 1 67 132 513
2880 2882 2825 2717 2810 2879 2845 2878 2079
2 1 47 78 269 2 33 1 326
2938 2918 2825 2923 2925 2931 2934 2936 2937 2810 2939 2717 2079
2 31 31 4 2 1 2 6 2 35 4 175 357
3008 3009 3007 2918 2825 2959 2810 2997 2969 3002 3003 3004 2717 2079
1 3 1 20 20 134 9 8 95 8 1 9 236 156
3019 3053 2959 3056 3027 2969 3002 3055 3004 2717
129 6 319 2 4 283 60 1 18 551
3104 3055 3081 3019 2959 3089 3062 2969 3099 2717 3102 3103
1 15 1 122 183 13 29 183 6 444 3 1
3137 3019 2717 3062 2969 2959 3133
57 193 608 51 260 260 63
2717 3137 3140 3019 3148 3149 2959 3152 3062 2969 3151 3133
750 34 14 215 8 2 335 1 25 335 3 145
3200 3019 3133 3165 2959 3193 3182 3062 3159 2969 3196 2717
6 48 370 57 175 3 2 118 14 175 6 654
3232 3234 3236 3209 3133 3165 2959 3220 3062 2969 2717
3 7 7 125 576 4 136 6 4 136 713
3266 3267 2959 3272 3209 3274 2717 3251 3273 2969 3259 3133 3263
5 1 352 4 334 1 1017 36 1 352 21 665 13
3265 3271 3209 3275 3133 2959 3277 2969 2717 3263
22 11 258 6 391 341 6 341 732 9
3301 3271 3209 3321 2717 3317 3318 3305 3320 2969 3290 2959 3292 3133
42 29 527 1 906 26 7 9 2 311 18 311 91 595
3334 3209 3370 3374 2717 3377 3378 3347 3317 3379 2969 2959 3133
3 633 14 1 1105 1 2 2 120 1 467 467 638
2717 3427 3428 3429 3431 3209 2959 3317 3421 3433 2969 3133 3417
952 3 31 7 2 485 467 292 7 4 467 485 5
3428 3495 3496 3209 3133 2959 3474 3475 3317 2969 3452 2717
4 8 1 338 338 634 44 32 335 634 23 972
2717 3520 3557 3527 3209 3559 2959 3536 3474 3475 3317 2969 3514 3515 3133
996 51 7 13 362 3 634 7 146 28 392 634 97 112 362
3209 3133 2959 3474 3317 3574 3577 2969 3515 2717
425 425 714 133 435 12 3 714 40 1139
3631 3209 3626 3628 3133 3630 2959 3474 3629 3317 3609 3608 2969 3611 2717
3 491 9 5 491 2 738 372 8 306 2 107 738 14 1229
3676 3683 3685 3686 3209 3690 3691 3692 3133 2959 3608 3474 3629 3317 3673 3672 2969 3644 2717 3677
8 4 1 16 385 5 3 2 385 626 60 214 3 176 10 52 626 41 1011 1
3739 3734 3737 3209 3698 2717 3736 3474 3732 3317 3730 3673 3608 2969 3738 2959 3644 3133 3711
2 1 2 288 19 910 2 377 4 135 5 88 20 622 2 622 188 288 17
3757 3209 3755 3756 3133 2959 3474 3317 3673 3768 2969 3770 3644 2717 3711
3 150 1 31 150 396 385 165 68 8 396 4 45 546 3
3209 3819 3756 3133 2959 3474 3827 3828 3317 3673 2969 3772 2717
92 6 70 92 337 499 3 1 148 102 337 49 429
3869 3849 3833 3756 3133 2959 3474 3317 2969 3209 3673 3868 2717 3871
3 65 67 63 248 310 313 145 310 248 73 35 558 5
3917 3673 3849 3895 3756 3133 3929 2959 3474 3317 3833 3209 2969 3931 3922 2717 3933
12 51 150 15 10 48 3 262 120 209 214 48 262 7 14 310 2
3673 3963 3917 3209 3833 3961 3133 2959 3474 3317 3849 3960 2969 3962 3951 2717 3935
2 1 85 123 54 1 123 190 29 188 245 8 190 1 6 313 39
3849 3833 3133 2959 3474 3317 3990 3209 2969 3996 2717 3998 3999
329 38 60 13 224 13 17 60 13 15 73 4 1
3849 4044 4047 3474 4051 4053 4054 4055 3833 4029 4057
289 7 9 158 3 1 4 4 50 13 1
4102 4095 3849 4075 4111 4113 3474 4116 4117 4118 4119 4057 4091 4063
1 7 579 20 2 3 267 2 6 4 1 33 26 29
4164 4134 4168 3849 4138 4176 3474 4149 4169 4126 4063
15 10 7 251 8 3 326 8 3 35 104
4196 4197 4134 3849 4138 3474 4211 4212 4181 4214 4215 4216 4201 4186 4191 4126 4063
58 55 92 128 22 194 12 1 22 1 10 6 22 5 51 35 114
4196 4197 4134 3849 4234 4235 3474 4233 4126 4063
10 71 78 26 1 2 175 10 3 100
4197 4134 4233 4266 4287 3474 4280 4281 4282 4251 4284 4285 4286 4063
222 109 159 22 1 271 63 16 10 5 10 1 2 112
4197 4134 4233 4299 3474 4302 4303 4306 4307 4309 4280 4284 4286 4063
421 39 49 42 97 2 5 2 1 1 10 13 121 48
4347 4197 4134 4233 4331 4336 3474 4309 4345 4346 4315 4286 4063
1 280 195 13 36 2 76 126 2 10 16 69 63
4233 4363 4366 4368 4369 4370 4376 4378 4380 4384 4385 4386 4387 4389 4390 4391 4286 4309 4063 4197 4134 3474
18 36 21 1 1 6 16 11 13 4 5 1 2 5 1 3 131 185 43 185 314 61
4481 4482 4483 4366 4369 3474 4134 4400 4286 4416 4422 4431 4432 4309 4441 4063 4448 4197 4457 4461 4466 4477 4478
1 4 4 88 26 17 273 30 40 27 78 19 26 434 20 17 37 434 4 17 4 4 2
4416 4512 4514 4516 4197 4134 4520 4522 4523 4400 4309 4506 4286
22 22 19 10 533 387 3 1 1 120 533 4 2
4416 4512 4514 4197 4134 4550 4555 4576 4400 4309
89 89 6 313 466 1 2 3 42 313
4416 4512 4611 4197 4134 4615 4618 4400 4309 4600 4604
159 159 6 283 173 4 2 126 283 2 47
4416 4512 4676 4197 4134 4678 4677 4655 4400 4309 4663 4667 4604 4639
197 197 20 197 133 2 5 14 2 197 1 12 7 52
4416 4705 4731 4197 4134 4716 4717 4677 4655 4512 4724 4309 4726 4727 4728 4703 4667 4719 4730 4639
80 5 2 237 33 16 14 24 132 80 8 237 3 2 1 3 62 12 2 97
4416 4512 4795 4197 4134 4769 4677 4655 4773 4309 4791 4793 4794 4667 4796 4797 4798 4639
16 16 1 234 44 16 99 146 16 234 5 3 2 165 3 2 1 33
4197 4838 4839 4844 4846 4655 4309 4667 4847
130 8 8 5 6 111 130 280 1
