2 37 43 12 47 49 53 54 21
43 10 5 26 2 2 2 1 24
2 69 77 80 49 82 62
5 14 2 2 54 1 32
100 49 87 122 123 95
28 208 48 8 2 55
166 170 49 178 186 87 184 154 187 188 157
11 40 49 14 6 86 3 55 4 1 30
227 166 232 233 170 238 239 49 210 87 217 154
19 15 10 4 132 4 3 59 17 46 22 139
256 166 262 263 170 269 270 253 49 154 266 261
73 15 18 7 86 1 1 26 135 46 6 1
256 322 293 326 329 170 301 49 154 330 253 318 325
102 26 15 4 4 325 15 83 89 2 294 45 4
256 356 170 381 49 375 378 380 253 383
238 16 261 1 80 3 1 1 261 1
256 416 420 170 429 445 400 436 438 441 442 444 253 446
161 22 9 86 13 1 19 9 4 6 4 3 86 2
256 512 514 515 484 517 519 520 457 170 429 400 498 513 472 479 253 511
86 9 5 1 22 1 1 1 25 39 41 67 19 1 26 1 39 7
256 170 557 559 400 563 569 429 570 541 253
321 85 10 9 120 8 1 4 1 81 85
256 612 614 583 170 400 602 253
329 8 7 40 7 110 7 7
256 672 674 676 614 583 618 253 400 170
186 20 1 2 5 38 80 9 240 9
256 720 675 708 710 678 583 618 711 685 717 400 721 724 693 695 698 719 682
413 2 11 9 2 32 265 131 8 8 6 232 1 6 8 6 35 1 53
256 678 583 682 400 754 760 618
440 33 307 267 131 18 11 80
256 816 804 678 583 809 682 812 781 814 400 817 821 790 797
726 1 12 199 499 12 133 5 26 7 98 1 2 11 58
256 838 678 583 682 847 400 822 856 858 827 797
884 34 110 774 20 20 221 15 11 5 9 184
256 891 678 583 682 875 876 847 400 889 879 892 797
1094 1 64 1030 25 7 6 25 113 2 8 3 113
256 897 900 901 902 903 908 910 911 912 914 915 916 918 919 797 678 682 583 847 400 875
1164 47 26 17 4 2 4 8 9 3 10 1 2 4 3 70 47 2 1117 2 70 2
256 897 900 901 678 583 969 967 400 976 982 952 986 797 926
1226 61 53 6 29 1197 12 3 94 3 21 23 5 94 1
256 897 900 1030 583 1034 1036 1038 1021 400 952 797
1395 57 132 6 1395 5 4 1 10 57 100 57
256 1088 900 1089 583 1068 952 1084 1087
1335 1 207 2 1335 22 72 13 3
256 900 1157 583 1160 1161 1159 1068 1109 1144 1113 1116 1119
1281 111 7 1281 5 1 2 1 14 26 63 11 26
256 1216 1218 900 583 1224 1226 1227 1164 1168 1208 1204 1205 1220 1144 1113 1210 1215 1214 1119
1298 8 3 308 1298 1 2 3 1 146 1 13 3 2 34 130 13 3 1 76
256 900 583 1256 1257 1258 1228 1229 1168 1240 1144 1113
1296 238 1296 16 1 1 4 16 105 13 65 116
256 900 583 1256 1303 1295 1168 1288 1310 1301 1270 1305 1144 1113 1306 1308 1309 1304
1100 289 1100 59 2 31 125 8 1 30 31 8 13 17 2 2 2 2
256 1345 1347 900 583 1256 1361 1295 1168 1288 1301 1270 1376 1144 1374
1302 27 28 222 1302 103 22 50 69 68 39 50 6 8 3
256 1409 900 583 1256 1388 1389 1295 1168 1288 1408 1396 1270 1144 1406 1407
1209 3 35 1209 93 27 1 124 35 19 1 4 124 52 2 1
256 1410 900 1462 1414 583 1458 1295 1168 1426 1470 1270 1465 1434 1469 1406 1453
1445 47 45 11 23 1445 15 248 45 25 3 248 7 9 1 25 5
256 1410 900 1295 1168 1426 583 1462 1470 1479 1483 1495 1496 1514 1516 1518 1523 1524 1525 1270 1528 1529
1397 89 36 267 36 36 1397 83 32 40 135 5 29 5 1 6 1 5 4 267 3 2
256 1536 1410 1295 1558 1561 1568 1569 1570 1571 1572 1573 1574 1575 1479 1462 583 1483 1496 1518 1524 1270 1532
1542 35 83 273 1 7 4 3 1 3 2 3 3 2 74 96 1542 40 68 55 14 273 22
256 1632 1410 1627 1605 1479 583 1483 1634 1518 1295 1524 1270 1623 1496 1625 1462 1615 1629
1665 5 181 2 37 20 1665 29 2 82 228 47 228 10 168 6 30 20 10
256 1410 1462 583 1663 1483 1518 1295 1650 1524 1662 1270 1625 1496 1657 1615 1661 1639 1605
1730 41 30 1730 3 127 128 135 19 50 4 135 41 274 40 5 4 37 14
256 1410 1672 1295 1681 1685 1695 1700 1705 1712 1462 1721 1722 1723 1725 1726 1729 1730 1605 583 1483 1496 1625 1639 1518 1524 1270 1657
1663 86 22 220 6 19 28 10 9 23 53 28 5 5 1 7 3 1 184 1663 272 110 31 89 27 16 220 64
256 1410 1295 1685 1753 1705 1735 1712 1462 1725 1483 1605 1734 583 1739 1750 1496 1625 1755 1759 1760 1639 1518 1270 1657
1774 40 52 4 14 34 1 55 8 20 551 122 10 1774 11 9 227 17 8 1 2 63 11 52 174
256 1410 1605 583 1483 1295 1712 1270 1753 1496 1625 1462 1639 1797
1661 77 106 1661 833 87 209 87 35 100 100 10 31 2
256 1808 1410 1605 583 1801 1802 1483 1805 1295 1712 1809 1810 1270 1496 1625
1900 1 398 80 1900 12 44 723 5 398 20 4 2 398 94 80
256 1410 1867 1860 1605 1869 583 1802 1483 1874 1295 1872 1809 1863 1875 1812 1270 1496 1625 1852 1866
1925 367 12 10 75 2 1925 130 458 2 367 1 11 9 1 4 367 68 136 13 3
256 1410 1891 1605 583 1802 1483 1922 1934 1295 1936 1937 1938 1939 1910 1270 1496 1625 1866 1886
1843 616 29 157 1843 43 523 1 11 616 2 1 2 1 89 616 42 290 80 44
256 1410 1891 1605 583 1802 1483 1913 1295 1910 1270 1911 1625
1843 381 63 157 1843 137 557 1 381 38 381 10 453
256 1410 1605 583 1802 1483 1966 1295 1936 1974 1910 1270 1911 1975 1625 1946 1973 1957
1546 365 454 1546 141 46 6 365 12 2 30 365 22 2 437 27 1 29
256 2000 1410 1957 583 1802 1483 1966 1295 1936 1910 1270 1975 1625 1946 1983 1978 1605
1503 4 417 112 1503 98 4 4 417 37 108 417 23 570 11 23 2 497
256 1985 1410 2011 1605 583 1802 1910 1997 1295 2023 2005 1270 2009 1625 1983 1957
1315 4 431 4 685 1315 77 134 29 431 2 7 431 9 386 44 278
256 1410 2083 2084 1605 583 1802 2061 1295 1910 1270 2040 1625 1983 2085 1957
887 343 7 5 1113 887 12 36 343 179 343 25 258 56 1 156
256 1410 1910 2118 583 2120 2121 2090 2114 1295 2111 1270 1625 2106 1983 1957 2117 1605
976 366 317 2 976 3 2 23 1 366 18 366 268 2 18 249 2 1024
256 1410 2179 1910 583 2090 2178 1295 1270 2137 1625 2175 1957 2166 2117 1605
1285 559 1 559 1285 23 6 559 559 2 251 2 367 13 168 715
256 1410 2184 2185 1295 2196 1625 2200 2205 2206 2207 2209 2211 2213 2215 2216 2090 1270 583 1605 2137 2117 1957 1910
1422 637 105 10 637 38 180 1 25 2 23 13 34 3 4 1 109 637 1422 578 33 139 452 637
256 1410 2184 1295 1910 1605 2211 1957 2090 2241 2244 2117 583 2252 2253 2254 2258 2259 2260 2261 2262 1625 1270
1574 683 141 683 683 426 111 161 120 2 7 282 1574 4 2 10 2 5 3 1 1 282 683
256 1270 1410 2211 2309 1605 2308 583 2184 2313 2315 2272 2254 1295 2288 2289 1910 2312 1625 2117 1957
1344 478 478 208 3 656 1 1344 437 2 1 74 20 478 25 65 478 5 422 422 564
256 1270 1410 2211 2117 583 2184 2272 2254 1295 2312 2358 2357 1910 2329 2360 1625 2351 1957 2361 1605
1286 452 452 69 540 1286 377 115 78 452 62 5 1 452 38 3 540 11 516 2 714
256 1270 1410 2358 2401 1605 583 2184 2272 2254 1295 2368 2312 2211 1910 2390 1625 2117 1957
1512 387 387 77 8 488 1512 214 329 139 387 13 82 79 387 4 578 578 283
256 1270 1410 2211 1605 2406 583 2184 2272 2254 1295 2416 2312 2358 1910 1625 2426 2422 2117 1957
1098 329 329 100 902 12 1098 441 121 68 329 4 100 7 329 480 4 3 480 498
256 1270 1410 2211 1605 2454 583 2184 2473 2444 2272 1295 2416 2312 1910 1625 1957 2462 2117
1073 350 350 216 927 11 1073 209 3 39 6 350 49 20 350 501 409 12 501
256 1270 1410 2211 2504 1605 583 2184 2492 2506 2444 2498 1295 2416 2312 1910 1625 2509 1957 2494 2117
971 125 125 371 2 1029 971 374 36 4 211 11 125 14 17 125 475 4 559 100 475
256 1410 2184 2444 1295 1910 1605 2211 1957 2312 2494 2117 583 2511 2517 1625 2530 2532 2533 2534 2536 2540 2543 2546 1270 2553 2554
852 35 259 136 35 35 1148 586 431 159 56 231 852 7 29 231 5 4 8 18 4 1 3 6 35 11 2
256 2593 1410 2211 1270 1605 583 2184 2567 2444 2613 1295 2312 2517 1910 2616 1625 2581 2117 1957
781 12 13 421 13 1219 781 313 10 334 2 13 228 215 13 8 347 5 347 367
256 2184 2444 2629 2211 1957 2312 2617 2621 2628 1605 2630 583 2633 2635 2636 2637 2639 2640 2642 2517 1625 2117
780 497 494 11 286 568 267 18 8 22 1220 20 780 7 2 5 1 5 3 3 37 494 494
256 2656 2690 2211 2692 1605 583 2184 2444 2312 2674 2647 2689 1625 2117 1957
1071 21 5 334 3 929 1071 625 737 172 38 71 8 737 737 679
256 2737 2211 2724 2117 583 2184 2444 2312 2739 2741 2742 2743 1625 2719 1957 1605
1022 16 178 16 844 1022 614 844 199 7 2 2 1 844 1 725 978
256 2784 2211 2724 2117 583 2184 2761 2791 2444 2792 2737 2793 1625 2779 1957 2312 1605
1348 26 247 38 1101 1348 443 55 15 1101 12 38 2 1101 13 527 106 652
256 2784 2211 2724 2117 2737 583 2184 2761 2826 2444 2797 1605 2817 2312 2835 1625 1957 2821
1542 12 207 29 1335 29 1542 428 8 18 1335 65 458 16 264 1 1335 435 12
256 2184 2826 2444 1605 2850 2211 1957 2312 2876 2882 2883 2117 583 2888 2890 2891 2892 2893 2894 2897 2898 2899 1625 2797
1439 480 35 1120 561 13 319 480 465 10 30 2 1120 1439 4 1 1 7 2 9 1 3 3 1120 181
256 2211 1605 583 2184 2444 2797 2905 2312 2936 2901 2929 2949 1625 2117 1957
1431 357 569 1431 457 1074 161 30 457 9 21 10 2 1074 1074 457
256 2978 2211 2117 583 2184 2985 2987 2444 2797 2905 2312 2984 2937 2968 1625 1957 1605
1620 3 300 1320 1620 343 10 1 1320 125 4 343 4 120 3 1320 343 380
256 2117 583 2184 3004 2444 2797 2905 3024 2312 3038 2937 1625 3035 1957 3037 3006 1605
1712 1712 1712 248 44 1712 308 40 2 248 3 216 1712 9 248 1 28 288
256 2117 3078 583 3048 3079 2444 2797 3077 2184 3006 3080 2937 1625 3067 1957 2312 1605
1833 1833 10 1833 53 2 1833 336 5 167 170 2 364 1833 15 167 167 167
256 2184 2444 3087 3096 1605 3106 1957 3113 3119 2312 3125 3126 3006 3135 3136 3137 2117 583 1625 3048 2797 2937 3067
1924 76 1924 30 81 76 3 76 74 8 76 13 33 4 1 6 4 1924 1924 1924 62 433 714 74
256 3204 3205 2184 3210 2444 3087 3096 1605 1957 3113 3208 2312 2117 583 3158 1625 2797 3183 3185 3186 3188 2937 3199
1976 1 1 24 2 1976 20 248 24 24 172 2 24 1976 1976 67 1976 378 72 19 31 12 852 4
256 2184 2444 3096 1605 3233 3234 3235 3237 3249 3240 3113 3245 3246 3247 2312 3250 2117 583 1625 1957 2797 3183 3186 2937
1743 257 1743 323 257 13 22 4 9 1 4 128 1 4 3 257 4 1743 1743 1743 257 264 88 56 717
256 3266 2117 583 2184 3113 3281 3275 2444 2797 3288 2312 3282 3284 2937 3096 1625 3273 3263 1957 1605
1621 20 1621 1621 379 53 1 2 1621 175 2 379 2 4 674 177 1621 1 65 379 379
256 3299 2117 3334 583 2184 2444 3335 3308 2797 2312 3284 3113 2937 3096 1625 3263 1957 1605
1819 20 1819 8 1819 181 1819 1 116 102 181 33 25 807 2 1819 60 181 181
256 3334 2184 2444 3357 3358 1605 1957 3368 3113 2312 3379 3380 3381 3382 3383 2117 583 3284 1625 3299 3308 2797 3369 2937
1841 50 159 1841 48 15 159 159 4 82 159 1 8 5 4 3 1841 1841 6 1841 28 73 63 6 942
256 3427 2117 3334 583 2184 3308 3415 2444 2797 3409 3357 2312 3113 2937 3416 1625 1957 3421 3422 1605
1952 2 1952 103 1952 48 174 22 1952 17 15 17 48 224 723 16 1952 48 11 3 48
256 3334 3463 2184 3465 2444 3437 3474 3475 3479 3482 3483 3484 3485 3486 1605 1957 3113 3357 2312 2117 583 2937 3415 1625 3308 2797 3441 3446 3449
1820 46 33 180 1 1820 10 20 11 8 1 1 1 3 1 180 180 235 152 180 1820 1820 390 10 1820 122 152 5 1 34
256 3334 2184 2444 3437 3474 3475 3357 2117 1957 3497 2312 3506 3507 3514 3515 1605 583 3449 1625 3308 2797 3113 2937
1763 95 237 1763 51 115 20 191 1763 237 9 237 3 8 5 1 237 1763 39 1763 195 191 438 179
256 3334 2184 2444 3474 3357 1605 1957 3113 2312 2117 583 3530 1625 3546 3561 3563 3308 2797 3566 3567 3568 3569 3570 3572 2937
1875 72 125 1875 150 78 125 125 815 125 1875 1875 9 1875 9 4 10 185 78 4 4 1 1 1 1 72
256 3334 2184 2444 3597 3474 3607 3357 1605 3618 1957 3113 2312 3636 3646 2117 583 3596 1625 3563 3308 2797 3574 3575 2937 3578
1714 6 286 1714 22 219 49 17 286 1 286 750 286 5 1 1714 1714 64 1714 20 77 17 5 67 6 8
256 3609 2117 583 2184 3113 3575 2444 3597 2312 3474 3308 3607 1625 1957 3596 1605
1695 8 1695 1695 305 662 21 1695 27 305 188 70 188 1695 305 97 305
256 3648 3650 3651 2117 583 2184 3113 2444 2312 3474 3616 3308 3607 1625 3646 1957 3596 1605
1339 2 6 1 1339 1339 661 702 1339 661 329 6 63 87 1339 5 661 30 661
256 2184 2444 3474 3607 1605 1957 3113 2312 3652 2117 583 3656 3596 3669 1625 3676 3680 3681 3308 3693 3696 3699
1324 676 1324 385 60 676 676 947 676 34 1324 1324 1 172 47 1324 49 23 12 13 1 41 1
256 2184 2444 3474 3740 1605 1957 3752 3113 3756 3758 2312 3762 3764 3765 3768 3769 3770 2117 583 3596 1625 3696 3700 3708
1190 810 1190 73 13 810 810 2 690 20 1 810 6 11 12 1 4 1 1190 1190 51 1190 90 10 98
256 3776 1605 3826 583 2184 3113 3815 2444 3816 3823 3696 2312 3474 3827 1625 3596 3825 3708 2117 1957
1410 16 590 1 1410 590 1064 30 1410 8 2 25 590 61 3 1410 61 6 223 1410 590
256 3875 2117 583 2184 3113 3895 2444 3848 2312 3474 3892 1625 3896 1957 3708 3869 3596 1605
1594 7 1594 1594 406 1163 18 1594 87 406 15 4 1594 2 406 247 13 15 406
256 2184 2444 3474 3869 1605 1957 3113 2312 3895 3896 2117 583 3596 3918 3919 3928 1625 3931 3932 3934 3936 3937 3938 3939 3940 3708
1454 546 1454 22 55 546 546 758 546 58 154 1454 1454 22 4 75 8 1454 14 1 3 4 1 1 4 3 126
256 3971 3974 2184 3977 3978 2444 3982 3869 1605 1957 3113 2312 3895 3896 2117 583 3980 3919 1625 3931 3934 3976 3961 3708
1237 8 6 763 11 4 1237 3 30 763 763 586 763 87 173 1237 1237 1 33 1237 136 17 4 19 87
256 2184 2444 3982 3869 1605 1957 3113 2312 3896 4025 4032 4034 2117 583 4042 4044 4046 4049 4050 4051 1625 3931
1528 472 1528 12 76 472 472 421 472 140 2 17 6 1528 1528 1 1 2 2 1 3 1528 28
256 4060 4066 4065 2117 4038 583 2184 3113 2444 2312 4057 4055 3896 1625 1957 3869 1605
1723 6 2 1 1723 27 1723 277 450 1723 277 10 5 134 1723 277 43 277
256 4066 2117 4038 583 2184 3113 2444 4080 2312 3896 1625 4090 4095 1957 4094 1605
1784 11 1784 39 1784 216 371 1784 37 216 106 1784 12 4 216 2 216
256 4129 4098 2117 4038 583 2184 3113 2444 4130 4124 2312 3896 1625 4122 1957 4126 1605
1594 3 1 1594 139 1594 406 486 1594 1 2 406 8 1594 1 406 26 406
256 1605 4038 583 2184 3113 4170 4135 2444 4142 2312 4126 4153 4184 1625 4187 2117 1957
1670 330 55 1670 330 555 24 9 1670 218 330 126 9 12 1670 2 1670 330
256 4225 2184 2444 4241 4251 4126 4255 1957 4135 4264 3113 4266 4142 2312 1605 4038 583 1625 2117 4198 4263 4208 4265
1476 38 524 1476 19 16 149 15 524 165 2 411 2 263 524 524 63 1476 1476 1476 24 3 6 1
256 2117 4135 2184 3113 4330 583 2444 4142 4335 4336 2312 4329 1625 1957 4126 1605
1572 1572 55 428 684 12 1572 1572 206 2 1 428 5 1572 428 8 428
256 4392 2117 4390 583 2184 3113 4135 2444 4142 2312 4375 1625 4383 1957 4393 4389 1605
1622 2 1622 9 1622 378 912 115 1622 185 378 40 1622 6 378 4 4 378
256 4417 4439 2117 4422 583 2184 3113 4394 4135 2444 4142 2312 4436 4437 4438 1625 4440 1957 4412 1605
1509 1 1 1509 9 1509 491 878 85 27 1509 79 491 6 1 3 1509 2 491 10 491
256 4480 4475 2117 583 2184 3113 4394 4135 2444 4142 2312 4471 1625 4479 1957 4477 4478 1605
1801 1 2 1801 1801 199 1032 17 72 1801 11 199 1 1801 3 199 1 1 199
256 4480 4514 2117 583 2184 3113 4522 4135 2444 4526 4527 2312 1625 4529 1957 4509 4519 1605
1943 2 15 1943 1943 57 1176 1 94 1943 2 3 57 1943 1 57 23 3 57
256 4571 2117 583 2184 3113 4135 2444 4559 2312 4566 4536 1625 4539 1957 1605
1921 2 1921 1921 79 987 83 1921 30 79 5 9 1921 16 79 79
256 4609 4643 4644 2117 4646 583 3113 4618 4135 2444 4647 4629 1625 4639 4638 4613
2000 11 1 2 2000 2 2000 1201 13 20 2000 2 1 2000 10 5 49
256 4704 4667 2117 583 3113 2444 4693 4673 4705 1625 4671 4613
2000 9 60 2000 2000 1559 2000 8 24 4 2000 63 95
