17 20 25 29 30 31
7 3 4 9 2 1
67 36 37 74 77 79 84
1 195 37 9 3 1 3
36
99
73 83 36 85 78
34 6 37 1 14
129 99 36 135 136 137 139 141 110 143 142 122
7 10 72 5 2 8 5 1 52 2 4 10
163 164 197 205 110 210 212 206 215 216
38 20 4 22 7 13 2 2 1 1
225 259 235 163 244 245 251 252 254
36 2 3 23 17 5 3 2 1
225 259 263 264 265 269 270 271 163
4 12 1 6 2 2 2 2 157
321 322 163 324 325 326 323 276 310 312
6 2 114 5 2 1 13 133 91 6
163 328 362 333 367 368 276 347
38 34 16 25 1 1 347 44
411 362 398 401 371 276 405 410 347 413 414 415
5 9 3 31 162 349 14 7 309 2 3 1
448 425 362 427 429 401 434 371 276 440 441 410 347 426
3 5 20 8 10 203 15 194 292 21 41 74 388 24
500 475 497 488 490 491 492 493 495 496 401 434 371 276 501 503 441 347
1 31 2 10 2 8 13 6 9 2 313 65 300 363 1 4 45 339
545 475 550 491 557 559 560 401 371 276 565 566 504 441 347 542 543
31 155 11 114 12 23 1 364 365 566 7 1 82 65 364 46 84
611 609 475 550 491 557 401 371 276 606 504 441 347 542 543
1 3 339 24 205 118 103 307 710 2 14 19 103 45 15
627 475 651 659 649 491 652 632 401 660 371 276 654 504 441 347
4 154 31 1 13 76 2 8 302 1 439 856 2 58 302 302
704 706 651 711 712 681 491 401 371 276 707 713 504 441 347 475 701
4 3 173 3 1 21 130 90 385 856 5 1 21 90 90 215 15
475 651 681 491 750 719 752 401 371 276 707 441 730 347
122 65 64 568 49 49 6 215 136 446 33 215 35 215
769 475 651 785 681 491 780 781 782 783 401 371 276 787 441 730 347 764
21 69 46 8 221 500 4 2 6 3 184 274 561 1 184 2 184 9
769 651 805 681 491 813 814 816 401 371 276 441 347 764 475
105 109 24 84 406 6 4 2 410 513 703 410 410 10 27
769 875 651 805 865 681 491 844 889 401 371 276 893 857 888 441 858 347 890 475
248 11 142 113 34 183 352 54 3 452 468 786 1 192 7 452 15 452 2 113
769 899 905 651 909 910 401 276 926 929 475 932 805 934 681 942 948 441 857 347 865 491 371
347 7 5 254 25 7 463 707 5 34 132 2 132 29 180 14 1 463 247 463 46 396 386
960 865 491 964 805 769 681 651 974 976 401 371 276 857 441 979 347 956 475
18 16 442 76 117 393 189 625 1 4 264 248 480 172 264 3 264 8 117
769 1028 651 1036 1037 1039 1040 401 276 475 805 681 441 964 857 986 347 991 996 997 491 1005 371 1023
635 3 489 17 2 2 3 197 198 84 84 417 197 27 413 9 197 27 64 1 699 5 83 7
769 651 401 276 1055 347 805 1064 681 1066 1080 441 1086 1087 1088 1089 964 857 475 991 996 491 371
537 502 257 180 33 257 10 18 484 57 24 257 11 8 2 1 55 359 10 55 163 577 88
769 1154 1157 1159 651 401 276 1055 347 805 681 1066 441 475 1087 1089 964 1097 857 1115 991 1121 1122 996 491 1134 1144 1146 1147 1150
458 6 1 1 665 256 46 20 256 4 557 332 256 4 98 18 50 33 299 40 50 16 4 132 476 2 7 3 33 7
769 651 401 276 1182 1186 1191 1193 1066 441 1087 1219 964 1221 1222 1097 857 347 991 1121 996 491 1163 681
426 650 83 7 102 102 23 20 133 83 178 1 88 1 2 106 304 83 88 138 141 426 20 834
769 1282 1283 1284 651 401 1182 1186 681 1066 441 991 1087 1163 964 1226 1228 1236 1237 857 347 1247 1121 996 1257 491 1193
413 4 3 2 676 77 10 10 834 380 77 7 356 29 7 30 13 27 57 356 77 11 285 90 39 413 169
769 1290 651 401 1299 1305 1309 1313 1314 1315 1317 1193 1066 441 1087 1163 1228 1236 857 347 1121 996 1257 491 681 1272
263 11 837 114 7 31 7 2 12 4 2 100 433 114 263 42 84 4 263 114 115 68 54 263 786 22
769 651 401 1305 1312 1313 681 1066 1326 1334 1335 1336 441 1338 1342 1087 1344 1346 1163 1228 857 347 1121 996 1257 491 1193 1272
274 1147 76 136 108 5 503 505 35 21 15 2 76 11 8 274 2 2 72 19 274 76 222 113 128 274 79 163
769 651 401 1305 681 1066 1326 1334 441 1087 1163 1351 1400 857 347 1373 1121 996 1381 1257 491 1388 1193 1272 1402 1407
145 1045 59 102 751 647 131 35 59 145 172 52 6 145 59 16 123 87 52 143 145 15 173 52 14 3
769 1411 1163 401 1475 1305 681 1066 1326 441 1466 1470 1471 1474 651 1476 1477 857 347 1121 996 1257 491 1388 1193 1402 1087
66 54 133 18 2 218 724 843 86 18 1 3 2 3 1192 1 2 66 18 48 26 168 66 137 86 88 66
769 1411 651 1305 681 1066 1326 1087 1475 1482 1486 1489 1492 857 1121 1508 1509 1510 1257 491 1388 1163 1193 1402
181 17 1007 58 812 610 53 181 22 51 51 8 5 181 122 16 1 2 10 181 22 215 53 65
1475 1540 1542 681 1482 651 1388 1533 1539 1163 1305 1531 1066
163 2 1 666 226 1334 163 2 1 24 53 2 804
1475 681 1482 651 1388 1533 1552 1553 1163 1558 1556 1066
95 804 141 1196 95 95 29 14 8 2 6 669
1600 1475 1604 1605 1606 681 1066 651 1388 1533 1603 1597 1562 1482 1598 1599
3 54 1 1 1 1090 451 910 54 54 1 9 3 217 2 4
1482 1611 1475 681 1066 651 1388 1597 1648 1654 1656 1657 1658 1533
204 31 288 1022 647 978 288 31 11 8 3 1 2 288
1482 1475 1707 1702 1706 681 1066 651 1388 1710 1533 1695
287 156 11 27 25 1115 560 885 156 2 156 42
1761 1475 1764 1707 1702 1767 1768 681 1482 651 1388 1533 1771 1066 1758 1695
4 374 2 79 35 15 1 1149 90 851 374 374 1 723 32 21
651 681 1482 1707 1388 1805 1806 1533 1475 1783 1795 1788 1066 1758
1254 746 283 117 614 1 2 614 614 13 43 79 971 23
1482 1475 1820 1832 681 1066 651 1388 1838 1807 1854 1812 1813 1783 1850 1788 1533 1758 1855
310 1047 59 11 548 1142 1452 1047 31 44 1 13 50 18 1 372 1047 6 1
1868 1889 1475 1852 1820 1891 1832 681 1482 651 1388 1901 1838 1533 1859 1783 1807 1788 1066
7 1 1268 8 100 17 39 484 225 1516 1268 2 121 1268 22 4 19 716 1291
1475 1820 1832 681 1482 651 1388 1838 1533 1916 1891 1902 1910 1783 1915 1914 1807 1788 1066 1918
1386 52 212 395 219 1605 1386 164 1386 1 7 5 1 7 1 1 61 751 1386 1
1921 651 1807 1936 1820 1949 1951 1832 681 1066 1838 1968 1969 1972 1974 1975 1976 1475 1482 1388 1788 1533 1918
124 1819 127 3 77 24 8 98 181 1721 277 1 8 2 1 7 6 1721 98 1721 704 1721 69
1482 1921 1807 1475 1820 1832 681 1066 651 1388 1838 2027 2032 2026 2003 1996 1999 1788 1533 1918 1949
140 230 45 1430 129 140 430 1430 1570 1430 373 7 2 4 23 29 16 414 1430 101 10
1921 2055 651 1807 2069 2076 2077 2080 2082 2083 2084 1832 1820 1066 1838 1475 1482 1996 2003 1388 681 1788 1533 1918
49 18 1718 193 20 10 6 4 3 1 1 46 18 1672 513 1672 46 87 95 1672 282 345 1672 204
1482 2131 1475 2087 1832 1996 1066 651 1388 1838 1807 2091 2130 2003 2132 2133 681 1788 1533 1918
38 1 1666 158 38 106 1666 1704 1666 516 44 60 5 174 5 3 296 584 1666 152
2177 2178 2179 2180 2156 651 2087 681 1066 2091 1838 1475 1996 2003 1388 2160 2163 1918 2168 1788 1533 2174
3 3 5 3 8 1668 37 332 1668 189 760 1668 70 253 1668 46 10 306 35 502 1668 19
2178 2219 2181 2156 651 2193 2198 2213 2087 2216 681 1066 2091 2220 1838 1475 1996 2003 1388 1533 2160 2168 1788 2218 1918
235 2 41 17 1664 23 7 7 29 6 336 1664 235 1 770 1664 108 297 1664 1664 167 58 451 4 375
2178 2181 651 2087 681 1066 2091 1838 2225 2231 2233 2235 1475 2248 1996 2255 2257 2003 2268 2271 2272 2273 2274 2275 1388 2160 2168 1788 1533 1918
50 7 1100 98 900 1100 50 548 12 33 35 48 1100 11 46 6 52 50 9 1 14 1 5 3 1100 100 15 325 1100 348
2178 1475 2308 2087 2312 681 1066 651 1388 1838 2160 2091 2003 2225 2231 2315 2314 1788 1533 1918
89 963 7 63 1 1037 963 963 963 413 76 89 89 23 56 1 6 398 963 361
2178 651 2316 2323 2324 2332 2333 2334 2335 2337 2338 2087 681 1066 2091 1838 2225 2231 1475 2003 1388 2160 1788 1533 1918
157 1105 4 17 6 11 8 4 2 1 1 36 895 1105 157 536 51 117 1105 157 1105 12 376 1105 464
2178 651 1475 2333 681 1066 2091 1838 2225 2355 2231 2371 2381 2386 2003 2389 2390 2391 2392 2394 1388 1533 1788 2346 1918
105 949 949 62 1051 949 105 527 17 25 47 2 3 1 105 4 5 1 2 1 949 949 317 54 386
2178 1475 681 1066 651 1388 2402 1838 2091 2003 2430 2392 2412 2427 1788 1533 1918 2435
28 880 1120 880 880 880 37 405 28 28 4 53 49 6 447 880 359 16
2178 2475 2412 651 2435 2452 2469 681 1066 2091 2476 1838 2485 2487 2489 1475 2003 2402 1388 1788 1533 1918
97 5 59 869 52 14 28 1131 869 97 1 376 4 1 2 869 97 73 869 396 869 313
2402 1475 2472 681 1066 651 1388 2498 1838 2499 2452 2412 2492 1788 1533 1918
24 747 19 1253 747 747 747 9 556 2 4 15 5 191 747 488
2402 1475 2502 681 1066 651 1388 1838 2508 2512 2513 2514 2516 2517 2518 1788 1533 1918
146 868 47 1132 868 868 868 621 4 8 1 1 3 2 2 247 868 422
2402 1475 681 1066 651 1388 1838 2548 2549 1788 1533 1918
82 555 1445 555 555 555 447 52 8 108 555 358
2603 2402 1475 2597 681 1066 651 1388 1838 2601 2587 1788 1533 1918
1 31 278 6 1722 278 278 278 205 2 38 73 278 185
2402 1475 2597 681 1066 651 1388 1838 2621 2622 2617 1788 1533 1918 2620
3 467 15 1533 467 467 467 425 1 1 32 42 467 425 2
2668 651 2661 2662 681 1066 2667 1388 1838 2653 2640 2673 1475 2617 2671 1533 1918
7 353 14 5 1647 353 6 353 353 25 1 2 353 1 3 353 353
1475 2693 681 1066 651 1388 1838 2707 2709 2710 2697 2681 1533 1918
203 7 1797 203 203 203 203 18 9 2 60 74 203 203
2752 1475 2757 2759 2760 681 1066 651 1388 1838 2748 2723 2755 2761 2681 2716 1533 1918
11 183 30 11 1 1817 183 183 183 183 1 21 6 1 58 29 183 183
2752 2816 2818 2723 1918 681 1066 651 1388 1838 2813 2800 2801 1475 2805 2803 2681 2810 1533 2814 2815
46 1 2 44 12 1988 12 12 12 12 5 29 13 12 10 1 185 4 12 5 1
2723 2801 681 2865 2681 2874 2876
40 55 2000 6 100 3 1
2913 2914 2723 2916 2917 2919 2920 681 2890 2895 2897 2921 2681 2906 2907 2910
3 5 53 10 9 2 2 2000 45 16 9 1 336 6 21 1
2949 681 2957 2963 2931 2932 2965 2966 2968 2681 2971 2972 2973 2974
14 2000 6 1 28 49 11 25 5 332 1 2 1 3
3008 3030 3015 681 3031 2957 2992 2965 2998 3017 2681 3004
14 3 11 2000 1 14 10 42 16 40 103 16
3068 3045 681 2957 3056 3061 2998 3017 2681 3066 3004 3069
6 1 2000 12 36 42 82 77 354 4 82 1
3080 681 3114 3004 3087 3056 3123 3092 2998 3017 2681 3098 3119 3068 3103
53 2000 16 80 24 8 1 62 80 168 178 17 3 4 4
3168 3140 681 3159 3164 3154 2998 3017 2681 3161 3004 3166 3167
6 16 2000 26 1 26 122 143 264 9 122 2 2
3140 681 3180 3182 3217 3154 3220 3189 3222 3159 2681 3017 3199
88 2000 55 128 13 129 6 5 6 129 391 51 27
3140 681 3159 3250 3182 3249 3154 3251 3252 3253 3254 3017 2681 3255
79 2000 79 2 79 22 79 14 10 3 4 60 178 2
3140 3283 681 3182 3293 3154 3251 3159 3288 2681 3291 3261
28 14 2000 67 2 67 119 67 8 71 26 9
3329 3330 3331 3332 3333 3303 681 3182 3154 3251 3159 2681 3291
4 24 2 2 2 106 2000 64 64 275 64 86 24
3330 3331 3303 681 3182 3375 3154 3251 3374 3159 2681 3357
132 18 219 2000 121 1 121 99 3 121 121 1
3424 3425 3330 3303 3400 681 3403 3182 3409 3154 3159 3416 2681 3418 3420 3422 3423
1 1 38 148 11 2000 8 92 54 92 92 28 92 15 6 5 1
3465 3460 3303 681 3474 3182 3469 3472 3409 3154 3159 3416 2681 3484 3485 3486
4 7 178 2000 4 69 14 4 188 69 69 87 69 1 2 2
3520 3522 3303 681 3469 3182 3409 3154 3159 3416 2681 3514 3515 3517 3505
3 1 222 2000 7 72 208 72 72 33 72 4 19 3 3
3584 3585 3563 2681 3559 681 3527 3565 3409 3581 3576 3154 3569 3182 3561 3416 3505 3159 3579 3549 3573
1 1 13 9 45 2000 23 12 20 8 5 9 8 9 21 11 10 9 11 25 3
3617 3527 3505 681 3559 3597 3409 3579 3615
1 4 16 2000 160 3 16 69 16
3651 3654 3559 681 3655 3630 3637 3579 3646
4 1 71 2000 2 85 59 52 4
3684 3686 681 3692 3698 3666 3637 3702 3704 3579 3701
9 54 2000 17 3 75 151 4 3 30 2
3760 3747 3686 3761 3752 681 3754 3692 3757 3758 3727 3728 3729 3666 3756 3637 3735
1 11 3 2 4 2000 19 133 14 20 16 34 10 78 3 166 11
3781 3752 681 3786 3692 3761 3666 3637 3798 3799 3801 3802 3771 3773
7 10 2000 16 22 7 272 296 8 2 1 1 4 9
3814 3846 681 3863 3853 3855 3856 3857 3666 3859 3828 3637 3862 3849 3864 3865 3866 3867 3868 3869
1 6 2000 7 6 9 23 1 297 9 1 197 6 14 2 1 1 1 1 1
3877 681 3883 3884 3853 3886 3885 3666 3637 3865 3871
16 2000 1 4 154 1 1 409 138 12 12
3910 681 3927 3853 3887 3666 3924 3637 3926 3895 3928 3871
39 2000 4 117 19 384 2 449 6 12 2 207
3853 3975 681 3945 3981 3983 3952 3666 3637 3959 3871
8 4 2000 8 3 2 14 355 334 13 233
4043 3975 681 4042 4023 4044 3853 4013 3666 4020 3637 3990 3945 4029 4030 3871
4 31 2000 3 18 1 102 3 446 17 297 12 102 4 1 394
4096 4098 4099 4095 4102 3975 681 3853 3945 3666 4084 3637 3990 4087 4089 4027 4093 4100 3871
2 1 1 13 1 100 2000 19 19 476 7 279 16 4 7 58 4 1 358
4132 3975 681 4138 4139 4144 3666 4147 3637 3990 4151 4124 4093 3871
6 78 2000 4 45 6 679 4 240 25 1 10 6 396
4196 4198 3975 4200 681 4139 3666 3637 3990 4153 4199 4188 4093 3871
2 1 86 2 2000 58 754 120 35 37 1 19 33 622
4227 4228 681 4139 4205 4221 4241 3666 4203 4235 3637 4246 4247 4093 3871
54 12 2000 28 5 31 5 552 1 4 33 2 1 292 456
4289 4227 681 4298 4302 4303 4241 3666 4297 4093 3871
9 31 2000 6 1 2 105 523 2 426 510
4323 681 4333 4334 4241 3666 4227 4343 4347 4093 3871
12 2000 32 54 121 172 29 8 9 181 172
4353 4356 4361 4363 4365 4241 4372 4375 4376 4378 4379 4381 4383 4384 4385 681 3871 3666 4333 4334 4093 4349
92 7 59 10 22 84 29 7 6 8 2 5 4 1 2 2000 181 181 22 70 233 22
4375 4353 4452 4421 4454 681 4432 4439 4333 4334 4349 4384 4241 3666 4398 4361 4457 4093 3871
22 62 9 32 5 2000 1 7 37 117 37 7 22 75 1 110 12 343 75
4421 681 4375 4334 4241 3666 4470 4361 4474 4475 4093 3871
163 2000 14 9 14 25 22 9 10 3 218 25
