35 47 49 50 51 20
5 5 7 4 1 32
99 105 107 76 109 81 56 93
27 11 4 9 2 26 33 5
160 162 99 132 138 144 81 146 163 153 154 93 158 159
2 2 129 7 11 15 120 6 1 16 6 22 2 6
99 198 138 203 172 81 154 202 191
77 8 26 3 26 40 32 7 67
256 258 99 264 265 267 271 272 81 191
7 2 108 7 2 2 1 1 68 27
256 288 99 265 281 283 284 285 191
29 7 150 193 13 1 1 3 29
256 99 265 299 191 333 347 349 351
108 135 15 12 108 50 9 6 2
256 99 299 365 340 342 363 191
65 254 33 2 19 7 2 65
385 99 425 424 372 340 407 409
2 507 2 6 61 16 25 18
99 455 457 462 463 467 340 439 472
133 6 5 4 9 11 72 15 2
464 466 99 340 462
1 4 48 74 15
514 484 520 521 524 525 340 503
3 2 5 2 2 1 307 15
580 587 589 526 592 561 596 597 598 601 340 603
13 6 17 194 7 55 17 4 3 1 337 1
635 667 615 651 620 526 561 626 340 663 603 668 669
21 4 5 7 9 84 48 54 659 1 76 1 1
708 718 719 720 721 340 693 697 526 603
3 6 2 4 1 874 50 94 199 27
774 775 777 779 780 781 782 340 526 697
11 1 2 5 1 3 3 670 303 205
839 840 841 842 526 784 824 340 821 792 697 799
7 3 1 1 596 71 2 259 1 17 52 31
869 838 872 526 784 340 870 857 792 697
9 42 1 592 187 300 2 12 198 54
880 871 875 876 526 784 340 792 697
1 6 8 16 805 172 473 238 134
880 931 933 934 526 784 340 697 922 895
126 6 5 1 587 480 171 107 92 47
987 971 526 784 340 697 959 988 989 895
2 32 492 691 437 171 20 1 2 90
993 1005 526 784 1017 340 985 1016 697 1018 1019 988 1012 895
13 16 186 841 3 509 4 6 91 1 4 25 8 3
1057 1058 1059 1060 1061 1020 526 784 340 697 1050 1051 1052 1053 1055
1 2 5 2 2 12 1 873 818 53 15 7 16 1 3
1108 1089 1105 1052 1068 1101 784 1073 340 1081 1020
1 16 3 28 95 1 665 48 1051 29 76
1152 1140 1129 1068 1134 784 1073 340 1081 1145 1020 1149 1150 1151
4 2 48 65 72 850 231 921 12 9 129 2 2 3
1073 1160 1068 1165 1134 784 1169 340 1173 1175 1176 1146 1020
62 6 59 23 30 592 13 1024 2 2 2 30 100
1180 1068 1165 784 1171 340 1177 1020 1182
3 114 66 654 22 1197 14 85 1
1165 1199 784 1171 340 1208 1178 1020 1181
83 18 868 39 1058 6 201 151 23
1165 1199 784 1171 340 1178 1020 1215
193 121 785 83 983 36 159 4
1244 1165 1231 784 1234 1171 340 1178 1243 1020
2 184 34 350 61 154 1453 307 17 45
1250 1253 1287 1289 1298 1165 1295 784 1234 1171 340 1178 1243 1020 1245
65 28 13 24 3 168 4 363 119 128 1378 204 159 16 159
1250 1253 1350 1351 1352 1289 1362 1165 784 1361 1234 1171 340 1353 1178 1243 1245
65 129 4 2 18 12 6 74 195 2 105 124 1697 2 366 108 108
1171 1413 1415 1352 1417 1234 1394 1165 784 1416 1362 1395 340 1364 1178 1418 1406 1253
225 34 1 108 1 4 26 21 287 1 45 14 1713 21 184 1 15 138
1441 1474 1413 1465 1426 1422 1455 784 1458 1171 340 1470 1430 1431 1434 1428 1178 1435 1469 1406 1445
106 5 60 9 15 39 1 99 6 366 1901 1 11 53 21 19 183 13 13 126 8
1537 1539 1413 1542 1543 1422 784 1426 1171 1178 1441 1480 340 1494 1499 1516 1522 1527 1528 1532 1533 1406
23 4 31 5 1 51 112 25 139 368 168 21 1888 61 23 7 1 4 13 12 1 168
1600 1441 1587 1413 1574 1557 1422 784 1592 1586 1171 340 1598 1584 1560 1178 1595 1532 1406 1599
1 116 17 53 1 2 126 31 6 15 140 1969 1 1 86 695 5 126 116 3
1441 1413 1639 1642 1644 1587 1171 340 1630 1560 1178 1628 1406 1621
101 100 11 3 1 78 180 2000 24 36 707 1 101 40
1441 1171 1413 1671 1648 1587 340 1685 1686 1694 1178 1690 1406 1695
93 169 32 62 36 96 2000 11 4 12 843 16 93 1
1441 1171 1671 1736 1738 1740 1742 1743 1745 1746 1587 340 1729 1747 1178 1690 1406 1695
180 244 38 16 5 4 11 2 2 8 224 2000 6 4 1286 4 180 82
1441 1171 1799 1736 1804 1742 1808 1587 340 1790 1783 1811 1178 1759 1406 1695
131 143 5 52 1 80 5 86 2000 18 15 1 1585 37 131 131
1441 1827 1862 1867 1837 1742 1841 1843 340 1406 1178 1695 1790 1759
23 38 1 1 101 412 2 13 2000 23 1891 23 21 83
1441 1875 1841 1837 1742 1873 1843 340 1878 1879 1880 1876 1178 1695 1406 1759
4 2 51 174 422 23 64 2000 5 2 2 5 1977 4 4 19
1894 1905 1837 1742 1873 1843 340 1908 1178 1907
4 1 280 755 13 215 2000 3 2000 8
1952 1955 1957 1907 1929 1959 1932 1837 1742 1843 340 1942 1178 1947
4 3 3 8 11 1 6 357 585 436 2000 13 2000 10
1960 1929 1963 1932 1837 1742 1843 340 1942 1976 1964 1178 1947
171 77 11 69 383 648 300 2000 9 3 12 2000 3
2022 1960 1963 1837 1742 2029 1843 340 2030 2009 1178 1983
8 127 9 335 638 3 211 2000 3 9 2000 90
2067 2081 2082 2083 2080 1960 1837 1742 2064 1843 340 2069 1178 2077 1983
22 5 1 1 2 95 199 578 1 435 2000 11 2000 7 31
2129 2085 2118 2119 2120 2121 2122 2124 1837 1742 2097 2130 2067 340 2126 2134 1843 1178 1983
3 12 13 12 4 3 2 8 599 61 20 1 222 2000 2 3 996 2000 17
2067 2163 2181 2161 2119 2184 2185 1837 1742 2157 2160 2097 1843 340 2168 1178 2173
157 44 1 24 140 1 1 915 10 18 14 53 639 2000 3 2000 2
2067 2163 2211 2119 1837 2224 2097 1843 340 2230 1178 2173
54 56 4 98 971 2 221 696 2000 1 2000 23
2067 2272 2274 2163 2276 2275 2119 2249 1837 2097 1843 340 2264 1178 2235 2173 2271
61 1 5 9 1 2 95 20 889 330 677 2000 14 2000 8 91 12
2336 2276 2278 2119 2323 2321 1837 2286 2287 2097 1843 340 2333 2327 2324 1178 2173 2334 2335
1 26 2 178 6 5 791 3 117 370 456 2000 2 3 42 2000 20 2 1
2119 2380 1837 2287 2384 2097 1843 340 2381 1178 2399 2397 2398 2321
303 19 788 88 29 431 493 2000 8 2000 2 3 3 54
2436 2438 2119 2442 2443 1837 2384 2097 1843 340 2421 1178
10 8 213 5 2 779 21 339 367 2000 6 2000
2470 2119 2442 2475 1837 2510 2479 2384 2097 1843 340 2455 1178
22 330 64 10 838 7 66 24 352 358 2000 12 2000
2530 2555 2470 2119 2540 1837 2547 2384 2097 1843 340 2549 2552 2553 1178 2479 2558
7 2 181 392 45 752 62 2 441 441 2000 9 5 5 2000 85 1
2566 2470 2119 2568 2569 2570 2540 1837 2479 2097 1843 340 2549 2552 1178 2554 2565
1 54 420 1 2 2 44 738 77 75 75 2000 4 1 2000 10 10
2624 2592 2626 2627 2628 2470 2119 2540 1837 2097 1843 340 2625 2617 1178 2621 2622
10 38 2 1 1 172 215 77 388 172 172 2000 2 5 2000 5 1
2470 2119 2540 1837 2097 1843 340 2647 2649 1178 2651 2650
185 125 3 513 185 185 2000 3 11 2000 1 1
2675 2660 2470 2119 1837 2097 1843 340 1178 2683 2684
11 42 64 72 465 64 64 2000 2000 2 7
2660 2470 2119 1837 2097 1843 340 2712 2713 1178 2684
27 86 27 405 86 86 2000 11 1 2000 53
2763 2754 2755 2470 2119 2728 2762 2727 1837 2759 2767 2097 1843 340 1178 2684
9 9 10 168 250 44 4 6 360 1 1 168 168 2000 2000 2
2808 2470 2823 2119 1837 2829 2097 1843 340 2840 2841 1178 2835 2684
10 251 26 164 179 13 251 251 2000 14 2 2000 23 171
2885 2470 2119 2855 1837 2097 2887 1843 340 2873 1178 2866 2684 2865
7 144 143 19 143 144 5 144 2000 27 2000 13 94 42
2945 2946 2947 2885 2470 2865 2119 2924 1837 2925 2097 2887 1843 340 2873 1178 2929
5 3 2 25 135 75 25 10 25 47 135 17 135 2000 135 2000 2
2885 2950 2119 2986 1837 2925 2865 1843 340 2997 2998 2999 3000 2873 1178 2097 2470
227 12 227 7 227 38 222 156 2000 1 1 8 4 113 2000 156 156
3041 3042 3019 2885 2470 2119 3015 1837 3002 3024 2097 3026 1843 340 2999 1178 2865 3038 3039
1 1 15 205 137 205 30 205 99 54 137 45 137 2000 99 2000 270 5 4
3085 3092 1178 3101 3105 3106 3107 3108 2470 2865 2119 1837 2097 1843 2999 3002 2885 3015 3024 340 3042 3049 3068 3070
2 10 2000 2 16 1 2 1 104 61 116 116 104 104 54 54 116 95 96 2000 8 21 50 18
3108 2885 2470 3015 3146 2119 3149 3085 3024 2097 1843 340 3126 3140 1178 1837 3143
152 36 37 103 5 36 4 13 86 37 37 2000 24 1 2000 36 3
3152 3108 3126 3015 3209 3210 3180 3213 3149 3024 3212 340 3190 1178 3194
21 240 209 164 6 1 65 1 25 229 1 2000 10 2000 6
3024 3252 3108 3126 3015 3209 3180 3248 3250 3251 3220 3253 3190 340 1178 3228
195 2 69 465 107 1 318 7 10 7 109 1 99 2000 2000 17
3298 3299 3108 3190 3015 3180 3293 3024 3281 3251 340 3126 3289 1178 3228 3290 3301
2 4 2 79 370 124 15 340 19 61 2000 203 14 2000 56 20 1
3332 3336 3340 3341 3345 3348 3349 3350 1178 3228 3126 3015 3024 340 3293 3303 3304 3305 3307 3180 3315 3190
6 73 58 3 1 1 2 1 2000 114 127 431 329 2000 105 27 246 70 11 136 24 68
3015 3304 3340 3402 3180 3407 3024 3409 340 3126 3305 1178 3387 3293
249 131 96 1 233 7 85 5 2000 284 95 2000 18 49
3457 3015 3471 3305 3340 3407 3024 3180 3474 340 3126 1178 3387 3420 3293 3422
18 606 2 43 107 144 43 166 1 2000 261 2000 19 7 315 67
3504 3493 3494 3015 3497 3498 3499 3180 3501 3502 3407 3024 3505 3506 340 3477 3126 1178 3293 3422
2 3 1 486 1 1 9 383 1 2 10 114 2 2 2000 38 239 2000 275 242
3553 3015 3560 3559 3180 3024 3538 3539 340 3477 3126 3511 3544 1178 3293 3422
2 312 1 13 473 75 28 11 2000 67 251 17 18 2000 153 226
3015 3180 3565 3024 340 3477 3126 3575 3576 3577 1178 3293 3422 3573
290 129 32 161 2000 13 578 6 1 2 2000 100 30 3
3587 3574 3015 3596 3180 3565 3024 3601 3603 340 3126 3607 3604 1178 3293 3422
77 11 150 2 314 95 154 2 6 2000 478 2 4 2000 8 78
3664 3587 3652 3574 3654 3015 3628 3180 3661 3663 3024 340 3669 3126 3639 1178 3422
18 204 25 144 24 204 4 273 10 30 206 2000 4 168 8 2000 72
3587 3574 3654 3015 3180 3702 3663 3024 3697 340 3701 3126 3705 3700 1178 3706 3422 3679
19 28 10 19 454 1 5 55 14 2000 14 78 5 51 2000 1 217 33
3712 3587 3574 3654 3015 3752 3755 3180 3734 3024 3730 3731 340 3126 3700 1178 3422
67 6 43 43 6 2 1 269 40 45 10 13 2000 28 117 2000 84
3712 3024 3782 3654 3574 3180 3790 3798 3793 3700 3734 3767 3800 340 1178 3422
62 10 30 48 48 47 5 4 2 226 224 62 1 2000 2000 2
3712 3810 3811 3814 3782 3820 3818 3831 3180 3830 3826 3827 340 3734 3767 3828 1178
123 18 3 1 89 17 6 6 164 1 4 6 2000 192 123 4 2000
3712 3810 3811 3782 3884 3818 3883 3180 3854 3888 3828 3886 3734 3767 340 1178 3882
38 93 16 162 6 254 1 18 46 1 10 4 175 38 2000 2000 16
3712 3905 3810 3907 3926 3782 3912 3818 3927 3916 3886 3811 340 3854 3734 3767 3929 1178 3901 3893
34 37 77 32 3 43 3 92 1 7 146 22 2000 61 279 34 3 2000 64 6
3968 3905 3810 3942 3818 3886 3997 3986 3994 340 3734 3992 3993 1178 3996 3901 3967
22 6 13 95 12 127 3 5 1 2000 670 1 2 2000 2 90 25
3968 3810 3942 4007 4012 4013 3886 3901 4018 340 4014 3734 1178 4015 3997
38 15 55 12 3 5 260 109 3 2000 22 343 2000 4 38
4064 3810 4035 3942 4007 4078 4071 3886 4079 4082 340 4014 3734 4087 4088 4089 1178 4091 4090
25 12 7 121 52 2 5 383 2 3 2000 43 311 1 1 2 2000 2 1
4130 3942 4007 4137 4106 4109 3886 4079 4144 4145 4146 4147 340 4142 3734 4148 1178
12 44 91 1 16 11 215 35 5 2 1 1 2000 3 30 1 2000
4161 4007 4142 3886 4148 4181 4182 340 1178 4187 4190 4191
19 76 1 233 16 6 6 2000 2000 3 2 3
4227 4229 4198 4007 3886 4242 4243 340 4206 4249 1178 4252 4254 4245
10 7 1 166 176 9 6 2000 26 4 2000 9 1 8
4290 4259 4260 4229 4007 4300 3886 4303 4304 340 4206 4278 1178 4293
8 41 15 16 41 2 205 2 3 2000 51 21 2000 6
4290 4259 4260 4007 4363 4354 3886 4367 340 4278 4324 1178
105 23 40 23 6 20 111 1 2000 38 33 2000
4290 4260 4402 340 1178 4411 4410
8 20 6 2000 2000 1 10
4449 4455 4260 4454 4423 4456 4427 340 4440 1178 4446 4447
1 1 32 1 24 1 127 2000 22 2000 12 19
4480 4427 4485 4487 4490 4491 4494 4498 4499 340 4501 4502 4503 4504 4505 1178 4475 4506
8 92 14 14 22 6 8 13 1 2000 10 2 4 2 1 2000 35 1
4489 4427 4494 4497 4499 340 4500 1178 4475
17 97 1 16 2 2000 1 2000 2
4555 4549 4427 4561 4562 340 1178 4509
3 16 54 2 3 2000 2000 8
