32 34 40 41 44 18 23 26
26 10 18 1 4 1 27 18
64 32 81 74 79 49 82 52 85 86 87 84
13 40 28 19 5 112 6 49 4 2 3 8
32 74 141 142 111 81 52 119
7 62 1 1 26 64 36 61
198 209 201 74 203 173 207 208 81
4 1 1 161 1 58 1 4 18
233 74 239 242 250 251 252 254 255
10 61 5 75 16 3 1 1 2
289 233 301 272 242 297 314 315 316
5 28 11 34 58 20 4 1 1
322 332 334 335 272 337 242 339 342 344 303
11 1 8 30 101 5 47 3 2 1 22
353 389 391 393 303 272 385 242 375 351
28 12 3 3 1 30 8 28 50 88
353 421 424 434 399 433 242 429 351
54 3 3 4 20 3 54 3 83
353 450 459 460 431 433 242 467 469 470 351
31 9 11 2 29 6 31 18 1 2 33
480 545 514 548 549 546 531 467 541 351
98 5 34 2 1 1 1 68 9 221
480 577 514 579 581 582 583 585 587 588 467 351
96 66 16 2 5 3 11 2 1 1 31 79
608 577 641 616 585 628 631 640 351 636 637 639
82 146 2 5 39 12 5 1 292 10 3 4
608 577 706 707 646 705 585 691 631 703 351
149 77 1 2 64 1 19 6 152 2 258
608 577 741 646 585 755 757 631 760 762 351
162 29 81 101 45 35 2 248 5 1 344
608 577 804 646 585 812 815 821 822 631 760 799 766 351
420 100 6 127 14 1 37 3 2 307 4 34 29 369
608 577 834 646 849 850 830 631 856 857 827 799 766 351
786 53 39 62 12 5 23 455 2 1 4 21 37 634
608 577 899 914 926 631 921 799 861 766 351
1129 92 12 22 1 302 2 22 11 16 558
608 577 964 966 969 971 861 974 975 976 937 914 631 954 956 957 351
994 34 11 15 9 8 1 2 1 1 5 3 269 40 2 23 730
608 993 994 577 1000 969 1006 1009 979 1012 1013 1014 631 987 988 351
1170 3 4 1 7 72 5 4 52 1 1 1 186 14 38 747
608 1056 1058 1060 1035 979 1013 631 1049 351
1147 7 6 2 62 58 12 144 13 786
608 1122 1123 1073 1105 1106 1107 631 1049 351 1086 1119
1058 3 2 17 120 5 2 137 15 902 38 14
608 1152 1105 1166 1167 1073 631 1086 351
1105 6 188 2 1 73 117 237 805
608 1219 1073 1225 1226 1227 1201 1105 1203 631 1209 1179 1213 1086 351
931 17 186 8 21 2 27 234 57 310 48 70 9 225 885
608 1219 1253 1073 1266 631 1263 1231 1105 1271 1246 1270 1209 1272 1273 1242 1179 1274 1213 1086 351
910 32 2 90 3 178 6 22 360 5 22 1 112 3 7 77 7 2 9 7 710
608 1335 1315 1073 1297 1289 1303 1324 1295 1105 1333 631 1209 1242 351
1157 1 19 104 43 15 1 7 17 460 14 32 86 63 503
608 1348 1382 1105 1297 1385 1399 1393 1295 1073 1397 1398 1401 1368 1209 1242 351
803 94 27 215 138 23 2 5 60 129 6 2 2 94 54 26 679
608 1440 1443 1348 1073 1446 1105 1385 1447 1445 1295 1424 1297 1368 1209 1242 351
728 5 3 18 18 1 207 77 2 1 139 1 168 18 115 38 285
608 1483 1348 1073 1105 1482 1479 1484 1295 1297 1475 1465 1368 1209 1242 1470 351
755 2 21 21 128 3 1 2 128 249 1 8 21 116 116 13 97
608 1506 1348 1073 1542 1105 1544 1545 1546 1543 1538 1540 1295 1520 1297 1492 1368 1209 1242 1533 351
952 45 5 5 5 121 2 1 2 2 8 2 121 29 169 14 5 164 164 21 5
608 1568 1506 1105 1545 1582 1295 1297 1556 1585 1209 1561 1242 1533
1158 14 9 47 18 7 47 128 32 1 30 142 30 18
608 1601 1602 1297 1610 1611 1295 1105 1561 1597 1598
1284 10 8 161 11 1 30 30 220 3 8
608 1664 1638 1665 1297 1561 1661
1494 2 29 1 33 186 5
608 1666 1705 1706 1719 1676 1297 1715 1718 1687 1561
1581 69 2 28 2 9 5 6 2 80 84
608 1728 1666 1706 1738 1708 1709 1744 1760 1717 1753 1561 1755 1757 1758 1759
1453 56 18 9 30 29 18 5 3 3 1 282 1 11 4 2
1728 608 1795 1831 1706 1708 1838 1839 1811 1781 1561
55 1466 21 14 21 240 2 1 8 53 425
608 1728 1795 1892 1888 1708 1901 1903 1873 1561 1882 1854
1179 265 24 22 21 129 1 1 42 744 53 34
608 1728 1954 1955 1956 1925 1958 1932 1708 1907 1561 1882 1947 1948 1946 1950
1143 384 3 1 1 60 2 12 73 109 833 25 9 15 3 6
608 1728 1925 1994 1708 1970 1971 2004 2005 2006 1976 1561 1907
951 379 69 37 17 24 67 2 4 3 79 1049 173
1728 608 2050 2048 1994 1708 2029 1971 2036 2041 1976 1561 1907
777 741 2 4 203 99 2 42 44 7 14 1259 82
608 1728 2089 1994 1708 2093 1907 2036 2101 2102 2071 1561 2090 2078 2100
870 669 2 298 112 1 31 46 2 2 33 1130 2 3 1
608 1728 2151 1994 1708 2160 2161 2162 2101 2137 2071 1561 2078 2143
797 503 6 461 134 1 3 4 31 5 37 1203 7 45
1728 608 2185 1994 1708 2194 2196 2101 2198 2201 1561
488 771 69 536 124 2 9 4 8 1 1229
608 1728 2247 2248 2217 1994 1708 1561 2250
682 457 6 4 18 639 130 1318 5
608 1728 1994 1708 1561 2298 2300 2302 2303
466 420 752 45 1534 8 5 2 1
608 1728 2344 2313 1994 2347 2354 2358 2360 1561 2300
721 302 4 79 539 4 17 2 1 1279 38
1728 608 2371 2369 2313 1994 1561 2366
540 717 1 1 35 343 1283 83
608 1728 2402 2406 2407 2408 1994 2387 2398 1561 2396 2366
953 203 4 4 1 1 586 5 2 1047 17 197
608 1728 2466 2469 2470 2472 2473 1994 2475 1561 2459 2366
1030 368 4 14 4 10 9 508 5 970 25 113
608 1728 2521 2499 2524 1994 2512 2481 2515 2523 2517 2505 2520 1561 2459 2492 2525 2366
915 428 2 28 2 622 39 167 7 3 1 6 3 1085 83 33 1 83
608 1728 2566 2561 2568 1994 2571 2574 2575 2512 2481 2521 1561 2459 2492 2570 2366
1012 545 53 52 2 387 7 3 3 118 136 33 988 9 60 4 9
1728 608 2626 2627 2566 2561 1994 2604 2512 2580 2625 1561 2620 2621
624 1350 2 1 36 243 26 15 243 14 2 650 5 20
608 1728 2658 2662 2566 2561 2664 1994 2695 2512 2674 2580 1561 2682
1278 714 64 40 68 300 1 8 1 300 20 69 722 2
608 1728 2658 2724 2566 2662 2561 2728 2727 2732 2733 2734 2512 2674 2580 2689 1561 2715 2717 2725
1120 880 124 30 19 75 280 13 4 4 7 6 280 19 7 112 880 14 33 19
2561 2689 1561 2717 2724 2727 2728 2734 2737 1728 2764 2512 2779 608 2658 2662 2790 2793 2796 2798 2800 2801
383 151 778 30 17 21 54 2 1 778 3 383 26 1222 151 74 20 1 4 4 3 3
608 1728 2658 2662 2561 2728 2825 2826 2827 2734 2512 2838 2689 1561 2779 2717 2832
1455 545 69 32 540 16 33 1 1 43 540 1 69 545 38 26 14
1728 2880 2658 2875 2884 2885 2561 2825 2857 2512 2883 2870 2881 2689 1561 2874 2779 2717 608
686 12 37 12 2 2 536 9 17 536 1 6 25 37 686 10 65 51 1314
1728 608 2561 2920 2922 2923 2512 2919 2903 2904 1561 2779 2717
888 1112 692 2 2 2 692 10 24 18 888 78 32
1728 608 2951 2949 2561 2919 2957 2512 2963 2964 2904 1561 2779 2717
1115 885 9 3 136 43 19 136 2 1 258 1115 315 25
1728 608 3019 2561 2919 3020 3021 2512 2994 2998 2904 1561 2779 3005
1032 968 7 196 56 5 1 196 36 7 200 1032 394 20
1728 608 3051 3030 2561 3049 2919 3054 2512 2994 2998 2904 1561 2779 3039
988 1012 3 6 112 3 39 2 112 48 38 144 988 781 17
1728 608 3094 2561 3081 3090 2512 2994 3093 2998 2904 1561 2779
1193 807 2 146 23 23 146 40 11 45 93 1193 1100
608 1728 3142 2561 3145 3143 2512 3126 2904 1561 2779 3135
434 1566 6 131 1 3 131 24 110 1566 1456 6
608 1728 3169 3174 2561 3177 2512 3192 3188 3190 3191 2904 1561 2779 3197 3198 3199
466 1534 14 40 58 18 58 4 6 1 1 85 1534 1449 1 1 1
1728 608 3235 2561 3177 3243 3247 2512 3250 3251 3241 2904 1561 2779
1778 222 17 30 42 1 12 30 1 5 8 63 1778 1715
1728 3297 3298 3235 3302 2561 3241 3276 3277 2512 3313 3314 3294 1561 2779 3293 608
1902 3 7 48 4 44 30 19 30 44 1 1 28 1902 1902 9 98
1728 608 3235 3364 3366 3367 3368 3241 3370 3372 3277 3369 1561 2779
1709 291 180 2 9 3 1 50 5 1 50 3 1709 1709
1728 3424 3235 3387 3425 3406 3375 3413 3415 1561 2779 3421 608 3423
1755 6 305 60 1 5 44 7 14 1755 1755 6 245 1
1728 608 3458 3235 3460 3461 3462 3463 3459 1561 3450 2779
1949 51 49 266 3 3 1 2 2 1949 72 1949
1728 3458 3235 3460 3471 3477 1561 3450 2779
2000 10 280 3 15 6 2000 72 2000
1728 3488 3235 3496 3502 3471 3508 3509 3513 1561 3450 2779 3484 3514
2000 35 402 28 14 53 3 11 2 2000 214 2000 69 1
1728 3521 3235 3496 3529 3502 3471 3542 3545 3544 1561 3450 2779 3514 3547
2000 30 345 17 17 172 36 10 2 2 2000 131 2000 5 2
1728 3521 3235 3591 3592 3593 3562 3502 3587 1561 3450 2779 3578 3579
2000 40 401 1 4 3 6 47 3 2000 185 2000 1 5
1728 3521 3235 3617 3502 3642 3640 1561 3450 2779 3645 3646
2000 45 478 7 3 7 15 2000 138 2000 2 4
1728 3521 3235 3692 3695 3704 3701 3640 1561 3450 2779 3708 3710 3669
2000 7 370 7 2 7 5 20 2000 49 2000 20 3 3
1728 3235 3751 3754 3756 3757 3758 3737 1561 3450 2779 3708
2000 161 21 9 1 3 1 73 2000 9 2000 76
1728 3235 3812 3787 3737 3817 3754 3819 3796 3801 3769 3804 1561 3450 2779 3708 3818 3774 3807
2000 210 5 23 54 2 28 3 9 11 116 6 2000 78 2000 12 6 3 5
1728 3235 3876 3879 3867 3754 3884 3853 3875 3769 1561 2779 3870
2000 624 3 3 20 131 4 4 6 47 2000 2000 3
1728 3235 3909 3921 3754 3931 3889 3922 3894 3927 1561 3930 2779 3932 3901
2000 337 13 14 121 1 57 1 61 3 2000 1 2000 2 17
1728 3968 3970 3235 3973 3754 3961 3889 3971 3958 3894 3959 3960 1561 2779 3964
2000 10 1 642 3 139 6 106 3 2 157 32 10 2000 2000 10
1728 3235 4022 3754 4012 3982 4024 3889 4003 3894 3959 3992 1561 2779
2000 560 4 145 4 89 1 117 18 70 177 59 2000 2000
1728 3235 4037 4070 4072 4073 3754 4077 3982 4079 3889 4078 3894 3959 3992 1561 2779 4060 4042
2000 759 1 1 1 7 8 6 68 1 49 2 112 254 22 2000 2000 7 14
1728 4129 3235 4086 3889 3982 4145 4146 4089 4121 4142 3894 3959 1561 2779 4124
2000 1 1051 62 8 23 3 3 40 10 10 91 478 2000 2000 45
1728 4193 4194 3235 4164 4086 4188 3959 4173 4180 3894 4089 1561 4183 2779 4124 4186 4191
2000 3 1 1225 133 97 7 327 104 2 155 211 2000 18 2000 76 1 18
1728 4193 4226 3235 4164 3894 4173 4238 4205 4240 4241 4242 4089 4086 3959 1561 2779 4124 4214 4191
2000 25 8 1046 300 137 227 2 19 3 1 3 123 159 618 2000 2000 287 20 22
1728 4257 3235 4164 3894 4262 4264 4173 4302 4301 4307 4089 4086 3959 1561 4282 2779 4124 4191
2000 4 1222 225 53 16 7 112 3 1 2 395 68 270 2000 47 2000 453 42
4288 1561 4124 3235 4264 3894 1728 4164 4173 2779 4316 4318 4319 4320 4321 4322 4323 4324 4325 4086 3959 4089
14 2000 437 1141 82 119 2000 156 33 2000 1 4 1 3 2 1 1 3 2 82 156 317
1728 3235 4164 3894 4264 3959 4355 4337 4339 4340 4086 4089 1561 2779 4124 4357
2000 1326 87 136 92 87 5 38 48 1 92 512 2000 2000 288 2
1728 3235 4164 4407 4399 4401 4089 3894 3959 1561 2779 4124 4409
2000 1547 121 1 37 51 747 53 121 2000 2000 589 5
1728 4417 4418 3235 4164 4412 4419 3959 4399 4416 4401 4403 4089 1561 2779 4124 4409 4415
2000 1 1 1345 27 22 3 27 119 1 27 4 695 2000 2000 422 11 1
1728 4417 4418 3235 4412 4399 4419 4089 1561 2779 4124 4413 4415
2000 2 1 1356 74 379 2 939 2000 2000 222 4 1
1728 3235 4454 4412 4427 4399 4468 4471 4470 4089 4472 1561 2779 4124 4457
2000 1073 10 121 21 109 4 4 10 622 1 2000 2000 191 3
1728 4472 3235 4505 4124 4471 4492 4399 4497 4499 4089 4504 1561 4508 2779 4412 4509 4510
2000 16 975 1 88 135 78 148 4 2 642 3 2000 3 2000 61 2 2
1728 4512 4546 3235 4549 4545 4552 4553 4492 4399 4547 4532 4533 4089 1561 2779 4412 4541
2000 35 13 1104 3 21 1 3 282 163 10 27 11 1055 2000 2000 180 22
1728 4512 3235 4492 4590 4399 4593 4089 1561 2779 4412 4541
2000 76 1153 178 23 287 2 1077 2000 2000 240 41
1728 4512 3235 4644 4645 4646 4649 4492 4653 4654 4399 4626 4627 4629 4089 4640 1561 2779 4412 4541
2000 101 843 5 13 1 2 43 4 1 81 7 6 23 742 6 2000 2000 46 295
1728 4512 3235 4695 4492 4399 4702 4669 4089 1561 4698 2779 4412 4541 4701 4703
2000 53 625 10 34 29 3 9 572 2000 1 2000 119 402 2 1
1728 3235 4723 4742 4743 4744 4492 4746 4747 4748 4745 4718 4399 4721 4740 4739 4089 1561 2779 4412 4541
2000 278 7 6 4 6 34 1 2 6 4 11 116 1 5 17 278 2000 2000 159 520
1728 4768 4802 3235 4797 4753 4788 4089 1561 4399 2779 4412 4541 4799
2000 16 17 98 11 182 74 98 2000 3 2000 262 906 3
