35 37 39 41 43 44 47
9 5 4 2 1 1 2
35 100 101 72 77 58
75 12 8 45 14 21
35 133 142 144 146 147 148 58 125
67 28 8 7 9 7 3 75 17
193 164 169 175 180 184 153 58 188
1 2 7 16 10 13 32 118 1
224 225 230 231 200 202 236 175 245 246 215 184 153 58 188 222
8 16 8 10 5 9 4 56 4 6 11 19 15 94 3 11
256 225 290 293 294 295 288 175 153 58
221 24 5 2 5 1 1 32 21 168
256 330 332 335 58 175
301 21 13 2 73 165
256 352 354 363 364 365 366 175 346
445 2 12 6 1 16 3 36 11
256 387 389 425 365 432 401 402 438 410 413
539 13 67 15 1 1 10 13 7 50 22
256 389 454 490 459 413 496 497 402 410 442
149 39 11 16 32 8 6 1 11 44 109
256 389 525 541 442 413 410
13 19 37 1 61 27 50
256 580 581 582 583 584 442 571
113 12 8 5 1 1 200 2
256 642 648 649 622 637 597 630 442 634
235 1 2 2 9 8 2 8 237 18
256 706 707 676 710 712 713 684 701 442 634
467 8 9 14 4 5 7 65 17 125 41
256 737 746 684 752 753 756 726 442 732
505 18 8 18 1 5 1 16 38 1
256 737 801 791 726 759 442 800 798 799
411 65 3 41 122 16 123 2 4 4
256 737 841 848 849 851 852 726 791 442
429 162 7 5 9 1 3 110 89 102
256 737 879 880 881 883 884 726 791 442
328 167 3 2 2 7 1 135 51 124
256 737 901 904 906 907 908 880 442
420 239 63 2 1 1 1 37 93
256 737 901 935 954 880 948 920 442 956 957 926
596 286 58 8 3 46 10 10 29 3 4 32
256 961 962 960 901 737 935 944 951 952 954
660 3 3 8 252 48 9 3 16 12 2
256 737 992 996 997 1003 1004 975 1011 1017 986 1019 1020 1018 901
933 8 3 7 32 5 20 11 7 1 58 1 1 2 213
256 992 1059 997 1072 1034 1069 1040 986 1066 901
1122 43 2 219 1 8 15 70 16 8 210
256 997 1102 1040 1111 1080 1119 901
1298 334 13 13 13 33 1 224
256 1152 1122 1124 901 1132 1080 997
1181 16 12 4 524 30 4 210
256 1152 1122 1155 997 1189 1132 1201 1173 1206 1207 1208 901
1165 40 31 45 421 10 107 15 47 8 1 3 384
256 1152 1269 997 1132 1279 1263 1233 1266 1277 1268 1173 1271 1272 1275 1276 1245 1278 901
1197 54 4 430 284 2 10 15 3 1 1 7 17 2 4 4 55 2 258
256 1152 1316 997 1132 1233 1245 901
1056 210 11 190 163 3 37 469
256 1152 901 1377 1353 1132 1357 1358 1376 1375 1365 1368 1371 1374 997
841 29 605 2 27 7 9 5 1 2 16 6 11 1 167
256 1152 1411 1412 997 1382 1415 1413 1353 1418 1388 1391 1365 1402 1404 901
761 77 5 3 270 12 2 3 73 3 24 2 39 23 2 537
256 1152 997 1353 1450 1451 1454 1456 1470 1365 1462 1463 1464 1465 1402 1468 1438 901
517 122 243 70 5 12 7 1 1 69 2 1 5 1 20 1 25 857
256 1152 997 1353 1454 1458 1472 1461 1466 1471 1469 1438 901
511 201 70 55 42 25 1 4 3 5 3 33 962
256 1152 1515 901 1353 1483 1517 1454 1488 1438 997
409 28 3 1155 14 85 2 4 85 59 60
256 1152 1538 1572 901 1569 1545 1547 1551 1523 1566 1558 1568 1560 1438 1567
692 178 16 1 1155 2 61 35 6 34 4 16 6 4 46 13
256 1152 901 1606 1576 1545 1578 1611 1613 1582 1615 1616 1608 1598
637 236 987 3 75 13 16 5 4 38 4 1 23 30
256 1152 901 1576 1640 1578 1582 1648 1608 1620 1654 1655 1658 1660 1661 1637
770 76 884 141 17 178 111 18 49 34 1 1 4 1 1 25
256 1152 901 1713 1576 1706 1707 1582 1693 1608 1714 1715 1620 1685 1692 1578 1637
1086 105 515 1 45 13 6 240 4 19 1 1 114 54 12 110 35
256 1152 1732 901 1735 1576 1737 1578 1582 1620 1692
862 219 8 480 2 65 2 132 426 167 55
256 1152 1796 901 1798 1735 1576 1769 1578 1582 1777 1620 1793 1789 1791
677 122 8 770 1 22 38 5 198 395 88 120 2 6 3
256 1152 901 1831 1576 1578 1582 1777 1842 1843 1620 1838 1846 1816 1844 1820
747 18 849 4 2 284 279 281 4 4 123 24 4 61 5 11
256 1152 1890 1870 901 1864 1897 1578 1898 1582 1777 1620 1838 1820 1853
810 57 1 69 741 48 6 355 3 348 418 101 115 83 9
256 1152 1838 901 1864 1578 1582 1872 1777 1620 1870 1820
906 217 69 603 69 265 384 1 523 107 98 23
256 1152 901 1926 1578 1582 1777 1620 1870 1882 1919 1820 1930 1893
861 138 483 7 235 153 626 503 109 155 2 24 1 41
256 1152 901 1928 1946 1947 1820 1958 1578 1582 1975 1976 1978 1980 1981 1982 1983 1870 1620 1882 1893 1777
846 309 867 15 30 11 274 2 319 98 1 3 2 5 4 1 1 303 189 82 126 499
256 1152 901 1990 1992 2025 1578 2027 2028 2029 1870 2030 1777 1620 1582 2009 1882 1947 1820 2026 1893
1059 349 752 62 26 5 378 2 1 3 177 1 710 123 66 3 123 52 378 13 180
256 1152 2082 901 1990 2080 1992 1578 2081 1870 1777 2067 1620 2069 2009 1882 2079 1820 1893
1160 347 3 779 162 4 284 333 1 163 813 2 61 3 6 61 29 333 34
256 1152 901 1990 2097 1992 2108 1578 1870 1777 2099 2103 2107 1820 2109 2079
1183 465 817 335 16 251 1 183 346 718 5 2 1 183 2 40
256 1152 901 1990 2161 1992 2153 2154 2156 1870 2159 2160 1777 2158 1820 1578 2079
1056 527 944 145 3 109 24 43 3 529 2 4 529 6 25 25 104
256 1152 2210 2211 901 1990 2215 1992 2213 1578 1870 1777 2163 2214 2198 2218 2216 1820 2154 2206 2079
1292 908 4 4 708 384 4 129 1 47 343 384 73 1 30 2 1 47 117 22 162
256 1152 2275 901 1990 2273 1992 2154 2272 1870 2248 1777 2163 2263 2265 2267 1820 1578 2270 2079
1198 751 3 802 405 1 145 281 5 475 10 447 127 3 13 1 35 35 1 24
256 1152 2308 901 1990 2305 1992 2154 2317 1870 2319 2320 1777 2163 2318 2314
987 689 8 1013 325 4 56 364 3 778 1 2 298 378 1 4
256 1152 901 1990 2154 2349 1870 1777 2163 2318 2360 2364 2341
917 716 1083 567 149 67 801 201 552 109 1 25 12
256 1152 2403 2404 901 1990 2154 1870 2397 1777 2163 2382 2396 2365 2398 2405
1332 1277 5 1 668 983 294 554 5 55 492 47 12 79 2 2
256 1152 901 1990 2417 2154 2411 1870 1777 2163 2382 2421 2425 2427 2428 2365
1382 1345 618 1057 9 288 32 522 37 280 12 4 4 3 5 223
256 1152 2498 2499 2500 901 1990 2154 2411 1870 2417 2163 2421 2454 2490 2492 2365 2494
1394 1394 7 2 1 606 1196 198 74 523 21 490 8 10 10 1 341 7
256 1152 901 1990 2561 2534 2154 2411 1870 2545 2163 2549 2454 2490 2365
1227 1227 773 1202 3 6 25 17 648 5 639 3 9 213 195
256 1152 901 1990 2600 1870 2621 2163 2612 2616 2490 2619 2620 2365 2623
1396 1396 604 1396 18 595 2 595 3 4 276 4 3 61 1
256 1152 2691 2692 901 1990 1870 2671 2688 2163 2490 2684 2365
1239 1239 2 3 761 1239 761 15 3 761 183 3 229
256 1152 2723 901 1990 2726 1870 2671 2163 2490 2365
1430 1430 10 570 1430 1 570 73 570 139 376
256 1152 2754 2756 901 1990 1870 2163 2740 2742 2490 2365 2757
1480 1480 11 12 520 1480 520 520 36 33 80 49 3
256 1152 2754 901 1990 2791 2792 2793 1870 2365 2758 2163 2740 2742 2490 2781 2789
1445 1445 11 555 1445 2 2 4 555 30 17 555 2 127 5 17 1
256 1152 2754 2820 901 1990 2825 2794 1870 2758 2833 2834 2163 2798 2742 2814
1667 1667 44 2 333 1667 20 10 333 1 5 1 333 42 21 6
256 1152 2862 901 1990 2857 1870 2163 2798 2870 2825 2873 2874 2878 2869
1502 1502 34 498 1502 25 498 498 66 7 27 4 3 1 21
256 1152 2915 2916 901 1990 2825 2890 2918 2798 2898 2163 2900 1870 2901 2917 2905 2909 2869
1540 1540 7 3 460 1540 33 99 1 81 39 460 46 460 2 2 49 12 101
256 1152 901 1990 2798 2825 2955 2957 1870 2928 2929 2962 2163 2964 2869 2967 2905 2969
1022 1022 978 1022 16 60 2 1 978 110 17 17 978 27 163 4 163 2
256 1152 901 2825 2964 2971 2983 2987 2993 2995 2869 2998 2999 3000 3004 3005 2997 1990 1870 2905 2798 2928 2929 2163
1305 1305 695 69 63 23 101 10 6 3 125 3 1 2 5 1 6 1305 695 125 51 101 3 695
256 1152 3044 901 1990 2983 3048 2825 1870 2928 3058 2163 2964 2869 2905 3004 3059
1510 1510 15 490 1510 130 21 47 490 130 4 490 394 11 11 51 8
256 1152 901 1990 3111 3112 3082 3110 1870 2928 3090 2163 2964 2983 3063 3099 3004 3071
1616 1616 384 1616 16 4 68 18 384 13 76 384 403 13 19 6 38 50
256 1152 901 1990 2983 3082 3111 1870 2928 3154 2163 2964 3150 3158 3063 3160 3004 3146 3071
1663 1663 337 1663 176 24 14 337 176 5 337 441 14 2 24 1 44 9 30
256 1152 3202 3171 901 1990 2983 1870 2928 3154 2163 2964 3189 3193 3004 3197 3198 3199
1696 1696 1 19 304 1696 124 304 124 86 304 536 8 24 41 4 7 3
256 1152 3252 901 1990 2983 3248 3244 3245 1870 2928 3154 2163 2964 3254 3220 3251 3004 3235
1660 1660 2 340 1660 42 14 1 6 340 42 349 340 461 2 15 5 4 11
256 1152 901 1990 2983 3302 3307 3308 1870 2928 3154 2163 2964 3305 3220 3251 3294 3295
1618 1618 382 1618 147 6 1 2 382 147 767 382 831 2 43 255 18 10
256 1152 3348 3331 3332 901 1990 2983 3336 1870 2928 3154 2163 2964 3351 3220 3251 3327
1483 1483 3 12 3 517 1483 104 5 517 104 674 517 694 8 13 159 9
256 1152 2163 901 1990 3367 3370 2983 3373 1870 2928 3154 3251 2964 3351 3371
1339 1339 661 661 1339 17 3 125 2 661 125 744 158 785 40 3
256 1152 901 1990 2983 3373 1870 3407 2928 3154 2163 2964 3405 3351 3408 3251
1494 1494 506 1494 181 131 506 1 181 963 506 974 2 90 1 229
256 1152 2163 901 1990 2983 3432 3443 3373 1870 3453 2928 3457 3154 3251 2964 3351 3448 3449 3418 3450
1561 1561 439 439 1561 202 5 2 317 439 4 202 3 820 372 868 29 1 5 8 5
256 1152 901 1990 2983 3463 3373 1870 3469 2928 3154 2163 2964 3481 3485 3476 3418 3484 3251 3486 3487
1321 1321 679 1321 422 21 359 679 40 422 494 679 494 4 2 3 123 13 390 1 1
256 1152 901 2964 3489 3494 2983 3496 3373 3503 3251 3520 1990 3529 1870 3154 3542 3418 3547 3548 3550 3558 3559 2928 2163
859 859 1141 362 27 36 624 23 16 54 23 30 859 33 1141 362 33 120 1 25 6 4 1 624 1141
256 1152 3494 901 1990 2983 3529 3530 3538 1870 3503 2928 3489 3154 2163 2964 3534 3544 3540 3418 3547
1121 1121 31 879 1121 307 128 14 31 879 5 307 4 629 879 629 19 3 7 133 2
256 1152 901 1990 2983 2928 3529 3597 1870 3599 3603 3601 3154 2163 2964 3573 3544 3604 3418 3579 3605
1292 1292 708 1292 28 28 10 2 708 6 4 7 468 708 468 15 46 1 260 42 1
256 1152 3642 901 1990 3617 3529 1870 3154 2163 2964 3639 3544 3418 3625 3621
1449 1449 2 551 1449 13 8 551 336 551 336 23 258 343 19 28
256 1152 901 1990 3625 3621 1870 3663 3664 3154 2163 2964 3662 3544 3418 3645 3647
1258 1258 742 1258 28 3 742 2 1 87 742 87 1 214 57 25 15
256 1152 3684 901 1990 3694 3709 2163 1870 3544 3705 3418 3707 3708 3645 3647
1265 1265 20 735 1265 24 2 735 735 186 2 113 6 3 20 53
256 1152 901 1990 3745 3725 1870 3750 3761 3762 2163 3758 3544 3418 3776 3773 3742 3775
1239 1239 761 1239 13 99 761 10 7 4 761 1 200 107 1 4 10 1
256 1152 3779 3812 901 1990 3815 3822 3787 3725 1870 3814 2163 3819 3544 3418
1181 1181 96 6 819 1181 9 1 14 84 819 1 819 3 93 194
256 1152 3779 3853 901 1990 3849 3725 1870 3821 3856 3826 2163 3828 3854 3544 3418 3839
1063 1063 203 2 937 1063 5 71 937 6 4 16 937 36 1 91 382 34
256 1152 3906 3779 901 1990 3905 3916 3725 1870 3821 3826 2163 3828 3544 3418
1260 1260 2 172 740 1260 17 1 45 740 31 7 740 50 38 714
256 1152 3779 901 1990 3905 3916 3821 1870 3919 2163 3828 3544 3418
1066 1066 530 934 1066 145 4 145 934 3 934 63 4 683
256 1152 3779 901 1990 3905 3947 3821 1870 3952 2163 3828 3974 3973 3418 3966 3941
925 925 365 1075 925 172 16 172 1075 23 1075 30 1 8 670 2 24
256 1152 4034 3779 4036 901 1990 3975 4013 1870 3821 4035 2163 4023 4038 3418 3995 3987 4026 3905 3973
676 676 21 238 2 1324 676 42 3 1324 86 8 1324 6 3 535 47 26 5 86 33
256 1152 4034 3779 901 1990 3905 4092 3821 1870 4082 2163 4085 4088 3418 4091 3987 4093 3973
840 840 29 266 1160 840 29 5 29 1160 8 1160 5 1 738 2 3 2 31
256 1152 901 4104 4105 3973 4128 4132 4140 4141 4145 4147 4148 4149 3905 4034 3779 1990 1870 3418 3821 2163
1063 1063 937 6 48 229 6 1 1 1 6 1 2 1 5 21 21 1063 937 1061 5 937
256 1152 4162 4161 901 1990 3905 4105 4109 1870 3821 4144 4145 4146 2163 4110 4121 3418 4122 4157 3973
1157 1157 4 4 843 1157 48 21 38 843 48 2 1 6 843 38 10 1157 9 9 69
256 1152 4179 901 1990 4193 4200 4105 4199 1870 4192 2163 3418 4198 4197
1384 1384 20 616 1384 4 1 2 1 616 3 616 1384 2 10
256 1152 2163 1990 4262 4265 4266 1870 4241 4179 3418 4251 4197 901
1545 1545 455 1545 4 4 2 455 21 98 1545 6 11 455
256 1152 4179 4291 901 1990 4297 4301 1870 2163 3418 4315 4314
1451 1451 10 34 549 1451 7 1 549 549 1451 7 2
256 1152 4354 4355 4356 901 1990 4339 4353 4333 1870 2163 3418 4351
1219 1219 4 2 1 781 1219 40 2 65 781 781 1219 4
256 1152 4390 901 1990 4385 4396 4333 1870 4400 4402 2163 4406 3418
1215 1215 5 785 1215 29 60 50 785 16 5 785 1 1215
256 1152 4422 901 1990 4424 4425 4435 4333 1870 4400 4433 4434 2163 3418
1581 1581 72 419 1581 4 7 1 52 419 32 4 1 419 1581
