0 35 37 42 44 46 47 18 51 52 14
24 8 4 28 3 7 7 48 1 1 58
42 114 14 18 121 119 120 89 122 124
4 8 127 107 6 1 7 45 6 1
171 185 151 172 14 176 177 18 179 180 174 183 184 89 186 125 158
28 1 4 3 185 2 1 166 3 1 13 1 1 86 1 46 25
210 14 208 209 18 179 89 186 189
2 262 1 5 112 104 10 88 11
229 243 14 18 179 248 218 186 251 252 253
63 11 317 167 64 27 1 74 11 4 3
258 229 268 269 14 272 273 274 243 248 179 255
7 202 20 29 392 4 3 2 107 47 69 26
320 258 323 229 243 330 290 14 335 336 337 338 179 308 334 333 248 314 316 285
15 108 3 163 51 5 51 218 3 1 1 2 65 6 9 4 21 11 20 32
258 387 388 229 390 393 364 290 14 335 179 389
149 3 31 77 4 1 25 71 179 16 46 4
258 388 421 393 426 427 364 290 14 408 229
280 59 30 7 2 5 77 6 168 10 6
448 258 422 364 450 14 433 437 438
2 235 8 43 4 101 8 1 5
258 422 486 489 490 492 14 506 507 508
126 18 24 21 5 8 242 5 3 1
544 545 258 516 489 490 523 492 525 14 528 529 546 534 521 548
4 4 170 7 18 106 22 8 4 286 10 22 4 14 27 1
577 258 598 490 14 591 593 594 596 534 599 568 575 603 604 605 606 607
15 6 11 18 192 14 5 5 4 47 3 3 9 4 1 3 1 1
643 490 14 534 632 638
8 58 147 16 15 12
675 647 680 681 682 685 654 696 692 14 694 632 697 698 667 669 638
2 3 2 18 3 3 6 2 6 78 2 34 1 1 13 9 6
750 741 742 745 748 14 725 726 729
1 3 1 4 1 6 39 91 9
801 805 806 807 808 729 779 787 726 791 793 796
4 2 2 3 3 24 8 2 251 21 34 11
801 726 839 843 844 817 822 793 796
49 191 35 2 1 13 79 49 116
801 726 897 843 850 884 917 822 919 920 921 894
128 132 10 5 19 32 3 180 10 1 1 29
962 726 966 967 943 822 894
11 87 2 1 49 193 92
993 1002 1005 943 1009 1012 990 822 1017 1019 1020 1021 894 1013
13 17 5 137 2 7 31 157 3 3 1 4 37 6
993 1029 1030 1002 943 894 822 1048 1052 1034 990
91 73 65 180 220 77 51 2 2 6 77
1152 993 1150 1030 1153 1129 1002 1149 943 1034 1139 894 822 1144 1130 990
1 168 1 5 1 8 155 4 155 70 1 5 129 12 59 5
993 1190 1217 1034 1195 1197 943 1213 1207 822 1194 1209 1211 1002 1215
148 25 1 34 22 6 51 7 1 126 98 6 4 51 3
993 1221 1190 1194 822 1245
488 5 55 75 55 1
993 1250 1252 1253 1190 1249 1194 822 1240 1246 1247
207 6 3 2 101 12 129 101 7 2 14
993 1286 1315 822 1190 1249 1320 1321 1194 1281 1314 1318 1299 1270 1271 1274 1322 1297 1317
467 7 4 85 85 18 5 1 5 21 5 3 12 18 43 18 3 2 1
993 1347 1348 1366 1190 1281 1322 1356 1325 1358 1364 1365 822 1367
357 14 1 2 110 18 15 11 185 5 1 2 110 1
993 1347 1190 1384 1325 1421 1424 1425 1426 822 1402
292 91 46 56 204 10 2 10 1 46 72
993 1347 1476 1478 1446 1473 1325 1457 1475 1432 1402 1470
89 10 1 1 21 1 273 3 4 18 2 8
993 1516 1325 1520 1470 1532 1533 1534
1 10 252 7 60 14 4 2
1571 1579 1325 1582 1583 1585 1587 1588 1590 1592 1593 1563 1565 1470
58 21 154 18 6 14 7 1 4 1 2 26 9 113
1627 1571 1637 1325 1618 1563 1596 1470
14 120 3 57 21 22 7 278
1649 1650 1325 1470
36 4 16 259
1677 1710 1325 1714 1684 1719 1721 1722 1470
30 7 120 1 1 3 2 2 351
1677 1741 1325 1778 1783 1785 1786 1788 1789 1470
46 39 39 1 13 3 3 1 1 451
1825 1741 1803 1325 1677 1809 1822 1815 1818 1819 1821 1470 1823
2 22 25 31 63 25 4 4 3 6 7 478 1
1888 1858 1883 1862 1831 1832 1834 1803 1741 1325 1844 1877 1851 1884 1885 1470 1887
3 66 3 6 3 59 11 150 142 16 6 1 33 6 1 657 3
1952 1858 1947 1956 1957 1898 1803 1741 1935 1851 1916 1890 1470
5 233 15 1 3 85 164 207 16 51 59 1 583
1953 1858 1979 1803 1741 1935 1968 1969 1982 1978 1851 1916 1981 1470
25 133 3 506 178 8 1 27 1 2 2 39 4 1045
2017 1858 2026 1803 1741 2030 2029 1969 2004 1916 1470
7 83 4 392 282 2 2 24 13 220 1096
2058 1803 1741 1969 2068 1916 2045 1470
2 341 477 45 3 182 4 891
2113 2115 2116 2117 2118 2119 2120 1803 1741 1969 2068 1470 1916 2078 2111
1 2 13 3 4 3 2 666 367 124 54 1033 116 180 3
2177 2179 1803 1741 1969 2162 2068 1470 2138 1916 2078 2175
2 3 537 373 47 5 92 910 14 160 281 10
2241 2242 2243 2245 2246 2225 1803 1741 1969 2228 1470 2068 2138 2175 1916 2078 2239
6 4 7 1 1 10 502 728 25 16 1230 21 39 22 645 65 23
2273 2243 2276 2280 2282 1803 1741 2288 2068 2078 2283 2260 1916 1470
5 108 2 9 3 345 529 1 15 18 1 60 488 874
2243 2341 2332 1803 2348 1741 2351 2355 2260 2078 2326 2296 2356 1916 1470
44 2 77 216 24 481 1 1 108 80 10 26 3 481 697
2332 1803 2348 1741 2385 2398 1470 2390 2391 2395 1916 2078 2367
84 81 188 553 17 10 634 12 3 4 553 159 14
2434 2436 2332 1803 2348 1741 2450 2452 1470 2390 2460 2459 1916 2078
27 31 28 128 346 554 2 10 682 9 1 3 554 105
2497 2436 2501 2504 2332 2476 1803 2348 1741 2452 2078 2491 1916 1470
5 19 7 1 18 37 20 556 492 55 114 28 492 512
2436 2536 2332 1803 2348 1741 2546 2452 2548 2521 1916 2540 1470
2 20 79 88 465 451 4 31 1 31 451 33 539
1916 2452 1803 2348 1741 2608 2615 2612 2590 2614 2583 2616 2521 2332 1470 2613
339 31 115 294 339 4 1 6 55 4 10 1 23 241 454 8
2627 1916 1803 2348 1741 2644 2641 2643 2452 2590 2646 2647 2521 2332 1470 2645
5 259 28 142 259 3 23 74 40 58 1 2 26 400 287 6
2675 2694 2663 1916 2348 1741 2704 2641 2643 2452 2590 2708 2332 2685 1470
28 11 45 302 126 302 14 126 39 260 53 5 578 4 302
2782 2785 2787 2756 2789 2790 2663 1916 2791 2768 1741 2765 2704 2643 2452 2590 2713 2332 2784 1470
10 2 1 36 7 2 109 278 1 10 278 9 11 148 195 11 77 995 1 278
2819 2756 2822 2663 2824 2332 2828 1741 2829 2802 2643 2452 2590 2836 2713 2835 2820 2834 1916 1470 2815
11 38 2 11 2 1002 10 147 1 17 379 70 21 1 154 1 11 5 147 147 32
2848 2819 2756 2885 2887 2888 2332 2855 1741 2861 2643 2452 2878 2820 2873 2713 1916 1470 2815
126 2 53 2 6 1 1475 26 69 5 186 44 6 2 44 38 69 69 39
2848 2945 2915 2756 1916 1741 2889 2933 2820 2643 2936 2942 2902 2903 2819 2713 2948 2939 2332 1470 2815
135 15 71 382 382 382 26 1 58 183 1 5 178 69 58 58 3 8 1310 382 96
2819 2820 2713 2332 2848 2983 2990 2998 3002 3005 1470 3008 2756 3013 3014 2889 1741 2643 2902 2903 2915 2939 1916 2815
14 14 48 1348 53 10 18 11 10 13 270 3 270 3 1 1 270 334 76 104 371 110 270 71
2915 2756 3045 3046 3025 3048 2332 3053 3052 1741 3023 3057 2643 2815 2902 2903 2939 1916 3005 1470 3039
559 314 18 8 22 6 1073 1 4 314 16 2 613 3 14 87 14 314 40 314 32
3105 3106 2915 2756 3077 2332 3083 1741 3100 3023 2643 3102 2903 3076 3098 3103 1916 3101 1470 3039
2 1 1121 307 6 1534 2 307 9 25 159 1 91 84 5 3 307 4 307 30
2915 2756 3077 2332 3127 1741 3023 3122 2643 2903 3076 3131 1916 3133 1470 3039
933 400 22 1208 2 400 3 4 392 112 137 4 400 2 400 159
3171 3172 2915 2756 3173 3174 2332 3178 3127 1741 2643 3177 3166 2903 3076 1916 1470 3039
5 22 610 718 3 5 848 6 58 718 434 8 17 144 27 718 718 193
2915 2756 2332 3127 1741 2643 3211 2903 1916 1470 3039
537 722 856 119 722 422 8 190 722 722 285
3233 2915 2756 3257 2332 3242 3211 1741 3246 3260 3249 2643 2903 3127 3258 3231 1916 1470 3039
18 228 1136 2 378 11 112 1136 3 1 4 486 107 58 2 25 1136 1136 355
3233 2915 2756 3269 3270 2332 3127 1741 3247 2643 3211 2903 3268 3258 3263 1916 1470 3039
70 198 773 1 3 494 89 773 4 733 80 296 3 8 6 773 773 633
2915 2756 2332 3211 1741 3311 3309 2643 3318 2903 3320 3247 1916 3293 1470 3039
325 653 819 105 653 24 2 528 5 494 2 30 653 19 653 341
3329 2915 2756 3333 3335 2332 3211 1741 3344 3247 3337 3345 2643 2903 1916 1470 3039
26 375 469 23 45 1132 189 469 3 25 4 7 399 757 469 469 343
3329 2915 2756 3333 3335 2332 3211 1741 3374 3247 2643 3373 2903 3375 1916 1470 3039
39 39 526 175 68 1095 298 526 6 24 379 58 1056 4 526 526 229
2756 3333 3413 3335 2332 3211 3404 1741 3247 2643 3373 3414 2903 3396 3417 1916 3421 1470 3039
255 112 57 1 1139 38 6 255 66 606 5 19 1139 20 6 255 13 255 606
3457 3333 3211 3481 3482 2332 3486 3487 3488 3490 3247 1470 3467 2756 1741 2643 3414 2903 3039 1916 3451 3452
1 181 22 2 5 1286 23 2 1 1 56 79 11 79 79 635 22 1286 635 79 57 2
3529 3531 2756 3333 1916 2903 3540 1741 3551 2643 3211 3550 3414 3511 3481 3546 3451 2332 3549 1470 3039
4 1 5 337 5 953 9 5 1 1042 5 3 5 50 62 1 128 953 3 5 1042
3585 3588 3333 3591 3595 3606 3608 3609 3610 2332 3616 3619 3621 3622 3612 3511 2643 2903 3039 3558 3576 3451 3580
4 4 605 2 29 6 12 2 6 1299 12 2 2 2 3 9 701 1299 701 43 6 123 23
3650 3333 3630 2643 3636 2903 3647 3642 3451 2332 3039
2 502 5 762 6 1238 1 9 166 1238 762
3333 3703 3697 2643 3700 3701 3702 2903 3704 3451 2332 3039
237 1 13 825 9 7 3 1175 2 108 1175 825
3333 3753 3697 3762 2643 3766 2903 3704 3451 2332 3039
441 1 39 10 825 4 1175 28 84 1175 825
3333 3817 3762 3825 3836 2643 2903 3451 2332 3837 3039
617 5 11 2 1 711 1289 201 1289 1 711
3333 3879 3880 3882 3762 2643 2903 3866 3451 2332 3870 3039
837 7 7 7 45 702 1298 58 168 1298 1 702
3333 3880 3881 3883 3762 2643 2903 3451 2332 3039
763 3 2 9 109 637 1363 136 1363 637
3907 3333 3910 3883 3917 3762 2643 2903 3898 3451 2332 3039
15 814 29 34 6 65 284 1716 48 55 1716 284
3959 3333 3910 3964 3883 3917 3949 3921 3922 2643 2903 3962 2332 3898 3039
6 958 47 1 91 14 10 14 160 169 1831 5 1831 2 169
3333 3910 3991 3986 3983 3922 2643 2903 3960 3993 2332 3998 3039
700 77 36 29 24 208 266 1734 26 4 1734 1 266
4001 3333 3910 4060 3991 3983 4048 3922 2643 2903 3960 4057 4059 2332 4061 4062 3039
3 687 9 1 38 1 10 113 537 1463 31 2 2 1463 1 2 537
4098 3333 3922 4117 4114 2643 4085 2903 3960 4121 4122 2332 4094 3039
8 595 10 1 10 604 28 1396 28 1 1 1396 6 604
4098 4195 3333 4168 4169 4191 2643 2903 4185 4187 2332 4126 3039
5 2 367 32 25 1 616 1384 2 7 1384 19 616
4256 4261 4260 3333 4264 4265 4266 4267 4237 4241 2643 4244 2903 4216 2332 4253 4126 3039
4 15 11 320 1 2 1 1 94 6 537 5 1463 62 1463 3 118 537
4288 3333 4287 4279 4237 2643 2903 4216 4283 2332 4285 4126 3039
1 87 1 22 154 558 1442 71 73 1442 3 16 558
4343 4331 3333 4307 4298 2903 4345 4237 4338 2643 4279 4344 4313 4346 4283 2332 3039
1 3 201 82 9 1683 1 277 9 317 197 2 42 1 44 1683 317
4390 4388 3333 4307 4391 4392 4361 4394 2903 4237 2643 4389 4279 4313 2332 4350 3039
3 13 340 46 3 2 2 3 1729 278 271 26 369 18 1729 103 271
4416 4417 4419 3333 4422 4423 4425 2903 4237 4401 2643 4404 4279 4411 2332 4413 4350 3039
7 2 4 439 3 1 1 1824 138 59 176 45 321 13 1824 17 170 176
4480 4481 4482 3333 4456 2903 4237 2643 4404 4478 4279 2332 4413 4350 3039
5 2 1 123 80 1829 117 171 90 5 347 1829 19 284 171
4512 4531 3333 4518 4456 2903 4492 4237 4528 4530 2643 4404 4279 4504 4532 2332 4413 4350 3039
84 2 15 12 15 1931 89 332 8 1 69 173 392 7 1 1931 12 346 69
4512 4581 4583 4584 2903 4589 4237 4595 2643 4404 4598 4279 4596 3039 2332 4413 4350 4575
69 4 40 8 1969 11 578 12 31 117 2 156 1 31 1969 14 95 42
4624 3039 4583 4631 2903 4237 4628 4627 4626 2643 4404 4575 4279 4632 4633 4603 2332 4605 4350 4607
5 42 169 1 1958 273 4 8 5 42 15 42 189 1 1 37 1958 32 37 86
4704 4705 4583 4682 2903 4237 4687 4690 4691 4404 4279 4696 4697 4703 2332 4350 4607
2 1 47 2 2000 128 1 1 8 53 224 8 1 2 2000 5 141
4705 4583 4695 2903 4237 4404 4279 4692 4703 4699 2332 4607
4 12 2 2000 252 52 462 12 4 5 2000 66
4740 4746 2903 4237 4750 4752 4758 4279 4760 2332 4765 4766 4607
34 9 2000 335 2 7 4 294 3 2000 4 1 152
4838 4774 4776 4778 4279 4812 4237 4781 4752 2903 2332 4829 4766 4607
9 15 60 22 328 1 165 32 155 2000 2000 4 155 272
4781 4875 4776 2903 4237 4879 4752 4872 4882 4883 4862 4279 4857 4880 2332 4766 4607
20 20 48 2000 79 8 79 10 1 1 5 216 4 2 2000 79 286
