40 43 35 45 21
17 1 30 3 10
35 41 42 50 54 58 59 60 61
33 4 10 24 33 2 1 2 1
64 72 41 50 80 82 83 54 88
25 26 16 6 25 40 17 40 1
97 130 132 103 72 111 83 54 122 124
22 4 3 62 143 8 48 34 27 22
130 103 177 171 172 145 178 181 152 153 122
11 72 1 18 11 72 3 1 11 3 87
225 130 229 231 233 103 206 145 152 122 218 222
3 29 4 11 1 6 10 6 29 213 12 35
256 257 258 264 234 206 122
31 3 6 4 41 124 119
323 326 327 234 331 332 206 335 305 270 278 316
30 14 16 229 1 1 11 8 4 10 5 6
323 391 234 396 397 305 387 341 375 378 394 383
51 7 85 2 4 127 6 159 5 9 4 2
323 421 425 234 427 428 430 431 305 341
23 21 45 49 17 1 1 1 154 352
450 421 234 427 463 305 341 458
14 6 83 51 2 180 273 7
522 483 518 486 519 521 458 524 494 305 517 341 470 505 234 501
2 6 3 13 8 1 12 1 50 53 2 624 20 4 18 8
576 577 578 550 501 559 305 564 533 570 574 341
3 2 2 74 43 9 85 4 27 15 3 534
584 587 588 305 564 341 501
26 7 1 190 89 275 49
618 631 622 305 594 501 599 634 341
49 12 8 160 10 3 54 3 471
691 699 689 682 690 701 305 594 675 501 662 599 697 667 700 618 341
1 3 2 34 7 3 460 30 1 61 21 66 12 20 5 27 426
662 743 712 618 747 765 305 756 341 758 599 751 682
2 14 341 107 12 1 445 2 511 3 27 3 16
769 747 662 743 712 618 823 783 305 341 822 599 825 826 827 828 829 805
142 2 107 193 382 38 14 10 383 756 3 252 2 10 2 2 1 27
769 805 743 712 886 876 890 880 305 882 884 341 662 599 888 858 891 829
234 105 67 193 10 17 1 7 371 13 5 553 134 220 4 11 1 42
897 769 805 743 712 940 935 951 876 909 943 305 915 341 662 599 953 955 956 957 959
3 178 52 214 259 19 1 4 3 90 14 640 46 599 341 273 7 3 1 1 1
992 769 996 982 743 712 1022 1002 1003 1037 1038 1039 1032 305 960 341 662 599 1016 985 990
11 80 16 5 372 324 5 20 44 1 1 1 7 643 6 404 271 81 5 28 21
960 996 662 743 712 1066 1003 305 1043 341 1032 599 1079 1082 1083 1022 1063
7 16 505 436 327 15 6 941 49 327 86 6 5 5 3 36 2
960 996 1125 1126 743 712 1129 1130 1003 1032 305 1043 341 662 599 1096 1128 1116 1022 1093
32 156 11 5 732 308 1 1 44 40 985 3 308 253 44 15 7 1 30 58
996 743 712 1118 1136 305 1139 1140 341 662 1124 1022 1141
107 498 633 28 7 682 2 1 633 184 12 221 2
1185 1187 996 743 712 1196 1118 1197 1198 1199 1200 305 341 662 1022
27 8 41 479 474 27 164 43 7 10 3 916 474 437 198
1250 1251 743 712 1257 1259 1196 1197 305 1267 341 662 1118 1275 1276 1022
3 13 895 272 22 1 45 24 1139 6 272 244 22 6 8 261
1346 1347 1348 1318 743 712 1022 1196 1325 1257 1197 305 341 662 1278 1337 1275 1308 1341 1342 1343
2 1 1 1 884 335 163 8 33 8 10 1124 335 240 7 2 66 24 4 10 3
1377 1378 1379 1381 1318 743 712 1022 1383 1356 305 341 662 1385 1369 1275 1342
18 22 5 5 23 1189 193 242 28 22 1211 193 22 5 13 180 51
1378 1435 1318 743 712 1022 305 1426 1439 341 1431 1275 1436 1437 1342 1429
8 10 40 1227 178 158 1227 31 3 178 10 108 7 2 196 39
1318 341 743 712 1449 1482 1479 1485 305 1342 1461 1465 1466 1275 1022 1429
30 83 1185 83 41 7 11 3 1185 334 31 42 11 66 34 256
1505 1506 1531 1527 743 1479 1517 305 1429 1526 1535 1465 1530 1275 1533 1342 1534
68 3 3 5 830 84 17 830 265 19 1 8 4 72 1 287 2
1505 1479 743 1577 1547 1589 305 1586 1429 1526 1591 1592 1342 1557
143 147 845 12 66 1 845 26 229 136 1 1 226 54
1601 1547 1636 1637 1479 1640 1641 1642 743 1645 1646 1647 1617 305 1586 1429 1526 1648 1342 1631
21 1 23 35 193 4 1 2 576 4 7 4 21 576 35 123 147 1 27 7
1664 1699 1700 743 1479 1708 1617 1712 305 1429 1526 1636 1713 1711
177 44 41 811 100 11 73 3 811 2 184 2 12 2
1664 1429 1708 305 1719 1745 1732 1733 1479 1740 1617 1748 1751 1636 1754 1759 1764 743 1770 1773 1774 1526
111 46 18 745 11 8 62 74 345 8 28 8 19 46 14 10 3 745 13 5 5 213
1664 1636 1733 743 1526 1770 1479 1740 305 1429 1617 1816 1745 1819
139 43 124 465 14 4 450 38 465 43 51 37 38 1
1664 1888 1636 1733 743 1866 1479 1871 305 1863 1876 1429 1878 1816 1850 1884 1885 1886
167 1 47 89 273 6 568 11 273 4 2 47 8 1 16 5 2 1
1664 1963 1893 1479 743 1962 1927 1965 305 1948 1950 1733
172 1 133 430 351 5 37 5 351 1 1 28
1664 2001 1893 743 1993 1479 1997 2000 305 2002 1972
85 1 150 824 1 570 28 1 824 1 5
2052 1893 1479 2058 743 1997 2062 2061 305 2055 2047
1 141 936 2 873 24 1 3 873 13 15
2081 2065 1893 1479 743 2120 2121 2122 2091 2061 305 2100
62 11 115 985 900 1 1 1 155 21 900 117
2081 1479 2091 743 2160 305 2162 2163 2100 2165 2166 2164
8 1148 202 852 2 852 3 2 202 1 1 7
1479 743 2091 305 2100 2197 2169 2173
1388 612 153 612 153 5 5 17
1479 2250 2091 2254 743 305 2100 2234 2223 2215
1321 1 207 1 679 679 207 10 31 49
2283 2276 2291 1479 2293 2091 2223 743 305 2290 2285 2100 2239 2251 2292 2289 2255 2269 2271
5 30 5 953 2 320 172 1047 1047 6 20 320 32 3 7 5 65 2 7
2336 2340 2356 1479 2091 2285 2255 743 2320 305 2350 2292 2325 2100 2223
14 4 1 973 231 119 88 1027 52 1027 8 14 3 231 223
2411 2402 2091 1479 2409 2410 743 2285 2255 2320 305 2403 2100 2390 2223
3 2 35 1186 2 2 814 35 197 116 814 2 35 7 35
2475 2469 1479 743 2473 2410 2091 2476 2285 2478 2223 2320 305 2100 2446 2461 2477 2255 2474
3 12 1009 991 1 14 145 5 145 2 145 156 991 145 10 1 2 426 1
2528 2512 2091 743 2537 1479 2285 2255 2320 305 2100 2522 2223 2524
6 34 262 1037 2 963 262 355 41 1037 262 44 262 55
2571 2565 1479 2567 2569 2091 2285 2255 743 305 2100 2581 2584 2548 2522 2223 2586
7 49 803 23 3 321 321 267 1197 1197 321 8 7 116 56 321 1
2624 2640 2565 1479 2634 2091 743 2285 2255 2644 305 2642 2100 2614 2548 2639 2223 2637
20 1 36 736 12 138 1264 138 221 1 1264 3 138 8 75 3 138 4
2091 2565 743 1479 2669 2255 305 2674 2285 2548 2677 2100 2223
3 6 1070 930 23 138 1070 4 3 54 1 3 3
2720 1479 743 2669 2255 305 2548 2683 2718
1 686 1314 112 242 1314 71 9 4
2765 1479 2760 743 2669 2766 2255 305 2548 2769
8 557 5 1443 159 4 164 1443 34 2
2765 743 1479 2669 2255 305 2803 2548 2815
19 1474 526 65 439 1474 1 55 1
2816 2817 2818 1479 2793 743 2776 2669 2255 305 2802 2805 2774 2808 2811
2 1 1 200 38 1800 27 49 195 1800 14 25 23 10 8
2817 2852 743 2793 1479 2669 2255 2823 305 2867 2868 2805 2871 2872 2873 2874 2875 2876 2855
122 3 1808 51 192 191 175 43 1808 20 12 76 9 2 2 2 1 1 2
2817 2923 2823 2793 1479 2924 2669 743 305 2898 2931 2805 2255 2909 2910 2929
239 7 142 11 198 2 189 1802 1802 15 2 142 147 17 3 11
2817 2980 2981 1479 2823 743 2669 2255 2960 305 2898 2805 2982 2973 2974 2975
204 3 2 143 40 1857 352 143 25 1857 14 40 3 10 4 2
3040 2817 3012 743 1479 2669 3023 2960 305 2898 2823 2996 3029 2255 3004 2805
1 358 6 1938 62 491 52 68 1938 30 16 9 17 62 5 16
2817 3012 3077 3078 1479 743 2669 2255 2960 305 3058 3061 3062 3073 3055 3069 3023
99 4 2 2 140 1860 200 140 111 1860 14 6 10 2 3 6 10
3105 3121 1479 3123 743 2669 2255 2960 305 3091 3125 3126 2817 3102 3103
38 14 41 1 1959 168 41 168 1959 20 3 2 58 6 12
3105 3153 3171 3172 3174 743 3176 3178 2669 2960 305 3091 2817 3102 3135
22 1 1 1 5 2000 2 2 267 267 2000 35 40 11 66
3105 3205 3206 743 3208 3216 3207 3217 2669 3214 3213 2960 305 2817 3135
232 3 6 2000 5 1 5 4 235 2 4 235 2000 109 44
3105 3238 743 3260 2669 3246 2960 305 3255 3259 3228 3261 3262
268 21 2000 4 268 4 268 2000 3 4 70 2 1
3105 743 3260 2669 2960 305 3285 3259 3228 3295
97 2000 16 97 97 2000 84 9 103 4
3328 3105 743 2669 2960 305 3318 3319 3320 3289 3323 3228 3325
1 57 2000 57 57 2000 5 3 4 40 1 242 2
3362 3371 3345 743 3377 3374 3375 3376 305 3342 3349 3228
36 1 26 2000 1 7 5 2 2000 50 23 166
3403 3397 3398 3345 3401 3402 743 3405 3406 305 3385 3387 3390
4 17 7 292 2 1 2000 3 2 2000 27 50 2
3458 3463 3345 3433 743 3468 3405 3471 305 3447 3390
3 4 413 12 2000 6 8 2 2000 3 147
3522 3499 3524 3525 3527 3345 3529 3530 743 305 3518 3447 3512 3513 3515 3516 3517 3390
6 47 3 2 2 1018 1 4 2000 2000 4 25 8 14 12 1 6 66
3556 3557 3558 3345 3560 3561 3562 3499 743 305 3538 3548
46 1 5 735 9 4 1 43 2000 2000 14 1
3563 3345 3560 3595 743 305 3605 3607 3608 3583
38 673 45 50 2000 2000 5 3 4 260
3618 3595 3345 3560 743 305 3641 3642 3643 3644 3645 3614 3583
79 64 390 126 2000 2000 12 2 1 1 1 34 97
3618 3595 3345 3560 3657 743 3692 305 3691 3678 3641 3642 3675 3614 3583
303 82 221 59 176 2000 3 2000 6 10 47 17 15 22 82
3719 3618 3595 3716 3717 743 3560 3657 3720 3691 3345 3714 3724 305 3704 3641 3642 3722 3583
2 129 87 3 13 2000 67 247 3 74 309 4 1 2000 14 76 79 2 87
3595 3345 3732 3618 3747 3754 305 3641 3773 3774 3777 3657 3786 3788 3746 3791 3793 3794 3795 3796 743 3560 3691 3583
2 23 57 123 56 44 2000 82 9 16 1 378 8 4 19 4 9 1 1 3 2000 16 90 2
3618 3747 3560 3345 3816 3657 743 3820 3746 3815 305 3691 3806 3817 3800 3641 3774
24 50 17 264 10 263 2000 5 58 3 2000 47 4 5 24 22 17
3841 3746 3747 3820 743 3560 3817 3345 3842 3824 305 3843 3838 3657 3800 3833 3835 3836 3837 3774
8 82 104 37 2000 34 57 156 2 3 2000 1 3 485 45 5 4 11 1 34
3872 3841 3746 3747 743 3657 3883 3345 3874 3854 3888 305 3863 3893 3862 3817 3800 3836
21 41 71 184 2000 260 13 286 57 22 4 2000 14 1 12 8 28 227
3874 3747 743 3817 3959 3345 3949 3913 305 3954 3918 3883 3657 3961 3898 3836
196 166 2000 77 3 183 15 8 2000 5 13 40 243 9 65 138
3874 3747 3974 743 3976 3817 3978 3345 3981 3982 3984 305 3987 3657 3898 3836 3994
258 58 53 2000 18 81 77 220 27 8 2 2000 7 139 210 492 2
4000 4017 3874 4022 4005 3974 743 3817 3978 4011 3345 3981 305 4019 4020 3990 3657 3898 3836 3998
4 3 397 6 6 18 2000 63 52 2 323 72 2000 6 13 10 63 240 588 5
3981 3345 3990 3874 305 4041 3898 4029 4037 3657 4047 4057 4061 4064 4065 4068 4070 743 4072 4073 4071 3817 3836
146 633 21 412 2000 2 220 46 21 114 9 4 5 1 6 5 1 2000 1 1 3 114 501
3874 4130 743 3817 4061 4107 3345 3981 4047 305 4029 4131 4105 4118 3657 4120 4135 4090 3836 3898 4122
611 3 2000 241 7 27 832 62 17 2000 14 3 17 114 241 9 2 95 168 134 8
3874 4164 4165 4166 3345 3657 743 3981 305 4118 3817 4153 4090 3836 3898 4162
976 2 2 2 772 159 2000 248 2000 183 159 65 89 49 44 16
3874 3345 4200 3657 4202 743 3981 305 4210 4212 4118 3817 4184 4201 3898 4199 3836 4090
951 628 6 99 8 2000 115 2000 2 1 310 99 48 3 31 3 291 13
3874 4251 4262 3345 3657 4202 743 3981 4231 305 4210 4254 4118 3817 4184 4090 4219 3836 4250 4222
984 2 2 866 66 262 2000 97 20 2000 85 19 518 66 119 47 46 84 6 187
3874 3345 3657 4202 743 3981 4302 305 4307 4254 4118 3817 4184 3836 4222 4309
711 1235 6 262 2000 27 18 2000 2 15 657 6 255 48 280 1
4310 3874 4325 3345 4202 743 4322 4333 4351 305 4222 4118 4184 4345 4347 3836 4349 4254 4309
29 738 38 1221 335 2000 150 3 2 2000 77 1005 119 21 50 41 52 138 63
4384 4322 4388 4325 3345 4393 4202 743 3874 305 4309 4118 4184 3836 4349 4254 4357
20 227 5 149 1269 3 435 2000 680 2000 33 1048 221 51 108 200 2
4322 4325 305 4425 4202 743 3874 4397 3345 4436 4437 4118 4439 4184 4441 4349 4254
287 61 2000 12 513 2000 673 35 1327 7 5 1046 1 281 6 249 226
4482 4118 4486 3345 4501 4502 4505 4506 4507 4254 3874 305 4184 4447 4449 4322 4325 4455 4202 743 4463 4349
3 956 9 1480 2 5 4 1 1 138 520 2000 524 16 28 103 93 15 241 2000 18 52
4544 4513 3874 4325 3345 4521 4202 743 4322 4526 4463 305 4532 4118 4184 4254 4543
6 8 772 176 1228 25 33 2000 4 9 8 2000 48 832 396 29 4
3874 4325 3345 4583 743 4594 4463 305 4562 4595 4118 4184
911 463 1089 1 2000 3 84 2000 23 3 961 128
3874 4325 3345 743 305 4118 4631 4184
852 314 1148 2000 2000 1117 17 31
3874 4325 4678 3345 4681 743 4684 305 4690 4118 4697 4636 4670
1230 216 11 770 2 2000 14 2000 3 770 1 60 8
3874 4325 4678 3345 4744 4745 743 4748 4749 4742 4751 305 4724 4750 4118 4636 4734 4741
1195 186 105 805 7 25 2000 2 1 9 1 2000 51 4 805 154 12 3
4801 3874 4803 4804 4325 3345 4796 743 305 4787 4118 4636
3 1137 3 4 36 863 4 2000 2000 22 863 43
