51 6 41 42 47 48 17 50 19 52 23
3 98 6 9 3 7 78 3 19 7 13
65 70 6 81 17 83 23 56 62
3 7 279 1 143 3 78 13 17
128 129 130 132 101 6 105 17 23 123 126 127
4 2 4 1 10 438 26 75 129 14 5 3
161 123 198 6 199 200 105 17 146 23 184 201 187 197
28 12 2 533 2 1 224 1 219 91 67 1 26 2
161 6 105 247 241 146 23 184 249 187
16 393 530 1 2 18 119 104 1 6
161 251 6 233 105 234 244 246 23 184 249 250 187
43 1 245 22 282 20 1 2 67 129 1 2 17
161 283 6 273 105 268 301 270 304 280 307 308 309 184 251 284 286
8 8 198 12 183 99 4 12 1 66 1 1 1 223 67 26 14
357 6 359 360 105 268 184 251
1 112 1 1 236 181 281 78
388 6 393 395 367 402 403 405 105 184 379 380
7 261 4 5 22 1 3 1 111 317 20 2
417 6 423 105 430 184
61 249 39 82 1 213
480 481 483 484 485 6 423 488 486 184 475 478
3 16 1 2 15 289 58 4 2 370 35 3
514 516 485 6 495 532 533 184 527 506 475 509
2 11 38 261 89 1 2 204 2 3 29 14
576 6 587 588 590 541 184 495 509
44 70 1 17 2 46 341 285 132
576 609 652 613 6 648 649 651 588 495 624 596 184 603 509 637
30 43 1 14 107 9 3 1 37 220 5 146 220 266 116 48
707 708 678 6 509 700 695 588 495 691 596 663 184 697 603 655 637 703
7 1 8 111 32 7 14 7 118 19 99 26 118 7 271 13 81 3
736 737 707 6 743 744 655 596 663 603 637 735
1 5 158 72 5 2 158 23 25 301 39 6
707 6 745 655 784 786 596 757 791 792 603 637
204 25 7 204 11 16 56 60 2 2 283 3
707 812 655 784 596 824 603
50 16 50 28 186 1 223
801 806 812 814 815 784 596 603 799
5 4 1 1 2 64 189 533 13
832 831 806 844 845 846 847 848 818 596 603 799
1 15 40 32 1 1 3 1 15 146 337 67
831 891 869 876 844 847 883 596 887 888 889 890 603 799
7 1 33 2 15 30 7 102 13 3 1 1 235 131
960 963 964 869 909 914 596 965 603 799
4 1 2 348 21 68 10 2 18 244
992 993 987 869 991 995 603 799
10 4 20 205 1 3 45 503
992 799 1026 1027 869 1024 1004 1005 1016 1030 987 1022 1029
48 697 4 5 79 12 55 1 5 1 61 22 3
1026 1029 1062 1070 1075 1079 987 799
6 31 8 9 9 14 129 642
1152 1157 1155 1029 1158 1160 1161 1162 1163 1133 1070 1108 1134 1079 1145 987 799
18 2 8 26 13 9 3 7 3 6 27 67 21 59 12 197 743
1185 1187 1188 1163 1133 1134 1202 1203 1108 1195 1206 1079 1208 1204 1178 987 1175 1207 1182 799
25 9 10 65 19 52 4 3 35 1 1 65 1 2 38 41 6 1 2 840
1250 1252 1254 1224 1133 1202 1079 987 799
14 3 1 92 44 71 5 44 523
1299 1301 1284 1287 1224 1290 1298 1295 1296 1297 1202 1261 1300 1269 1273 799
1 3 3 4 30 1 7 9 3 1 15 40 1 41 7 543
1333 1224 1323 1261 1295 1330 1331 1332 1301 799 1269
1 31 27 20 122 2 1 1 87 744 87
1344 1301 1352 1261 1295 1360 1364 1269 1337 1359 1372 1373 799
40 17 3 49 164 49 21 17 24 9 1 4 322
1344 1388 1295 1360 1364 1397 1398 1399 1396 799
43 50 71 38 39 8 2 2 13 169
1413 1419 1388 1423 1424 1425 1364 1402 799 1407
10 31 54 2 2 2 47 138 308 24
1472 1473 1484 1482 1483 1388 1485 1364 1461 1402 1407 1468 1466 799
20 6 2 3 2 143 2 34 2 116 2 4 3 411
1510 1511 1512 1513 1514 1388 1486 1488 1402 1500 799
3 2 3 1 2 40 30 38 56 41 513
1539 1541 1542 1388 1517 799
3 7 1 67 63 438
1574 1577 1517 1588 1564 799
19 19 13 1 21 640
1634 1635 1638 1639 1611 799 1631
6 3 3 1 45 458 1
1666 1675 1676 1679 1685 1688 1690 1695 799
48 107 68 2 1 8 4 2 429
1737 1666 1735 1738 799
1 22 7 2 188
1755 1748 1771 1739 799
76 6 6 98 88
1840 1794 1833 1739 1805 1808 1841 1843 1845 1814 1849 1755 1820 1822 799
1 35 7 248 2 24 2 2 2 9 1 6 10 20 19
1894 1896 1739 1900 1901 1870 1903
13 7 108 2 2 39 2
1984 1986 1961 1739 1870 1909 1977 1983
14 1 39 76 8 63 83 18
1995 1990 1739 1870 1970 1909 1978
1 4 15 2 41 112 1
1739 2045 2046 2047
102 6 13 2
1739 2089 2091 2092 2095 2097 2098 2069 2101 2079
86 19 11 12 17 3 3 164 2 10
2150 2089 1739 2157 2126 2095 2069 2138 2159 2079
6 31 8 1 8 58 81 11 4 67
2229 2150 2215 2089 2183 2223 2226 2227 2196 2069 2228 2138 2204 2079
1 9 14 132 5 2 12 3 13 393 1 86 38 215
2240 2273 2274 2089 2272 2226 2069 2263 2265 2138 2271 2234 2079
16 12 2 81 6 3 266 7 12 94 6 36 118
2240 2299 2308 2278 2311 2089 2314 2316 2317 2319 2321 2069 2298 2138 2079 2234 2271
13 5 6 64 7 121 1 2 2 2 1 466 4 359 138 18 11
2368 2369 2278 2089 2378 2379 2348 2069 2361 2138 2299 2079
4 12 53 155 1 2 51 383 10 309 23 12
2403 2438 2439 2089 2348 2420 2069 2423 2138 2429
25 1 1 245 55 8 690 15 690 8
2465 2468 2441 2423 2348 2069 2089 2138 2459
5 2 79 49 101 1053 388 1053 9
2465 2504 2089 2506 2348 2509 2510 2511 2484 2069 2441 2138 2459 2492 2508 2494
40 6 616 4 11 2 1 1 56 933 54 933 33 22 8 22
2528 2465 2441 2549 2513 2547 2069 2089 2138 2459 2494 2517
93 35 37 3 123 8 944 719 944 69 69 9
2528 2465 2594 2598 2566 2599 2089 2603 2547 2069 2583 2138 2459 2601 2581
70 26 34 5 41 1 695 2 88 965 6 965 129 1 15
2528 2594 2566 2631 2632 2089 2602 2642 2643 2547 2069 2615 2138 2459 2645
91 140 103 33 13 615 16 1 6 36 1016 52 1016 150 1
2528 2594 2699 2089 2667 2702 2069 2710 2711 2138 2459 2655
140 35 3 712 24 9 816 2 11 816 96 28
2528 2594 2723 2756 2727 2089 2762 2764 2765 2702 2767 2768 2769 2771 2740 2069 2138 2751 2655
2 157 79 11 49 713 3 2 11 56 2 2 2 2 22 645 645 6 212
2594 2723 2727 2089 2795 2796 2797 2702 2765 2802 2804 2069 2807 2808 2138 2811 2810 2655
260 56 124 567 47 11 34 27 14 15 8 611 1 8 611 2 10 284
2849 2594 2723 2727 2089 2795 2797 2845 2802 2804 2069 2138 2847 2844 2842 2655
1 109 159 112 746 222 24 2 78 58 556 556 3 10 8 254
2594 2723 2887 2089 2795 2727 2864 2897 2802 2899 2804 2069 2901 2903 2904 2905 2138 2898 2655
77 95 34 679 83 8 12 1 308 2 11 752 1 3 2 2 752 2 97
2723 2949 2795 2727 2089 2919 2971 2957 2970 2802 2930 2069 2968 2138 2943 2887 2962 2655
163 24 4 31 698 44 1 7 1 532 1 829 3 829 5 46 2 106
3009 2723 3012 2887 2984 2089 3003 2802 2069 3001 2138 2971 2972 2655
1 336 1 81 28 719 52 254 713 1 713 54 30 30
2723 3044 3071 2887 3048 2089 3047 3003 3070 2802 2069 3031 3064 3065 2138 2971 3037 3038 3061
406 4 1 246 16 591 1 5 1 223 940 59 1 1 940 311 16 9 2
3073 2723 3110 2887 3048 2089 3114 3115 3090 3117 3088 3112 2802 2069 2138 2971 3037 3038 3103
138 634 5 343 125 518 1 4 8 2 73 2 263 1247 1247 350 125 43 13
3136 3073 2723 2887 3048 2089 3117 3131 2802 2069 3129 2138 2971 3037 3135
2 115 646 414 179 463 83 6 235 1085 12 1085 204 179 1
3168 3073 2723 3174 2887 3048 2089 3180 3181 3176 2802 3171 2069 2138 2971 3037 3157
22 20 485 9 326 129 836 2 2 12 389 4 901 901 27 129 54
2723 2887 3048 2089 3239 3208 2802 3235 2069 2138 3240 3037 3230 3221
548 456 37 989 4 10 294 4 842 842 2 37 11 14
2723 2887 3282 2089 3277 3279 3280 3281 2802 2069 3257 2138
544 488 2 957 4 12 1 1 360 904 2 904
3328 3329 3330 2723 3315 3333 3334 2887 3336 2089 2802 3331 2069 3320 3332 2138 3291 3327
18 3 3 204 17 3 2 198 2 1021 596 4 800 21 1 800 42 22
3392 2723 3397 3398 2887 3400 2089 3371 2802 2069 2138 3357 3327
26 54 1 2 54 2 846 7 726 780 780 5 24
2089 3371 3410 3408 3409 2802 2069 3417 2138 3419 3421 3327
559 151 5 8 2 817 817 1 817 1 2 19
3488 3483 2089 3371 3485 3408 2802 3443 3487 2069 3450 3327 2138 3482 3423
9 10 539 51 4 5 1059 4 3 1059 6 57 1059 11 21
3371 3526 2089 3531 3533 3534 2802 2069 2138 3423 3327
54 11 680 32 2 1 877 877 877 18 6
3553 3554 3558 3526 2089 3371 3564 3566 3567 2802 2069 2138 3423
12 1 1 23 602 126 3 2 1 673 673 673 11
2089 3371 3602 2802 2069 3577 2138 3580 3423
372 115 5 836 836 20 836 32 10
3648 3659 3627 3652 3656 2089 3371 2802 3635 2069 2138 3580
3 3 31 4 1 153 70 1015 50 1015 1015 11
3627 3371 3685 3687 2089 3659 3660 3693 3695 3696 3697 2802 2069 2138 3678
18 210 3 6 262 157 2 8 7 1 2 868 868 868 46
3371 3734 3718 3687 2089 3659 3727 2802 3699 3731 2069 3702 3704 3732 2138 3678 3733
59 1 32 39 116 207 1 1065 32 2 1065 39 65 1 1065 106 2
3659 3781 3718 3751 3784 2089 3371 3792 2802 3699 3764 2069 3798 3799 3796 2138 3678
259 3 99 6 2 434 277 5 887 52 45 887 1 4 5 887 63
3841 3371 3751 3848 2089 3850 3659 3826 3847 2802 3764 2069 3849 2138 3836 3678
24 465 57 1 539 1 243 46 5 676 77 676 2 676 12 101
3905 3659 3909 3879 3912 2089 3915 3371 3917 3918 3889 2802 2069 3865 2138 3867
15 207 14 16 5 553 2 538 1 2 5 499 499 70 499 47
3936 3937 3938 3659 3944 2089 3931 3371 3949 3921 2802 2069 3961 3960 3865 2138 3867
22 33 18 429 32 534 57 420 16 145 530 530 4 1 122 530 91
4000 3937 4002 3659 4004 4006 2089 3978 3371 3949 3921 2802 4003 2069 3931 3865 2138 3867 4010 3998
9 134 11 282 7 1 618 78 497 121 71 598 3 598 4 160 598 11 1 4
4032 3937 3659 4036 2089 3978 3371 3949 4015 2802 2069 4022 3865 2138 3867 4031
18 60 189 1 484 14 426 261 23 942 942 5 152 942 47 4
3937 3659 2089 3371 4076 3949 4046 2802 2069 4086 4087 3865 2138 3867 4031
77 193 580 580 1 333 54 914 914 1 3 200 914 174 121
3937 4114 3371 4103 2089 3659 3949 4046 4112 2802 4115 2069 4119 4120 3865 2138 3867 4093 4031
27 16 550 3 550 182 276 23 6 873 5 873 1 2 201 873 216 12 81
4176 4114 3659 4177 4103 2089 3371 3949 4144 4139 2802 4131 2069 4182 3865 2138 3867 4181 4031
16 7 92 1 41 791 791 436 39 15 809 19 809 4 47 809 260 9 154
3659 4103 2089 3371 3949 2802 4131 4211 2069 3865 2138 3867 4186 4181 4031
188 17 646 646 429 815 60 19 815 100 815 143 41 5 122
4225 3659 4262 2089 4266 3371 4236 3949 4267 4269 4270 2802 4268 2069 3865 2138 3867 4186
101 354 10 749 1 749 26 628 5 1 3 505 7 505 290 505 121 13
4225 3659 2089 3371 4236 3949 4316 4304 2802 4291 4308 2069 4310 4311 4280 3865 2138 3867 4284 4317 4318
211 366 712 712 67 593 3 16 451 3 21 451 2 7 36 289 451 119 11 1 2
4225 3371 4360 2089 4370 3659 4236 3949 4338 4304 4344 2802 2069 4280 3865 2138 3867 4284 4373
370 712 5 712 1 476 53 669 20 196 1 662 662 89 414 662 43 80 3
4225 4395 3659 4427 4338 2089 4432 3371 4236 3949 4430 4429 4304 4376 2802 2069 4280 3865 2138 3867 4431
402 39 371 1 214 825 2 825 1 526 5 10 75 6 768 768 225 452 768 299 2
4225 2069 4376 3865 3867 2089 3371 2802 4280 3659 4304 4441 2138 4456 4458 4459 3949 4338 4468 4470 4472 4473 4474
311 1204 49 1030 193 619 619 1204 347 171 84 80 1204 3 11 25 426 134 6 1 1 1 3
4225 4488 4492 2069 3865 4506 3867 4508 2089 3371 4525 4527 4280 4538 3659 4304 4441 2138 4338 4458 3949 2802 4521
393 46 46 1226 1134 3 150 29 679 679 2 1 542 1 87 112 119 1226 87 15 529 1226 17
4225 4492 2069 3865 3867 2089 3371 4338 4280 4553 3659 4304 4441 2138 4571 4577 4582 4588 3949 2802 4597 4599 4600 4602 4603
219 36 1317 1299 292 602 602 81 442 2 81 183 369 1317 30 1 9 12 310 1317 4 2 3 1 4
4225 4609 4492 4653 4625 2069 3865 3867 4641 4645 2089 3371 2802 4656 4280 4669 4672 4673 4674 4553 3659 4304 4441 2138 4588 3949 4338
350 74 173 2 28 1436 1436 152 19 32 550 550 1436 29 124 2 1 1 1 16 14 177 269 1436 84 398 14
