32 39 7 44 46 49 50 51 31
14 6 14 3 10 6 1 3 11
59 101 39 104 108 49 99 95 31
32 7 74 8 1 29 3 4 27
131 164 165 108 49 163 156 157 158
26 7 6 17 47 2 12 1 12
169 170 108 178 179 182 186 187 188 190
1 4 35 38 10 2 2 6 1 2
230 202 108 237 206 239 178 246 215
12 1 35 11 28 2 1 1 5
289 291 292 264 269 206 284
2 2 2 127 11 39 1
336 322 294 326 264 329 269 206 304 328 338 339
1 10 89 13 195 3 30 81 56 22 3 1
322 359 264 331 364 269 206 335 368 328 371 372
16 1 307 21 9 17 93 33 1 17 5 2
384 385 322 264 364 269 206 328 407 412 413 414
12 49 4 535 19 11 172 11 4 5 3 1
385 455 264 460 206 434 468 469 470 474
28 22 424 21 375 42 13 3 27 2
385 470 518 264 522 206 534 535 537
9 112 38 545 3 191 9 5 2
518 264 554 588 557 206 589 470 586
49 377 56 1 16 120 3 1 2
641 518 615 264 554 206 655 648 654 599 634 650
12 61 31 59 154 204 1 28 4 12 39 10
675 676 518 264 554 206 691 695 696 697 634 700 698
14 14 45 138 278 450 16 3 7 3 18 2 2
738 675 740 264 554 206 691 739
34 56 2 239 362 565 130 12
738 772 264 554 206 784 785 786 691 782 760 787 778
48 56 210 620 444 4 1 1 115 8 22 3 46
846 738 772 849 264 809 778 811 812 206 847 824 842 691 814 760 851 554 853
11 51 77 1 160 68 28 31 31 507 2 14 14 73 49 117 1 523 1
896 865 738 772 901 903 264 812 554 908 909 206 911 849 691 910 809 760 900 778
3 50 7 82 23 4 89 16 1221 28 3 402 2 135 33 1 6 139 3 33
865 977 955 772 965 903 264 969 554 967 206 976 849 978 974 968 917 760 923 970
77 1 6 221 1 61 221 4 801 1 359 3 119 1 2 1 49 359 53 10
1023 865 772 998 903 264 969 554 206 1007 849 1000 1013 1025 1017 760 917 923 989 1022 981
1 106 276 20 39 276 106 951 284 15 60 39 19 1 1 252 12 144 66 3 144
865 1059 772 903 264 969 554 206 849 1083 1070 1078 1081 760 1017 923 1077 981
149 13 281 212 281 149 1351 160 167 2 35 24 5 53 107 106 28 106
1120 865 1122 1059 772 1126 903 264 969 554 1127 1101 206 1123 849 1106 1124 1077 1078 1017
16 186 4 45 119 1 560 119 186 1785 3 7 83 3 255 6 2 139 35 67
1120 865 1059 772 903 264 969 554 1127 206 849 1140 1077 1078 1017 1130 1141
10 303 31 205 508 205 303 1607 2 188 248 14 130 40 174 22 1
865 1195 772 1159 264 969 554 903 1201 206 1199 849 1202 1077 1193 1017 1162 1182
68 1 1 61 1 68 1956 616 1 43 9 256 2 171 13 1 8 54
1248 865 903 969 554 1227 1159 849 1234 1077 1249 1244 1226 1182
3 160 1004 160 2000 20 10 299 20 299 1 3 7 29
865 1227 1159 969 554 903 1263 849 1298 1267 1077 1305 1309 1311
10 10 62 10 2000 954 36 417 5 3 417 14 3 1
1344 865 1351 1323 1316 903 969 554 1227 1263 849 1331 1077 1159 1333
6 88 9 2 87 968 88 2000 88 43 410 90 410 118 19
1400 865 1351 1227 1316 1403 1159 969 554 903 1390 849 1331 1077 1399 1368 1401 1371 1333
3 72 53 72 317 1 113 72 2000 1309 24 314 154 314 2 4 3 66 30
865 1316 1333 903 969 554 1227 1454 1456 849 1331 1077 1371 1159 1405 1418 1429
83 579 53 1627 83 2000 83 1 1 88 217 88 12 17 94 12 28
1449 865 1451 1316 1445 1159 969 554 903 1437 1456 849 1331 1077 1227 1463 1444 1466 1371 1418 1333
11 168 29 163 15 142 168 2000 1424 47 2 203 188 203 168 14 3 1 142 142 34
1159 1545 1418 1547 1316 554 1543 1331 1077 1546 1333 969 1227 1488 849 1498 1371 1503 865 1510 1511 1516 903 1533
245 3 245 1 121 2000 2 225 262 2 17 115 115 93 262 18 245 30 115 11 6 8 1044 3
1584 865 1579 1316 903 1576 969 554 1227 1582 1583 1488 849 1331 1556 1077 1577 1572 1371 1159 1418
1 201 3 415 1161 14 201 2000 201 2 2 55 272 101 7 272 8 3 272 272 272
865 1634 1227 1316 1635 903 969 554 1159 1581 1488 849 1586 1587 1077 1636 1626 1371 1418
700 4 700 209 2 1063 700 2000 132 27 9 132 61 43 132 4 16 132 132
903 1418 1677 1687 1690 1693 1695 1696 1699 1316 1701 1703 1704 554 1159 1581 1586 1077 969 1227 1488 849 1700 1626 1371 865
943 124 41 22 17 3 4 8 12 257 4 2 1 2000 124 3 183 124 933 933 16 124 4 92 124 933
865 1227 1316 1706 903 969 554 1159 1677 1693 849 1586 1709 1077 1626 1720 1690 1371 1756 1418
969 969 113 50 927 969 2000 104 148 51 104 111 48 104 17 8 41 104 4 104
1794 1796 1798 1799 1800 1801 1418 1677 1693 1316 554 903 1586 1077 969 1227 1805 849 1371 1760 865 1783 1785 1159 1790 1791
15 2 7 5 6 2 270 194 49 39 2000 795 39 270 935 935 1 270 270 17 935 5 13 270 13 20
903 1418 1677 1813 1817 1693 1822 1823 1826 1316 1829 1831 1832 554 1159 1586 1077 969 1227 849 1371 865 1791
894 362 146 6 16 175 12 2 2 53 5 4 1 2000 362 53 362 744 744 362 362 744 11
1872 865 1316 903 969 554 1227 1677 1880 849 1586 1077 1878 1879 1418 1817 1371 1159 1693 1854
1 820 21 1020 820 2000 820 187 1 160 21 160 3 1 160 65 160 160 245 60
1937 865 1922 903 969 554 1227 1677 1159 1933 1936 849 1938 1077 1942 1929 1817 1371 1916 1693 1418
6 721 3 1269 721 2000 721 128 10 8 5 10 3 10 1 34 69 10 13 298 10
1986 865 1985 1958 903 969 554 1227 1965 1677 1936 1929 1974 1977 1976 1817 1978 1980 1693 1983
2 854 2 28 1146 854 2000 854 33 261 103 23 9 6 1 38 5 5 237 6
2016 865 2017 903 969 554 1227 1677 1965 1936 2001 2013 1817 1977 1999 1693 2014
3 998 1 1002 998 2000 998 71 59 292 4 1 114 103 29 414 26
2049 903 1677 2062 2064 2069 2070 1817 1693 2080 1936 2084 2085 2086 2087 554 1977 969 1227 2013 865 2034 2042
13 1015 187 2 26 2 9 83 385 4 208 2 1 1 1 2000 27 985 985 20 985 54 10
2132 865 2096 903 2120 969 554 1227 1677 2013 1936 2129 2140 2122 2133 2135 1817 2127 2064 1693 2111
1 790 33 1210 42 790 2000 790 152 56 457 8 1 7 2 1 132 3 13 332 50
865 2196 2181 2096 903 2177 969 554 1227 1677 2173 1693 1936 2120 2013 2198 1817 2122 2145
854 1 13 68 1146 31 854 2000 854 123 20 509 706 39 50 1 125 84 3
1677 865 2210 2187 2013 903 2120 969 554 1227 2196 2173 1936 2193 2122 2219 2197 2218 1817 1693 2229
39 1062 19 14 13 938 42 1062 2000 1062 114 151 787 3 198 12 4 21 160 655 5
865 2210 2292 903 969 554 1227 1677 2173 1936 2237 2122 2229 2297 2196 1817 2296 2235 1693
1367 34 9 633 1367 2000 1367 57 392 604 34 218 86 3 24 149 2 5 799
2336 865 2333 2342 903 2343 969 554 1227 2348 2349 2350 1693 1936 2346 2122 2229 1817 2299 2173 2325
1 1414 3 12 586 13 1414 2000 1414 3 1 4 530 586 18 282 83 8 49 710 24
1693 865 2299 2405 903 2343 969 554 1227 2382 2173 1936 2411 2410 2325 2397 2360 2351 2378 2122 2229
384 1030 14 10 970 22 1030 2000 1030 21 517 970 1 1 22 60 50 128 49 659 21
865 2435 2468 2475 903 2343 969 554 1227 2478 2173 1936 2122 2229 2397 2360 2351 1693 2325
1066 30 8 1 934 75 1066 2000 1066 1 671 934 581 71 3 122 167 350 79
865 903 2343 969 554 1227 2173 1693 1936 2472 2482 2229 2360 2481 2351 2122
799 1201 48 799 2000 799 576 145 1201 52 1 2 40 1 329 875
1693 865 2491 903 2472 969 554 1227 2173 1936 2511 2517 2518 2519 2360 2521 2351 2122 2474
126 498 39 1502 126 498 2000 498 345 1502 6 5 24 1 21 3 213 1371 1
2571 865 2491 2564 903 2472 969 554 1227 2572 2573 2173 1936 2122 2532 2351 1693
4 560 48 16 1440 47 560 2000 560 6 1 225 1440 1393 23 135 335
865 2571 2532 903 2472 969 554 1227 2173 1693 1936 2615 2619 2491 2574 2617 2596 2351 2620 2122 2622
742 143 55 1258 9 742 2000 742 453 289 1258 2 2 139 26 2 47 171 6 1249 2
903 2571 2574 1936 1693 554 2603 2605 2351 2618 2491 2621 2623 2625 2626 2629 2630 969 2122 1227 865 2532 2173
1596 135 31 1596 44 2000 13 12 54 26 171 27 7 5 2 2 1 404 1596 404 404 207 360
2688 865 2571 2532 2665 903 969 554 1227 2173 1936 2351 2691 2122 2647 2689 2692 2618 2491 2621 2653
9 408 202 245 27 1592 408 2000 408 408 1592 96 1 1592 25 4 3 48 110 91 15
865 2571 2532 2699 2665 903 2696 969 554 1227 2173 1936 2351 2674 2621 2647 2672 2491 2684 2122 2686
367 174 117 2 252 1633 1 367 2000 367 367 1633 93 5 74 100 57 100 1 1633 47
903 2571 1936 2708 2735 2716 2722 2723 2729 554 2731 2732 2351 2739 2740 2741 2491 2621 969 2122 1227 2647 865 2532 2665 2672 2173 2686
1670 194 1670 53 2 10 1 9 17 2000 15 8 98 5 6 2 38 7 330 1670 330 38 330 285 127 45 330 53
865 2754 2571 2532 2758 903 969 554 1227 2764 2765 2173 1936 2738 2708 2741 2665 2744 2756 2351 2122
345 7 243 109 3 1655 345 2000 345 1 1 345 1655 8 94 9 114 5 13 102 1655
865 1227 2756 903 969 554 2571 1936 2794 2122 2665 2532 2173
408 408 76 1592 408 2000 408 1592 2 1592 1 11 408
2816 865 2818 2571 2852 2853 903 969 554 1227 2830 2173 1936 2851 2842 2841 2810 2122
2 576 41 576 2 1 1424 576 2000 576 13 576 1424 3 5 4 15 1424
865 2571 903 969 554 1227 2173 1936 2910 2903 2122 2878 2911
460 460 1540 460 2000 460 460 1540 1 2 1540 32 4
865 2571 2950 903 969 554 1227 2956 2958 2173 1936 2931 2959 2122 2878
196 196 13 1804 196 2000 196 1 3 196 1804 4 2 1804 55
865 1227 903 969 554 2571 2987 3005 1936 2995 2122 2999 3001 3003 3004 2173 2878
481 481 1519 481 2000 481 7 1 1519 21 1519 38 3 2 1 481 95
3040 865 3042 2571 3044 903 3017 554 1227 2173 1936 3026 3043 969 2122
3 411 6 411 1 1589 45 2000 411 411 1589 12 6 411 1589
3101 865 3042 2571 3073 3105 903 969 554 1227 3084 3106 2173 1936 3097 2122 3071
7 281 44 281 12 1 1719 281 2000 281 15 1 281 1719 3 1719 39
865 1227 903 969 554 2571 1936 3154 2122 3113 3143 3131 2173
389 389 1611 389 2000 389 1611 6 1611 156 7 1 389
865 1227 3204 3206 903 969 554 2571 1936 3154 3187 2122 3113 3188 3207 2173 3199
389 389 7 2 1611 389 2000 389 1611 62 6 1611 95 10 11 389 2
865 1227 3242 903 969 554 2571 1936 3154 3187 2122 3243 3222 3113 3188 2173
536 536 1 1464 536 2000 536 1464 193 29 1464 6 7 141 102 536
865 2571 903 969 554 1227 3245 3246 2173 1936 3154 3188 3113 3257 3258 2122 3263
596 596 1404 596 2000 596 150 2 596 1404 200 129 56 45 10 1404 6
865 2571 3300 3307 903 3304 3113 554 1227 3276 3245 2173 1936 3154 3188 969 3288 3257 3290 3305 2122
510 510 17 4 1490 6 137 2000 510 6 147 510 1490 40 92 510 12 83 12 15 1490
865 3362 1227 3300 903 3371 2122 3368 969 554 2571 3245 3357 1936 3188 3369 3113 3370 3257 3305 2173
780 1 780 271 1220 1 1220 4 780 2000 780 198 7 1220 85 1 124 5 261 23 780
903 2571 1936 3113 554 3245 3380 3257 3387 3402 969 2122 1227 3405 3411 3412 3415 3416 3417 3418 3419 3420 865 3300 3188 2173
1326 674 1326 132 2000 119 10 246 8 3 674 1326 674 13 1 2 3 1 2 1 1 2 674 165 205 674
865 1227 3300 3461 903 969 554 2571 3436 3245 3188 1936 3472 3459 2122 3476 3113 3257 2173 3423
935 935 437 11 1065 935 2000 935 41 152 75 1065 3 37 1065 8 20 361 935 67
865 2571 3300 903 969 554 1227 3245 2173 1936 3476 3499 3485 3257 3503 2122 3423
800 800 466 1200 800 2000 800 35 800 1200 2 17 85 253 2 1200 57
903 2571 1936 3545 3485 554 3499 3503 3257 3521 969 2122 1227 3556 3549 3550 3423 3552 865 3555 3300 3557 3558 3559 2173
1135 865 1135 3 77 2000 50 46 443 13 865 1135 865 7 33 6 24 3 865 2 342 8 2 5 865
865 3503 1227 3300 903 969 554 2571 3556 3485 1936 3569 2122 3499 3574 3583 3576 3257 3567 2173 3579
1006 41 1006 350 994 1006 2000 1006 31 26 994 30 994 55 3 3 41 656 11 1006 3
903 3592 2571 3598 1936 3604 3485 3619 3620 3622 3623 3624 554 3499 3503 3257 969 2122 1227 3556 865 3300 3567 3576 2173 3583
1283 18 717 4 1283 8 1 2 1 2 1 4 2000 75 30 559 717 1283 717 20 717 158 20 30 717 18
865 2571 3300 903 969 554 1227 3556 3662 2173 1936 3651 3619 3598 3576 3257 3503 3644 2122 3661
505 505 82 1495 505 2000 505 237 4 505 1495 6 35 9 9 423 9 28 1495 1
865 2571 3556 3300 903 969 554 1227 3693 2173 1936 3697 3699 3701 3704 3664 3257 2122 3684 3709
220 220 240 42 1780 220 2000 220 32 220 1780 41 10 3 8 13 178 1780 87 3
865 2571 3556 3718 903 969 554 1227 3719 3693 2173 1936 3697 3699 3257 2122 3711
39 39 500 2 1961 39 2000 39 1 110 39 1961 84 57 39 1961 19
3718 903 1936 3735 3737 3739 3740 3751 3753 554 3770 3775 2122 3787 3788 3791 3792 3793 3794 3795 3796 3797 3556 3693 3697 3699
92 2000 2000 9 22 28 5 9 8 2000 9 18 2000 2 12 2 2 4 2 1 1 1 284 246 14 152
3842 3556 3846 3718 903 554 3693 3821 1936 3699 3828 3739 3836 2122
1 441 2 276 2000 2000 218 127 2000 165 45 142 2 2000
3821 3556 3897 3718 903 3912 554 3911 3693 3919 1936 3922 3699 3828 3931 3876 3929 3930 3739 2122 3927
50 525 5 39 2000 12 2000 8 353 10 2000 5 486 42 3 5 3 1 117 2000 1
3978 3556 3718 903 3997 3945 554 3693 3950 3821 1936 3985 3922 3699 3828 3990 3992 3993 3994 3739 2122
9 427 107 2000 1 26 2000 708 60 24 2000 13 116 320 116 4 5 3 1 89 2000
4033 4034 3556 3718 903 3945 554 4055 3693 1936 3985 3922 3699 3828 4053 4054 4041 4052 4028 2122 4031
3 22 483 56 2000 154 2000 2 710 2000 32 32 427 32 9 1 2 3 19 2000 27
4096 3718 903 4106 1936 3985 4116 4120 4122 4125 4126 554 4028 4034 2122 3922 3556 3945 3693 3699 3828 4089
21 220 2000 66 2000 3 4 6 3 2 1 2000 60 130 2000 3 384 57 952 164 3 4
4034 4176 4162 3556 4166 3718 903 4169 554 3693 4175 1936 4177 4106 3699 4180 3945 4028 2122
3 3 48 249 22 93 2000 13 2000 665 6 2000 1 16 156 1 159 9 2000
4226 3556 4229 3718 903 3945 554 3693 4221 1936 4106 3699 4212 4198 2122 4223
18 90 5 7 2000 299 2000 732 14 2000 60 83 6 6 2000 12
3556 4198 3718 903 3945 554 3693 4221 1936 4242 3699 4212 2122 4229
163 50 50 2000 261 2000 607 140 2000 42 113 50 2000 12
4288 4289 3556 903 3945 554 3693 4270 4221 1936 4242 3699 2122 4287
2 2 81 2000 130 2000 896 47 233 2000 20 81 2000 18
4324 4326 903 3945 554 4331 3693 4221 1936 4339 2122
12 9 2000 27 2000 3 942 338 2000 3 2000
4386 903 3945 554 4363 3693 4221 1936 4401 4402 4365 4373 4406 4407 2122 4382
23 2000 157 2000 18 1320 268 2000 16 16 18 11 10 1 2000 2
4443 903 3945 554 4363 3693 4221 1936 4442 4431 4435 4436 4437 4445 4440 4441 4410 4411 4444 2122
3 2000 327 2000 70 1368 235 2000 3 11 2 1 1 3 1 2 36 70 2 2000
4432 903 3945 554 4363 4428 3693 4221 1936 4433 4435 4410 4411 2122 4415
4 2000 241 2000 111 30 1450 202 2000 1 1 37 111 2000 3
4475 4452 4485 4486 903 3945 554 4363 4428 3693 4221 1936 4463 4470 4473 4410 4411 4442 2122 4415
4 53 4 1 2000 261 2000 174 16 1617 105 2000 7 18 7 34 174 12 2000 72
903 4489 4363 4495 1936 4498 4508 4510 4512 4514 4515 4516 554 4523 4524 4525 4526 4411 2122 3945 3693 4473 4221
2000 56 224 84 2000 21 3 10 4 6 22 6 2000 9 2 3 1 224 2000 295 1589 19 116
4592 4515 903 3945 554 4363 4589 3693 4495 1936 4593 4594 4595 2122 4559 4591 4411 4221 4571
3 35 2000 347 2000 285 1 1491 64 2000 5 2 4 2000 39 15 285 162 20
4610 4619 903 3945 2122 4363 3693 4622 4559 1936 4221 4593 4495 4617 4600 4411 4621 554 4607
21 8 2000 201 2000 434 1652 2 27 2000 147 14 14 5 21 434 5 2000 35
4610 903 4617 4363 4621 1936 4630 4635 4639 4641 4644 4647 4648 554 4653 4655 4411 2122 3945 3693 4650 4607
16 2000 6 931 8 2000 112 79 34 19 4 5 6 2000 1 3 931 2000 5 1995 2 201
