42 45 14 15 48 49 18 51 46 23
2 2 7 14 2 3 1 2 3 8
99 71 103 15 89 61 94
2 6 1 7 13 51 7
114 139 132 138 61
23 2 3 12 9
153 114 191 181 189
92 26 1 73 1
201 202 114 181 203
28 2 2 337 1
234 235 240 241 242 212 181
17 16 2 5 1 1 264
289 291 292 267 243 244 181 283 287 285 286 255
3 7 4 17 181 48 247 4 2 18 1 29
331 326 330 267 333 334 317 305 243 244 181 312 285
1 9 21 25 2 1 26 26 34 77 163 33 47
384 385 390 401 396 330 403 400 369 243 244 181 378 349 394
21 4 6 4 6 101 2 4 36 82 113 166 71 71 1
449 470 455 465 330 423 464 401 466 467 244 181 438 472 378 411 349 405
5 2 8 9 74 31 4 61 38 2 246 61 3 1 61 14 61 21
483 423 520 330 526 401 499 244 181 502 378 507 349
2 39 5 28 4 250 34 293 250 23 250 5 250
546 579 582 586 587 588 526 401 562 499 244 181 502 378 539 349
78 2 52 28 2 1 86 60 13 86 640 60 78 60 105 60
546 611 613 582 622 526 637 626 499 244 629 502 631 633 634 635 636 605 638
47 24 39 58 5 60 7 16 60 628 10 143 1 11 6 3 2 47 2
672 676 613 678 526 637 499 244 502 667 605 671
2 3 307 1 1 23 1 658 217 11 33 8
704 706 707 613 710 712 718 719 721 244 724 667 637
10 31 36 523 9 18 4 2 2 1119 3 10 29
704 768 740 613 712 637 244 765 766
73 1 10 181 40 26 1394 12 3
704 740 613 823 815 816 819 244 821 790 791
10 19 457 1 10 2 2 1435 3 17 34
868 613 838 839 872 874 877 816 244 791 825 869
7 321 25 5 9 6 1 7 1011 57 25 13
613 911 915 244 920 921
575 11 3 922 14 1
961 613 967 969 971 976 977 244 921 980
1 595 34 25 5 3 2 1044 53 2
1025 1026 995 1028 613 1030 1031 969 967 1027 244 921 1019
18 7 95 8 475 2 1 7 7 1 1244 7 10
995 613 1067 1068 1069 1073 244 1054 1061
88 339 12 28 1 1 1009 48 5
1120 1121 613 1069 244 1109 1054 1093
22 1 139 3 658 2 36 18
1152 1153 1154 613 244 1145 1151
2 1 1 199 391 4 2
640 644 613 648 649 619 244 632 638
4 24 160 6 2 38 160 72 3
704 705 651 644 613 710 711 714 619 716 717 718 719 244 632 715 703
6 11 80 6 107 9 2 2 118 1 1 1 1 107 50 4 14
737 619 613 651 739 244 759 632 762 764 765 766 741
58 235 235 36 20 235 39 20 10 7 2 3 33
737 651 613 808 619 780 816 817 244 822 759 824
17 54 125 3 187 65 4 12 125 4 43 3
864 619 651 613 871 872 873 874 875 877 878 880 835 244 868
25 211 78 184 22 2 6 1 12 1 2 1 16 184 18
898 835 868 613 619 909 912 244 918 919
12 79 67 225 423 7 1 225 5 2
960 835 868 613 935 619 973 975 976 977 978 979 244
46 82 155 297 22 452 3 1 1 1 3 1 297
835 868 613 935 619 244 1013 1017 1018 1020 1022
3 104 61 9 764 61 1 1 5 2 2
1056 1025 1067 868 1062 1057 1064 1065 1066 619 1068 1040 1041 1050 1051
2 37 1 193 1 47 10 3 1 922 1 34 157 15 17
1057 1122 868 1064 619 1100 1101 1041 1106 1051 1118
95 1 94 60 838 15 3 88 8 53 3
1057 868 1157 1041 1128 1161 619 1165 1134 1167 1064 1139 1172 1171 1175 1176 1149
64 113 19 113 102 6 452 4 7 3 21 25 3 3 1 1 7
1195 868 1128 619 1196 1197 1200 1041 1203 1204
4 119 102 261 1 8 3 119 14 2
868 1235 1233 1128 619 1041 1203 1238 1239 1241 1243 1244
135 7 27 142 269 135 44 1 2 4 1 1
868 1285 1041 1128 619 1288 1284 1274
50 27 50 47 531 2 7 7
868 1321 619 1294 1296 1041 1331 1334 1336 1316 1338 1339
42 36 531 9 36 42 6 10 12 18 4 1
1328 868 1321 619 1294 1327 1296 1041 1330
8 140 78 321 86 9 78 140 2
868 1321 619 1294 1296 1041 1365 1368 1370 1371
207 199 436 169 199 207 9 15 2 2
1410 868 1414 1383 1321 1418 619 1420 1421 1294 1423 1296 1041 1365 1422 1400 1412
5 63 7 31 89 8 411 3 2 123 1 89 63 50 1 18 2
1482 1474 1443 868 1457 1480 1321 1418 619 1453 1296 1041 1458 1365 1432 1433 1467 1469 1483
4 3 20 60 6 36 10 79 125 14 10 60 42 13 38 21 20 17 1
1474 868 1480 1418 619 1516 1517 1520 1041 1526 1432 1467 1469
5 49 22 76 179 4 7 11 49 4 28 28 9
1570 868 1574 1480 1418 619 1580 1520 1041 1588 1526 1593 1595 1578
16 92 6 36 71 12 9 39 92 8 32 2 7 4
1603 868 1609 1614 1615 1520 1041 1526 1627 1628 1630
123 64 1 30 17 10 64 3 3 17 3
1666 1603 1668 1637 1649 1615 1041 1650 1667 868
2 42 1 30 31 146 9 9 2 9
1698 1700 1671 1673 1615 1684 1686 1679 1692 1694 1695
6 1 25 96 112 29 62 4 14 6 16
1756 1673 1740 1615 1684 1737 1759 1754 1755 1695 1725 1758 1727
1 232 24 204 10 2 2 4 8 64 47 5 93
1793 1819 1673 1740 1615 1815 1816 1695 1758 1727
3 4 170 31 105 21 3 31 1 53
1855 1858 1859 1860 1861 1864 1673 1844 1819 1727
9 1 5 5 6 2 196 4 21 27
1920 1921 1923 1924 1673 1902 1911 1916
4 1 1 2 369 14 9 34
1986 1987 1927 1673 1965 1971 1974 1978 1916
2 4 28 370 2 16 3 21 81
2042 1673 2030 2033 2002 2036 2039 1978 2043 1916 2045 2046 2015
2 124 6 4 22 15 2 43 10 47 8 2 23
2097 2087 2088 1673 2094 2063 2033 2002 1978 2095 2015
5 12 18 180 1 16 52 37 44 9 64
2115 1673 2095 2135 1978 2015
4 102 23 4 31 102
1673 1978 2015 2172 2095
144 91 144 35 43
2209 2180 1673 2219 2220 2193 2195 1978 2207 2172 2015
6 29 46 1 1 7 47 72 50 24 46
2272 2209 2274 2276 2273 1673 2250 2262 1978 2207 2268 2269 2015
7 55 1 2 2 161 4 1 55 3 3 11 161
2209 2307 2314 2310 1673 2250 2316 2317 2286 2288 2328 2322 2324 2325 2296 2297 2298 1978 2015
22 9 11 59 64 16 9 5 19 17 1 2 3 5 55 24 129 22 64
2209 2310 1673 2288 2357 2296 1978 2364 2298 2366 2015
121 35 87 87 21 25 121 5 59 2 87
2310 2417 1673 2288 2385 2421 2423 2296 2298 2015
1 5 52 52 21 17 21 15 134 52
2466 2439 2434 2426 2457 2298 2461 2430
1 17 14 1 16 186 3 147
2497 2498 2502 2506 2508 2509 2510 2515 2430
3 2 21 12 3 4 11 1 79
2562 2565 2506 2571 2573 2542 2515 2430 2559
4 1 52 1 1 9 22 29 20
2562 2627 2597 2631 2633 2637 2640 2642 2643 2612 2622 2582 2617 2430 2559
78 8 40 6 3 10 10 2 6 36 14 61 2 43 78
2688 2562 2691 2597 2667 2430 2690 2645 2647 2679 2651 2653 2622 2559
3 52 2 1 72 193 1 14 17 1 72 64 38 52
2721 2722 2667 2725 2727 2728 2699 2717 2430 2712 2718 2651 2653 2622
1 4 38 4 1 1 46 7 62 7 8 38 42 88
2722 2763 2758 2760 2761 2667 2766 2737 2622 2750 2651 2430 2751
22 15 16 5 6 59 1 31 98 1 59 47 42
2784 2722 2792 2761 2667 2798 2803 2804 2430 2775 2651 2622 2751
31 5 27 33 46 12 4 1 54 80 46 101 21
2824 2825 2667 2830 2832 2833 2839 2838 2761 2835 2651 2812 2813 2430 2751
43 12 271 1 9 2 1 3 6 2 271 7 4 27 37
2848 2854 2855 2824 2667 2861 2863 2871 2835 2868 2837 2839 2872 2651 2751
28 17 3 68 122 5 20 1 31 6 31 19 1 122 35
2848 2913 2918 2854 2919 2889 2922 2667 2835 2917 2839 2906 2651 2881 2751
11 5 3 31 2 34 1 46 11 3 63 15 46 7 18
2977 2978 2979 2966 2934 2839 2968 2971 2972 2973 2974 2975
1 6 2 6 161 47 2 8 2 4 15 1
3044 3045 3019 2934 3035 3005 2974
6 3 38 51 3 34 13
3077 3049 3019 3086 3088 3089 3090 3091 3081 3064 3069
3 62 2 3 1 5 2 3 4 15 13
3137 3139 3113 3154 3049 3129
4 9 9 3 25 32
3200 3137 3207 3049 3175 3185 3228 3113 3129 3232 3196 3231
11 66 35 46 68 15 2 114 27 1 8 3
3200 3137 3175 3049 3247 3113 3288 3129 3290 3291 3292 3293
32 158 69 30 10 105 1 194 1 3 3 1
3200 3137 3332 3333 3175 3113 3328 3344 3346 3049 3129
27 34 36 46 68 22 21 4 1 63 629
3328 3393 3394 3333 3175 3049 3382 3129
116 6 1 11 51 72 15 496
3328 3425 3426 3427 3333 3430 3432 3435 3436 3405 3411 3129
42 1 10 10 54 2 5 2 2 23 22 320
3456 3333 3405 3443 3449 3448 3129 3450 3451 3452 3453
4 19 49 25 79 16 223 12 9 4 8
3488 3495 3498 3499 3500 3405 3502 3501 3504 3505 3508 3449 3503
99 21 13 9 3 45 5 29 3 4 1 73 4
3488 3555 3543 3449 3513 3550 3551
168 2 4 208 153 10 17
3488 3577 3575 3563 3564 3565 3566 3569 3574 3513 3449 3578 3550
155 2 1 22 21 6 2 9 2 9 327 2 8
3488 3654 3594 3607 3609 3449 3642 3645 3646 3647
185 12 2 11 26 286 16 13 12 6
3488 3717 3719 3607 3724 3730 3699 3731 3609 3704 3449 3703 3708
163 14 17 106 16 4 1 1 106 39 301 38 3
3488 3778 3609 3766 3719 3802 3801 3703 3756 3789 3798 3607 3449 3770 3803 3804 3805 3806 3717
191 2 11 2 41 3 4 129 5 1 8 52 190 13 1 1 1 2 1
3488 3862 3719 3607 3850 3851 3861 3798 3703 3449
131 14 80 28 49 9 11 42 140 168
3719 3850 3886 3798 3703 3449
39 61 8 21 295 295
3936 3937 3890 3923 3703 3928 3449 3902
3 2 14 9 261 8 261 29
3959 3954 3952 3890 3955 3956 3957 3958 3703 3960 3449 3902
2 5 12 37 1 1 4 4 133 1 133 47
3968 3973 3976 4010 4011 3982 3961 3902 4005
29 21 21 2 1 20 88 37 14
4045 3982 4047 4014 4054 4057 4056 3961 4029 4062
22 35 15 102 21 3 3 93 20 1
3982 4121 4107 4110 4116 4014 4118 3961 4089
80 1 14 14 5 56 8 31 19
4160 4171 4172 3982 4175 4176 4145 4116 4110 4118 4120 3961 4127
18 2 1 415 3 1 24 189 9 1 10 63 37
4160 4244 4202 4238 4237 3982 4116 4245 4246 4120 3961 4187 4127
45 4 35 3 21 452 130 2 1 53 22 78 71
4160 4299 4293 4295 4297 4266 4267 4237 3982 4116 3961 4298 4244 4187 4202 4127
132 2 7 4 5 41 14 83 637 174 33 1 88 83 1 11
