2 21
6 8
58 59 60 61
1 3 1 1
103 111 112 113 114 115 116 118 120
22 3 1 1 4 1 1 5 1
32 33 19 29 31
2 3 1 7 3
3 12 15 16 18 21
5 1 2 1 1 2
70 75 76 77 53 59
11 2 2 1 10 9
113 130 133 87
17 12 1 21
162 178 181 183 184 185
1 20 1 4 6 1
1 13 14 16 17 18
3 5 2 1 2 2
5 15
3 42
33 39 41 42 43 44 30
2 3 4 4 1 2 23
66 76
39 1
91 92 94
6 2 1
139 143
2 4
24 18 20 21 23
1 5 1 1 1
67 71 72 73 74 44 57
3 4 3 2 1 2 41
85 110 109
15 2 2
0 7 8 12 13 15
14 4 11 2 1 3
57 54 55
2 11 1
1 10 3 4 6
10 1 4 6 8
55 53 54 39
4 14 6 2
18 27 29 14
4 1 4 1
56 57 71 70 73
7 3 1 2 1
105 109 110
19 1 1
152 160
6 2
210 213 214
4 4 4
224 225 234 236 249 253
17 7 1 9 4 4
256 241 257
6 1 2
292 293 294 296 297 298 273
1 9 6 1 3 1 10
288 290 278
2 1 2
24 25
3 5
96 76 45 80 81 55 92 95
1 11 2 3 39 48 3 3
123 124 125
17 5 7
162 163 164
5 2 3
202 172 205 206 207
5 42 6 2 1
16 17 13 15
1 2 14 2
74 75 56 82 86 88 61
1 3 2 12 7 3 11
152 153 124 151
3 1 12 19
181
3
201 195 203
2 2 1
9
1
18 19 24 25 28 29
6 1 6 1 2 4
9 2 14
3 3 2
35 38 40 43 46 48 49
21 3 1 4 8 2 1
82 87 77 85
10 1 3 3
128 129 130 132 133 102 123
9 3 3 4 4 12 10
16
6
8 3 12 5 15
16 4 10 18 1
42 35 45 46 39
8 24 1 3 5
4
1
43 35 46 30 45
5 1 2 4 1
5 6 8 14 15 21 22 25
4 15 5 2 8 5 2 2
56 58 59 53
1 4 1 6
91 92
3 3
113 122 114 124 117
4 3 1 3 13
144 177 176 173
22 1 1 2
1
2
24 27 28 31
1 21 2 2
57 60
1 1
105 106 101
6 2 10
118 119
3 1
185 172 182 183
3 19 6 11
199 235 241 243 250 251
2 10 4 11 2 1
294 296 300 301 272 254
18 3 1 1 10 15
266 269 271 274 275 276
5 1 2 2 1 2
18 6 23
15 32 1
59 60 62 54 55
3 2 2 2 9
97 106 108
5 1 2
106 111 116 117 103
13 10 3 2 2
134 149 150 153 157 159
10 4 5 1 3 8
168 216 213 214 199
16 3 1 1 6
225 234 231
6 12 7
256 234 255
3 22 22
16 17 18 19
4 4 2 1
64 55 39
1 31 32
39 108 55 120 121 122
24 10 24 9 13 4
161 164 166 39 145 55 156
1 2 3 26 6 26 3
233 231
4 12
289 292 262 294 296 285 293
7 1 6 2 4 1 3
334 339 341 342 344 345
4 4 2 8 1 3
2 4 5 6
2 26 1 1
56
1
104 105 108 112 113 118 119 120 123
4 1 3 6 5 1 1 2 1
169 171
2 2
37 53
5 3
32 33 34 36 20 30
1 1 1 1 2 4
25 18 28 29 30
2 1 1 4 3
64 74 78 71
7 16 2 3
24 27 28 21 29
2 3 2 14 4
35 38 40 41 42 14 21 23
8 6 3 1 1 3 9 12
105 82 106 101 102
3 2 2 16 2
118
20
162 150 166
10 8 3
192 193 194 178 185 187 188 191
1 1 2 2 21 1 1 1
227 229 230 232 234 235 209 197
1 2 1 2 1 5 2 7
280 281 278
3 1 17
13 18 20 21 24 26 28
2 4 3 2 2 1 3
80 74 83 77
1 8 2 3
