2 3 4
5 1 2
7
5
1 2
2 1
25 10 27
1 2 2
2
1
26 27 28
3 6 1
12
4
2 4
1 6
17 19 13
2 1 3
19 20 21
5 1 2
16 14
3 2
10 14
5 1
0 11
1 12
1 3 4
2 2 1
0 1 2
2 1 2
4 5 6 7 8 9 10
2 2 1 1 1 1 1
0 7
3 1
2 4 5 6
2 3 1 2
9 10
3 1
28
2
0 1 2
1 2 2
25
9
9 11 7
5 1 2
0
1
24 26 28 29 21
1 1 2 1 1
11 12 13
1 2 2
3 4
9 1
1 2
2 1
0 1
1 1
1 2 4 5
7 1 2 1
2 4 5
1 1 1
8 12 13 14
7 3 1 2
2 3 5 6
1 2 2 1
9
4
10 14
2 1
7
1
3 5
2 3
2
1
4 5
4 3
4
1
9 7
2 3
2 4
1 3
22
2
16 17 12 14 15
2 1 2 1 1
11 5
1 2
1 4 6
2 1 1
16 17 10 9
1 1 6 2
0
1
18 20 13
2 1 1
18 21
3 1
11 7
5 2
3 5
3 2
1
1
18 19 20 22 23
1 2 2 1 3
2
1
17 18 19 20
4 1 2 1
12 4 13 14
6 3 1 1
1
2
16 18 19
1 2 1
4 6
1 1
24 25 26 28
6 1 3 4
12 15
3 1
0 1
5 1
1 2
7 1
0 1
1 2
1
7
16 17 11 13
3 3 1 1
4
1
1
2
0 3 5 6
1 1 1 4
2
2
4 5
1 1
19 18 11 15
1 2 2 1
10 15
2 1
1
2
8 2 4 7
1 6 1 3
8 9
9 1
3 5
1 2
9 2 3 4
2 3 7 1
17 18 12
1 1 3
8 10 11 6
1 1 1 1
8 5
1 4
8 9 4 6
3 1 2 1
2
9
1 2
7 2
1 3
1 2
18 22
4 1
37
2
24 26 20 21 23
2 1 3 1 1
0 1
1 1
