23
31
64 65 66 35 73 75 77 79 81 82 83 84 23
14 33 11 53 4 13 1 2 1 2 4 3 67
96 66 100 101 103 107 83 23 95
2 40 1 1 4 2 19 21 19
66 168 171 174 175 144 83 148 149 156
21 9 1 4 2 33 75 35 13 3
195 144 83 213 218 220 221 222
13 33 201 3 8 4 3 2
195 264 259 266 273 83 244 277 280 281
21 1 11 7 11 142 26 7 1 4
293 326 264 334 335 83 244 310 319
80 9 72 1 2 134 12 57 28
293 358 360 264 370 83 244 374 372 319
386 36 7 12 5 214 37 2 3 90
293 358 360 370 83 244 405 407 408 409 379 319
246 64 52 34 162 281 12 1 2 3 13 91
293 358 360 430 431 370 83 244 437 438 440 441
151 223 199 35 6 40 142 381 4 8 1 2
293 358 455 360 490 487 467 465 83 244 470 471 488
93 315 25 345 3 4 4 26 117 364 20 7 2
293 358 519 360 524 525 465 530 83 244 535 539 542
21 247 1 474 23 6 127 1 74 299 5 1 7
577 610 611 612 614 358 615 360 556 524 616 465 562 83 244 565 598 596 582 605 597
8 5 7 2 1 307 2 267 44 38 2 67 55 87 247 55 27 3 1 10 4
358 646 360 465 244 639
466 1 281 92 163 3
673 678 358 679 360 649 465 677
10 2 736 3 510 44 33 1
704 673 708 710 358 711 360 649 465 699 701 703
3 39 2 1 828 2 305 187 53 16 5 6
736 738 739 740 358 360 713 727 465 724 725 649 729
9 8 1 1 1321 57 8 16 49 32 27 198 12
736 770 771 773 358 360 649 748 776 752 465 774 724 757 758 766
22 10 6 5 676 294 55 9 4 9 294 5 130 23 4 23
736 832 770 835 773 358 839 360 777 778 816 465 786 724 649 826 766
26 2 62 6 50 418 2 427 100 24 10 427 67 24 81 20 44
864 770 773 358 871 360 777 778 850 847 816 465 786 870 872 649 856 861 869
4 109 69 298 1 232 84 32 25 88 10 232 10 1 1 42 15 34 2
770 773 358 913 360 777 906 903 909 847 465 904 915 649 778
392 25 214 25 590 74 23 1 5 136 590 8 3 19 10
770 982 358 977 360 777 906 974 847 465 979 918 983 955 988 970
213 5 337 12 235 74 72 6 110 235 7 123 5 42 5 19
992 770 1019 1028 1030 358 1031 360 1033 906 1003 1004 918 465 1034 982 955 970 1029
21 444 8 3 6 180 3 444 1 46 72 94 10 444 1 13 81 138 8
992 1089 770 1003 358 360 970 1067 1004 1090 1072 465 955
1 8 414 67 46 414 67 23 67 4 8 414 12
992 1121 770 1131 1092 358 1137 360 1097 970 1003 1133 1135 465 1138 1107 1108 1139 1067 1111
26 2 598 5 16 44 7 598 1 142 142 1 27 598 1 12 10 1 13 3
770 1187 1188 1163 360 970 1003 1186 465 1172 1174
1005 5 1 7 1005 68 68 7 1005 12 10
1217 770 360 465 1206 1213 1215
2 749 749 749 28 21 2
1248 770 1219 360 1228 465 1206 1240 1242 1245 1246 1247
1 1128 27 1128 7 1128 19 11 2 2 7 2
1249 770 1219 1255 360 465 1304 1309 1311
20 1103 55 127 1103 1103 3 3 5
1345 770 1219 1349 1350 1249 360 1255 1324 1326 465 1339 1340 1351
37 1506 102 6 11 14 1506 12 59 22 1506 12 2 3
1352 1249 770 1350 1345 360 1326 465 1364 1368 1369
2 129 1440 95 51 1440 13 1440 17 24 17
1249 770 1443 1446 1350 360 465 1394 1364 1429 1400 1438 1445
105 1329 7 6 81 1329 1329 26 98 40 11 2 3
1249 770 1350 1473 360 1488 465 1364 1429 1469 1493
276 1258 20 19 1258 3 1258 4 3 4 7
1249 770 1547 1542 1544 360 1515 1549 1551 1552 465 1554 1525 1529
497 1186 24 6 8 1186 83 4 1 1 1186 2 30 9
1249 770 1603 1572 465 360 1515 1602 1582 1585 1529 1561 1562 1597 1567
585 1224 1 22 1224 1224 46 2 55 22 25 58 9 4 16
1249 770 1572 360 1643 1582 465 1653 1657 1656 1561 1626 1631
192 1445 204 1445 35 84 1445 2 1 4 250 22 27
1249 770 1572 360 1582 465 1656 1561 1626 1660 1661 1631
281 1118 184 1118 14 1118 7 34 88 6 2 29
1249 770 1699 1572 1697 360 1705 1708 1711 1712 465 1716 1718 1689 1688 1561 1626 1660
199 1211 40 473 15 1211 3 4 7 11 1211 2 1 9 46 83 15 42
1249 770 1572 1765 1734 360 1739 1736 465 1746 1766 1561 1688 1721 1758
215 1416 781 2 79 1416 4 21 1416 2 1 16 10 33 2
1824 1249 770 1827 1572 1830 1734 360 1828 1826 465 1813 1782 1815 1817 1818 1819 1822 1829
1 24 1366 3 629 1 33 1366 2 4 1366 17 27 7 3 2 3 4 1
1249 770 1867 1572 1862 360 1834 1835 1868 1869 465 1828 1819 1866
20 1398 14 865 1 1398 4 64 3 1 1398 4 131 4
1921 770 1915 1572 360 1869 1934 1936 465 1938 1819 1922
4 1612 26 1249 1612 74 1 4 1612 1 95 3
1960 770 1819 1572 360 1961 1869 1965 465 1955 1956 1946 1915
4 1833 19 1317 1833 1 19 1 1833 2 1 7 102
1984 770 1915 1572 360 1986 1964 1869 465 1972 1975 1976 1978 1819 1949 1982 1983
2 1654 66 1015 1654 1 15 52 1654 23 4 1 2 52 7 3 2
1985 770 1572 1869 360 2025 1964 2029 2030 1999 465 2034 2037 2039 1819
53 1723 886 1 1723 4 125 21 13 22 1723 4 2 1 1
1985 770 1572 360 2060 2091 1964 2082 2094 2092 2096 465 2074 2079
9 1722 1238 1722 94 6 111 20 1 2 1 1722 2 32
2145 770 1572 2118 360 2092 1964 2146 2060 465 2131 2148 2143 2079
5 1736 1274 85 1736 54 64 2 55 1736 7 1 4 55
2209 770 1572 2213 2118 360 2092 2154 1964 2210 2060 465 2216 2214 2212 2203 2205 2206 2079
5 1677 1539 3 164 1677 96 16 144 9 15 1677 1 2 1 14 1 5 15
2241 770 1572 2118 360 2060 2219 2092 465 2227 2237 2079
2 1690 1474 271 1690 66 2 486 1690 25 1 66
770 2267 1572 2277 2118 360 2092 2060 2303 465 2295 2299 2301 2302 2079
1600 18 1488 15 475 1600 499 137 2 1600 4 7 1 6 137
770 2060 2332 2079 2337 1572 2092 2354 2357 2360 2361 2363 2364 2367 2370 2372 2118 465 2340 2267 2277 360
1436 173 25 173 11 1319 208 15 16 6 4 3 3 4 2 3 343 1436 8 170 34 1436
2432 2337 770 2435 2372 2277 2118 360 2060 2079 2092 2434 465 1572 2267 2438 2399
16 9 1134 26 36 95 340 1134 76 76 86 9 1134 1124 76 5 48
770 2435 1572 2469 2118 360 2092 2060 2477 2478 465 2399 2372 2267 2079
1228 17 1216 3 220 1228 134 153 1 3 1228 65 8 153 153
2529 770 2523 1572 2118 2503 360 2060 2092 2498 2511 465 2399 2515 2516 2527 2520 2267 2526 2079
1 1328 3 1328 390 26 1328 102 301 80 33 1328 60 21 5 1 6 102 8 102
2561 770 2571 1572 2118 2503 360 2060 2538 2079 2092 2498 465 2570 2564 2267 2557 2558 2399
4 1059 6 1059 198 34 1059 125 20 125 208 80 1059 1 2 125 30 10 107
2625 770 2627 1572 2630 2118 2631 360 2060 2092 2498 465 2626 2616 2628 2267 2079
2 1256 4 1256 1 107 1 1256 2 339 65 1256 10 8 1 2 2
770 1572 2118 360 2648 2092 2498 465 2646 2616 2632 2651 2652 2653 2654 2655
1225 1225 191 1225 16 382 7 1225 13 99 30 4 2 3 1 3
2657 770 2691 1572 2694 2118 2689 360 2664 2696 2092 2672 465 2693
20 923 8 923 3 6 4 923 3 2 565 9 923 8
770 1572 2737 360 2732 2092 2672 465 2738 2717
1343 1343 15 1343 5 444 28 1343 1 1
2784 770 1572 2757 2790 2791 360 2793 2794 2795 2092 465 2774 2776 2760
2 995 995 26 34 1 995 1 1 1 178 995 5 69 12
770 2851 1572 2757 2854 2855 360 2092 2832 465 2853 2840 2847
1075 3 1075 22 2 1 1075 509 7 1075 6 7 14
770 2851 1572 2917 2919 360 2921 2092 2894 465 2915 2920 2916 2906 2907 2908 2879
1141 34 1141 1 5 1141 4 639 20 1141 6 4 3 6 9 13 3
770 2851 1572 2981 2950 2951 360 2985 2983 2092 2958 2959 465 2984 2920 2980 2948 2947 2941 2973
1465 188 1465 2 37 3 1465 3 2 582 10 9 1465 1 146 9 1 5 6 1
770 2851 1572 2950 3015 360 3020 2987 2092 3022 465 3026 2997 2980
1680 292 1680 104 23 1680 14 16 641 2 1680 1 44 14
770 2851 1572 2950 360 2987 2092 465 2997 2998 2999 3000
1656 511 1656 142 1656 17 434 1656 30 2 3 1
770 2851 1572 3045 2950 3025 360 2987 2092 3042 465 3043 2997 3044 3036 3037
1612 531 1612 2 83 8 1612 24 560 9 1612 2 103 2 11 2
770 2851 1572 360 3084 3083 2092 3085 465 2997 3066 3069
1620 482 1620 1620 1 1 457 2 1620 95 4 48
770 3095 3098 2851 1572 3113 2092 3118 3119 3122 2997 3127 3135 3137 3139 3140 3142 3143 3144 3147 3148 3149 3150 3151 3152 465 360 3066 3069
1587 48 27 655 1587 54 728 45 7 15 7 12 5 7 4 1 2 5 3 8 2 1 1 1 1 1587 1587 3 64
3201 770 2851 1572 3143 360 3113 3178 2092 3181 3118 3183 3184 465 3159 3192 3195 3197 3199
2 1789 510 1789 58 1789 52 6 1145 58 274 18 32 1789 56 6 8 1 1
770 2851 1572 3143 360 2092 3118 3216 465 3218 3195 3159 3192 3227 3228 3229
1890 383 1890 71 1890 1385 212 3 1890 2 28 73 27 7 2 2
3200 770 2851 1572 3237 360 3241 3242 3223 2092 3118 465 3235 3222 3159 3192 3240
59 1905 510 1905 3 1905 1 1 10 1294 203 1905 1 96 15 15 1
3200 3296 770 2851 1572 3249 360 3297 2092 3266 3118 465 3283 3299 3222 3293 3294
23 4 1912 420 1912 2 1912 1 1399 11 219 1912 4 2 229 11 5
770 2851 1572 3334 3335 360 3337 3330 2092 3266 3118 465 3314 3222 3338 3324 3293 3327
2000 195 2000 26 4 2000 1 17 1805 29 388 2000 24 171 1 27 17 71
3360 770 2851 1572 3334 360 3378 2092 3266 3118 465 3314 3379 3222 3324 3358 3327
26 2000 492 2000 59 2000 2 1508 15 234 2000 308 1 492 8 15 111
770 2851 1572 3334 3441 360 2092 3442 3118 3440 465 3314 3443 3444 3445 3222
2000 428 2000 63 4 2000 1572 3 17 34 2000 488 1 3 2 428
3488 3489 770 2851 1572 360 3468 2092 3440 465 3314 3477 3222 3450
3 3 2000 275 2000 2000 53 1725 70 2000 442 24 275 66
3520 3536 770 2851 1572 3542 360 3529 2092 3538 3440 465 3314 3541 3222 3543 3450 3547 3548 3546
9 3 2000 58 2000 1 2000 3 1942 16 169 2000 681 2 58 9 50 5 6 1
770 1572 360 3529 2092 3566 3440 465 3314 3575 3577 3578 3580
2000 2000 2000 15 2000 14 79 2000 342 5 3 1 2
770 1572 360 3529 3626 2092 3597 3599 3440 465 3314 3637 3638 3608 3610
2000 2000 2000 84 16 2000 8 36 376 2000 335 21 7 4 7
3681 770 1572 360 2092 3440 465 3314 3638 3675
9 2000 2000 2000 2000 417 2000 108 42 21
3712 770 1572 360 3690 2092 3440 465 3314 3702 3705 3675 3708 3710 3711
1 2000 2000 2000 34 2000 810 2000 11 19 7 31 7 3 4
770 1572 360 2092 3440 465 3314 3764 3733 3702 3767 3768 3765
2000 2000 2000 2000 725 2000 194 10 11 22 2 1 1
770 1572 360 2092 3778 3440 465 3314 3829 3702 3812 3834 3803 3773
2000 2000 2000 2000 32 396 2000 550 6 10 38 1 19 84
3841 770 3843 1572 3862 360 3894 3890 2092 3874 3880 3440 465 3314 3859 3830 3778 3835 3773
19 2000 29 2000 13 2000 5 5 2000 3 8 838 2000 475 27 24 86 97 18
3937 770 3843 1572 3943 360 3946 2092 3906 3440 465 3314 3830 3778 3835
9 2000 157 2000 17 2000 2 2000 34 801 2000 579 22 28 39
4000 770 3967 1572 3943 360 2092 3778 3440 465 3314 3830 3835 3906 4002
8 2000 21 2000 56 2000 2000 33 1025 2000 364 134 143 42 4
4000 4017 770 4016 1572 3943 360 4013 4018 2092 3778 4015 3440 465 3314 4020 3830 3835 3906 3967
47 4 2000 1 2000 154 2000 10 2 2000 23 4 998 2000 354 4 178 125 47 50
4000 4082 770 4081 1572 3943 360 2092 3906 4077 3440 465 3314 3830 4088 4090 3835 4061 3967
63 9 2000 19 2000 440 2000 2000 63 5 767 2000 548 216 2 1 108 3 203
4128 4129 770 4163 1572 3943 360 4144 2092 4082 3440 465 3314 4148 4158 3830 4164 3835 4157 4126 3967
70 20 2000 2 2000 372 2000 27 2000 37 660 2000 498 11 2 66 1 126 3 6 224
4225 770 4226 4128 4129 1572 2092 3314 4144 4157 4163 4168 4174 465 3967 3943 360 3440 4082 4211 3830 3835 4221 4223
3 2000 1 266 65 2000 2000 687 32 118 121 8 25 2000 408 487 2000 423 18 13 25 200 3 5
4128 4129 770 4163 1572 4262 3943 360 4144 4234 4263 2092 3440 465 3314 4240 3835 4157 3967
346 218 2000 117 2000 8 409 2000 83 62 4 2000 203 2000 529 2 120 165 699
770 4234 4128 4129 1572 2092 4144 4276 4157 4163 465 4315 4316 4317 4318 4319 3943 360 4285 3440 3314 3835 3967
2000 96 179 180 2000 2000 94 24 34 94 2000 3 24 7 2 1 283 2000 50 480 377 94 420
4128 4129 770 4163 1572 4358 4353 3943 360 4144 4234 2092 4322 3440 465 3314 4354 3835 4361 4285 3967
165 329 2000 17 2000 1 10 357 2000 232 141 2000 46 431 2000 374 14 17 2 141 356
770 4358 4234 4377 4128 4129 1572 4394 2092 4144 4402 4405 4406 4407 4408 4285 465 3943 360 3440 3314 3967
2000 10 75 30 13 282 2000 4 2000 335 8 8 2 2 1 75 2000 84 2000 687 84 246
770 4234 4128 4129 1572 2092 4144 4405 4410 4285 4426 465 4435 4437 4443 4446 4452 3943 360 4457 4458 4460 3440 3314 3967
2000 48 148 475 2000 2000 186 56 95 48 101 2000 14 2 6 5 2 48 2000 4 1 2 664 48 450
4481 770 4483 4234 4501 4507 4508 4128 4129 1572 2092 4144 4405 4410 4285 4512 4513 4426 465 4437 3943 360 4461 3440 3314 4468 4478 3967
45 2000 8 174 3 1 1 74 600 2000 2000 174 142 19 174 1 1 429 2000 60 174 2000 8 586 174 87 15 363
4129 770 1572 4405 4481 360 4533 4426 3943 2092 4285 4144 465 3314 4468 4437 4535 3440 4532 4234 3967
472 2000 2000 149 59 2000 6 422 86 2000 86 146 2000 86 127 193 2 764 9 86 403
770 4129 1572 2092 4532 4405 4543 4584 4426 465 4437 4569 4578 4581 4583 360 4585 4587 4590 3440 4593 4468 3967
2000 558 2000 2000 48 44 31 10 460 2000 230 10 3 12 12 2000 3 7 11 971 2 282 375
4640 4129 770 4667 1572 4405 360 4426 2092 3440 465 4468 4437 4662 4664 4666 4543 4668 3967
98 301 2000 1 2000 41 2000 170 2000 1032 2000 472 147 7 18 1 55 2 455
