34 37 40 41 42 14 17 21
2 4 2 3 3 25 25 62
97 42 47 50 21 87 89 90 92 94 85
1 104 66 63 101 12 22 14 14 1 5
96 135 136 42 47 144 50 21 89 90 143 92 122
114 2 10 33 35 1 32 16 157 148 1 355 51
96 193 203 177 50 122 89 154 92 90
11 22 1 4 11 46 174 118 527 109
228 229 231 200 233 199 89 154 92
7 19 1 49 2 28 62 60 860
200 284 269 271 274 243 277 278 281 89 154 283 92 282 255
13 2 8 11 1 3 3 4 1 16 103 2 1202 2 57
200 346 302 271 308 341 345 282 335 92 154
73 1 26 36 56 8 4 56 12 1321 158
399 389 390 200 397 302 271 401 402 308 404 282 347 92 154
5 9 20 51 4 62 37 1 1 148 2 148 29 1078 13
452 423 427 302 432 308 282 92
2 42 25 120 7 3 3 825
481 423 489 491 302 495 497 466 469 494 92
19 5 14 3 16 3 1 56 11 2 870
481 515 516 489 530 528 466 532 533 535 536 92
112 32 98 47 6 9 87 3 3 2 1 1019
576 481 515 516 551 600 489 586 593 530 595 596 533 536 92
2 85 29 59 74 2 264 1 4 47 1 2 7 15 1278
481 515 551 489 652 653 654 655 530 596 649 601 92
104 55 110 228 1 3 4 2 70 26 3 70 1175
481 515 677 551 489 683 687 689 530 596 601 92
46 1 28 121 182 2 8 1 129 16 129 1284
481 700 677 551 489 716 754 750 751 753 530 691 757 601 731 92
116 12 26 329 255 8 8 10 15 17 18 296 1 18 4 1472
800 481 804 677 551 489 814 816 753 691 820 821 822 819 92
14 91 25 25 492 397 2 1 3 366 1 2 2 21 1278
834 677 551 489 843 850 691 857 856 819 858 855 92
46 72 262 591 15 3 90 1 1 5 2 2 1111
899 900 677 551 872 489 904 92 894 901
8 2 10 574 36 471 1 1374 7 1
899 551 872 489 911 944 931 948 949 943 92
56 588 158 441 22 15 15 2 1 3 1328
992 551 872 489 988 975 980 981 983 986 955 92 989
1 323 108 443 4 2 2 16 2 2 73 1125 1
1024 1025 551 872 489 1038 1016 955 92
1 5 398 22 437 12 19 37 1208
1088 1090 1094 551 1096 489 1095 1068 1038 1048 1070 1065 1016 955 92 1087
8 3 2 503 2 343 1 7 16 12 7 2 98 68 1282 11
1088 551 489 1137 1138 1139 1143 1016 92 1087
52 495 277 23 1 2 4 51 1329 12
1153 1158 551 489 1137 1174 1016 1177 92
70 19 466 253 44 3 182 3 1451
1216 1153 1158 551 489 1194 1137 1212 1206 1016 1211 92 1213 1214
2 43 77 517 544 49 23 2 2 26 7 1145 4 1
1153 1252 1254 1158 551 1256 489 1194 1249 1260 1237 1257 92 1253
56 6 3 185 695 4 322 14 1 1 4 4 1408 1
1312 1158 551 1288 489 1294 1295 1299 1300 1308 1303 1306 1307 92 1310 1311
1 459 373 7 182 6 7 7 11 2 8 3 7 1662 4 2
1158 551 489 1399 1356 1390 92 1393 1394 1395 1398 1385 1400 1401 1372 1342
507 446 194 2 13 7 1535 1 3 3 2 3 1 1 17 11
1440 1441 1443 1444 1445 1158 551 489 1450 1447 1453 1454 1455 1449 1401 1403 92
6 20 6 22 12 149 336 291 5 6 1 1 1 3 87 50 1339
1507 1444 1477 1158 551 489 1450 1484 1454 1459 1401 1499 92 1503
2 68 5 57 255 336 68 5 14 17 49 17 1356 2
551 489 1546 1548 1551 1555 1459 1559 1401 1499 92 1533
259 346 13 13 27 19 151 3 61 151 1343 16
1600 1601 1595 1593 551 489 1599 1551 1555 1585 1459 1587 1577 1401 1562 1499 92 1566 1596
2 4 1 1 52 576 4 30 32 19 111 3 81 87 45 111 1226 144 3
1662 1659 1657 551 1577 489 1644 1551 1648 1585 1555 1459 1620 1621 1641 1499 1401 1627 92 1661 1566
1 4 11 23 31 791 23 19 13 39 28 38 16 69 10 38 79 38 1072 1 253
1692 1627 551 1673 489 1644 1551 1585 1555 1577 1401 1691 92 1566
4 11 101 19 968 101 47 49 58 78 23 80 980 204
1740 551 489 1738 1644 1709 1551 1585 1555 1737 1715 1705 1401 92 1726 1566 1727
4 111 1118 7 111 128 121 11 45 14 5 25 2 882 1 405 27
1760 1762 551 489 1644 1709 1551 1746 1555 1758 92 1566
3 3 137 1101 137 76 152 24 1 3 899 453
1824 551 489 1644 1709 1551 1746 1807 92 1566
3 178 844 178 139 46 67 6 1156 550
1856 1862 551 489 1863 1644 1709 1872 1746 1875 1844 1847 1848 1850 1851 92 1566
22 18 243 771 4 243 239 54 67 15 11 164 107 4 7 1229 520
1899 551 489 1863 1644 1709 1902 1903 1872 1746 1844 1878 1847 92 1900 1566
1 130 847 73 130 368 3 2 45 110 16 15 160 1153 1 475
1952 1953 1954 1926 551 489 1948 1863 1644 1709 1906 1847 1938 1746 92 1949 1566 1951
24 6 8 43 131 812 9 118 131 605 6 7 19 7 1188 17 480 6
1954 1988 1990 551 1992 489 1863 1644 1709 1998 1997 1938 1906 1996 1993 92 1949 1566 1983
39 6 2 165 1 1168 293 165 798 2 2 33 43 2 1 832 6 239 8
2060 2061 2063 1938 2068 2069 2070 2071 1906 1566 551 1709 1863 1993 2005 2009 92 2020 489 1644 2034 2045 2047
3 2 10 90 4 1 2 1 42 56 189 631 303 92 19 15 991 55 1009 189 8 23 3
2145 2146 2020 1863 489 551 1644 1709 2127 2128 1906 2137 1993 1938 2009 2138 92 1566
1 1 42 494 1212 84 84 434 6 25 77 3 60 57 51 2 788 95
2155 2020 1863 2152 489 551 1644 1709 2173 2128 2172 1938 2164 2009 2171 92 1906 1566
11 14 739 94 1414 44 44 460 1 40 4 15 6 59 3 586 3 176
2219 1863 2152 489 2218 551 1644 1709 1938 92 2205 1566
1 551 36 1495 1 3 3 772 101 505 65 82
2242 2243 2244 2245 2246 1863 2152 489 1709 1938 92 2205 1566 2239
5 2 5 1 2 471 53 1394 826 146 606 139 27 1
2288 2242 2277 1863 2280 489 1709 2290 1938 2291 2292 2281 92 2205
2 55 21 516 18 1435 919 1 109 7 2 5 565 87
2242 1863 489 2346 2343 1709 1938 2357 2358 2360 2354 92 2205 2303
136 468 1420 18 42 952 42 2 4 2 4 580 183 187
2242 2371 1863 489 2346 2343 2380 1709 2382 2383 2384 1938 2381 2377 92 2205 2303
151 17 381 1329 11 2 7 948 2 2 1 2 2 122 671 18 171
2432 2400 2242 2371 2434 1863 489 1709 2414 2416 2420 2377 2426 92 2205 2303
4 14 75 19 3 240 1641 1401 9 3 4 75 18 359 93 197
2465 2242 2468 1863 489 2443 1709 2478 2466 2450 2453 2477 2479 92 2303
3 52 16 205 1517 30 1312 3 3 12 19 2 2 483 133
2496 2242 2499 1863 2536 489 2538 2443 1709 2480 2537 2539 2303 92 2526 2527
9 56 39 8 4 1392 3 12 1384 11 2 1 8 608 49 13
2499 2566 489 2572 1709 92 2526
276 7 1502 1 1502 498 223
2499 2532 2566 2568 489 2570 1709 2569 92 2557 2526 2559
273 8 2 3 1638 1 1638 1 362 6 179 24
2499 2596 2629 2630 489 2571 1709 2580 2620 2628 92 2526 2623
438 45 12 1 1555 7 1555 73 1 10 445 69 6
2499 2596 2662 489 2666 1709 2673 2642 2580 2677 2647 92 2526
269 213 2 1731 8 1731 1 107 28 4 65 269 256
2499 2596 2727 489 2731 2732 1709 2734 2642 2580 2729 92 2526
216 363 4 1784 2 2 1784 2 12 202 1 216 156
2499 2596 2759 489 2762 1709 2580 2761 92 2526
536 192 1 1464 3 1464 186 5 536 196
2785 2786 2499 2596 489 1709 2787 2580 2788 92 2526
32 1 443 422 1557 1557 5 382 2 443 29
2785 2499 2596 2812 2790 2823 2824 489 1709 2787 2580 2825 2820 92 2821
201 523 797 7 11 6 1 1477 1477 127 201 2 13 523 10
2785 2499 2596 2790 489 1709 2829 2832 2835 2580 2837 2787 92
112 697 431 25 1303 1303 10 1 12 154 2 124 697
2785 2787 2596 2881 2876 2887 489 2859 1709 2499 2580 2878 2889 2884 92 2877 2846
85 397 290 8 5 2 1033 31 1033 967 397 14 1 3 967 12 72
2914 2499 2596 2918 489 1709 2925 92 2915 2932 2933 2934 2787 2884 2580 2908 2846
34 1170 385 8 830 830 18 1170 24 3 1 1 200 12 200 117 115
2946 2499 2596 2908 489 2956 1709 2787 2580 2966 2967 2932 2970 2971 92 2846
10 1360 353 199 640 4 640 55 55 1 2 63 2 1 1360 111
3040 3041 2499 2596 92 3020 1709 2580 3043 2932 3038 2787 489 3012 3035 2908 3006 3039
2 2 1632 82 1632 22 368 1 2 111 2 1 368 8 14 251 11 5
2499 3044 2908 489 3020 1709 2932 3006 3049 92 3038
1798 15 34 202 102 202 7 35 1 1798 65
3073 2499 3044 489 3082 3020 1709 3086 3089 3092 3038 3066 92 3006
9 1675 152 325 1 68 325 14 9 11 41 27 1675 28
2499 3108 3109 489 3116 1709 3118 3119 3120 3121 3044 92 3038 3020
1596 40 19 404 10 404 2 2 2 2 213 1596 3 26
2499 3044 489 1709 3151 3153 92
1541 333 459 459 2 12 1541
2499 3044 489 1709 92 3197 3198
1691 603 309 309 1691 28 1
3234 2499 3044 489 1709 3260 3253 3257 92
69 1535 438 465 465 3 14 9 1535
3297 3298 2499 3044 3270 489 3306 3307 1709 92 3293
15 16 1421 196 40 579 6 3 579 1421 11
3360 3361 3362 2499 3044 3270 3335 489 3340 1709 3363 3347 3351 92 3293
1 4 1 1685 424 102 25 315 8 315 1 21 14 1685 22
3361 2499 3044 3270 3335 489 3370 3404 1709 3412 3414 3415 3420 3419 92
37 1806 297 280 74 194 12 1 194 3 8 7 5 2 1806
3335 1709 3361 3492 3493 3494 3497 3463 3500 3501 3502 3503 3504 3505 2499 3270 92 3422 3424 3427 3044 489 3434
19 343 80 8 2 13 2 27 2 3 2 3 6 1 1657 129 1657 67 132 80 109 343 132
3424 3361 2499 3044 3270 3463 489 3434 1709 3539 3536 3506 3427 3542 3543 3546 92
38 10 1503 95 277 84 497 38 497 3 7 51 10 2 17 2 1503
3424 3585 2499 3044 3557 3270 3463 489 3434 1709 3506 3556 3578 3547 92 3580 3579
71 1 1725 276 16 284 281 275 71 275 45 32 31 91 1725 1 16
3424 3618 2499 3044 3270 3463 489 3434 1709 3629 3597 3506 3637 3638 3642 92
27 82 1773 207 236 447 227 27 227 11 3 60 2 1 1 1773
3618 2499 3044 3270 3463 3656 489 3658 3623 1709 3630 3634 3643 92
138 1669 146 293 482 2 331 3 47 331 20 25 6 1669
3719 3618 2499 3044 3270 3463 3720 489 3623 3692 1709 3725 3703 3707 92 3710 3679
5 314 1778 465 192 555 11 222 32 56 222 1 5 19 1778 5 24
3618 2499 3044 3750 3270 3623 3752 489 3463 3756 1709 3725 3760 3761 3762 3707 92 3755 3679
291 1867 241 15 371 154 3 133 782 4 133 8 4 1 1 177 1867 4 177
3618 2499 3044 3814 3270 3463 3816 489 3623 3820 1709 3815 3795 3811 3819 3785 3707 92 3679
204 1926 449 3 299 792 16 74 182 4 74 13 38 5 2 27 192 1926 192
3463 3849 3854 3863 3869 3873 3618 3623 3880 3881 1709 2499 3270 3795 92 3679 3811 3044 3814 489 3879 3824 3707
712 8 7 14 4 8 210 158 9 2 68 1932 312 252 1932 210 48 324 92 68 19 36 210
3463 3618 3623 3880 3932 1709 2499 3909 3270 3916 3918 3922 3795 3940 92 3933 3679 3936 3044 3941 3814 489 3947 3824 3942 3945 3707
607 283 198 15 7 9 1991 21 68 5 54 22 154 18 1991 9 283 33 431 5 48 9 1 4 4 2 283
3936 4001 3618 2499 3044 3941 4006 3463 4008 4009 4010 3623 3918 3795 4007 3991 4004 3707 92 3933 3679
55 2 546 2000 307 30 5 405 2 2 2 75 112 59 3 5 3 546 2000 102 546
3936 3618 2499 3044 3941 3623 3463 4066 3918 4056 3707 92 3933 3679
15 575 2000 461 2 173 452 2 149 10 575 2000 77 575
3618 2499 3044 3942 3463 3947 3623 3918 3952 3954 3939 3707 92 3933 3679
413 2000 377 10 505 6 463 105 1 1 15 413 2000 209 413
3618 2499 3044 3942 3623 4008 4009 4019 3463 4012 3918 3997 4017 3987 4020 3947 3955 3707 92 3933 3679
536 2000 527 47 381 5 5 2 470 4 116 3 6 41 2 7 12 536 2000 194 536
3463 3987 3618 3623 4018 4020 4034 2499 4037 4038 4039 4040 4041 4045 3918 4047 4046 92 3933 3679 3044 3707
699 164 655 620 17 20 9 2000 4 1 2 23 1 1 38 2 1 2000 104 655 154 655
3618 2499 3044 3623 4074 3463 4076 4082 3987 4020 3707 92 3933 4094 3679
600 2000 78 309 30 309 5 12 236 78 600 2000 239 15 600
3463 3987 3618 3623 4137 4141 4142 4146 4147 4148 4149 4150 4152 4020 2499 92 3933 3679 3044 4074 3707 4095
498 282 775 498 6 3 1 1 20 6 2 3 2 26 2000 2000 161 775 26 67 775 31
4147 3618 2499 3044 4165 4166 3463 4074 3623 4179 3933 4176 4178 3987 4020 4152 3707 92 4157 3679
241 811 2000 236 7 9 574 116 574 1 17 3 3 518 236 23 811 2000 23 811
3618 2499 3044 4197 4166 3623 4201 4074 3463 3987 4147 4020 4203 4184 4196 3707 92 4202 3679
820 2000 234 2 5 927 12 9 927 727 426 234 1 11 17 820 2000 1 820
4257 3618 2499 3044 4197 3623 4201 3463 4287 4271 3987 4273 4252 4147 4020 4217 4281 4282 3707 92 3679
2 557 2000 302 26 1141 6 1141 4 10 499 15 2 647 302 6 9 1 557 2000 557
4304 3618 2499 3044 4307 3463 4329 3623 4332 4319 3987 4147 4020 4334 4315 4282 3707 92 3679
52 495 2000 467 68 1038 8 1038 13 5 492 611 467 2 71 88 495 2000 495
4359 4364 3987 4376 4378 4379 4383 3618 4387 3623 3463 4147 4020 4282 2499 4386 4315 92 3679 3707 3044 4332 4347
7 20 236 23 5 21 5 236 2 1086 1086 861 678 131 2000 2 65 2000 236 236 678 70 68
3463 3987 4379 3618 3623 4402 4147 4404 4020 4282 2499 4427 4428 4430 4432 4433 4409 4315 92 3679 3044 4332 3707
810 163 42 163 810 8 573 6 1027 97 2000 2 4 1 1 2 19 66 2000 163 1027 87 163
4147 3618 2499 3044 3463 3623 4332 4461 4462 4464 4465 3987 4020 4282 3707 92 3679
392 163 2000 1252 585 585 89 5 3 4 2 163 1252 163 163 2000 163
3618 2499 3044 4519 4518 3463 4517 4490 3623 4332 4494 3987 4147 4020 4462 4282 3707 92 4510 3679
133 2000 1140 1 3 727 1 25 727 11 64 133 533 1140 26 133 133 2000 6 133
