36 39 12 10 43 44 48 51 26 29 30
3 15 8 33 13 3 2 3 2 12 5
36 10 44 45 50 54 55 59
4 17 32 133 1 6 2 1
97 71 10 83 90 94
1 29 136 21 8 17
128 132 10 140 141 126
15 9 196 2 1 2
10 171 170 163 173
436 4 2 1 1
235 228 200 233 10 171 237 222
2 3 80 1 325 38 1 34
228 200 265 10 171 260 266 222 255
9 291 3 113 142 3 1 31 108
228 200 10 171 332 333 334 336 337 306 312 338 222 255
58 199 114 152 11 4 7 3 7 22 23 1 38 52
384 386 228 359 200 10 171 360 341 374 312 378 351 222 255
2 5 56 49 234 376 122 74 17 23 94 6 73 50 109
386 228 359 200 10 171 360 341 312 377 351 381 222 255
2 9 67 159 123 495 28 36 229 9 7 8 41 127
424 389 359 200 425 10 171 396 397 400 408 402 404 312 423 427 255
1 53 211 179 5 125 440 92 36 25 11 19 2 192 2 2 179
481 484 389 359 200 10 171 396 400 437 312 473 475 255
5 4 46 259 278 219 453 193 77 2 439 8 10 278
481 546 547 549 550 359 200 519 10 171 396 400 499 312 255
6 5 1 2 7 382 291 44 167 791 61 81 19 791 291
588 577 587 581 359 200 519 10 171 396 312 571 586 255
2 24 3 8 191 74 104 91 1112 27 1112 26 2 74
673 674 676 359 519 171 624 657 661 598 312 667 200 670 255
1 3 2 68 33 1085 22 19 21 194 1085 5 86 4 86
706 359 715 519 200 714 171 716 717 712 598 312 697 255
25 216 2 26 23 2 1303 2 1 13 244 1303 7 23
768 771 774 359 777 778 171 775 598 312 762
3 24 4 74 8 2 1485 15 166 1485 6
771 804 837 359 811 171 775 788 789 598 793 312 836 829
18 18 2 48 27 1720 36 12 1 92 3 1720 1 5
875 804 359 171 876 856 771 312 890 892 895
26 2 89 1679 19 63 22 1679 5 22 1
896 897 804 359 937 171 856 913 949 950 312 932
5 4 77 101 14 1334 19 150 3 1 1334 11
896 993 994 1025 171 913 1011 1016 312 1017 1023
17 198 11 2 1398 345 1 1 1398 5 5
993 994 1003 998 999 1000 1002 171 1004 913 312
98 11 2 4 4 2 4 1604 1 181 1604
1056 993 1058 1060 1057 1025 1032 171 913 1044 1047 312
3 399 3 2 1 7 28 1736 61 16 11 1736
993 1091 1094 1032 171 1070 1112 1099 1108 1109 312 1044 1114 1117 1119
415 13 9 171 1913 10 9 3 31 9 1913 145 2 3 2
993 1154 1032 171 1112 1171 1044 1174 1175 312 1177 1178 1179
165 18 188 1985 15 2 95 7 3 1985 9 1 3
993 1186 1251 1188 1222 1032 171 1250 1245 1233 1234 1235 1044 1239 312 1177 1240 1213 1247
321 78 1 205 65 76 2000 1 7 15 4 17 138 6 2000 33 2 11 7
993 1188 1222 1032 1257 171 1260 1256 1044 312 1177 1247
254 329 72 95 7 2000 2 17 124 2000 39 38
993 1291 1188 1297 1032 1257 171 1294 1295 1288 1298 1268 1301 1177 312 1044 1289 1278
135 22 230 2 47 50 2000 1 10 31 3 31 3 30 2000 48 3 14
993 171 1188 1349 1352 1353 1354 1291 1357 1326 1032 1301 1335 312 1177 1355 1278
30 2000 234 3 10 2 1 42 2 23 165 48 27 2000 15 4 52
171 1188 1383 1032 1291 1393 1394 1395 1396 1301 312 1369 1387
2000 148 18 16 110 3 2 1 1 113 2000 3 13
1291 1188 1383 1416 171 1420 1422 1423 1424 1032 1397 312 1403 1405 1406 1301
43 60 61 1 2000 1 1 2 1 63 130 2000 24 27 66 48
1472 171 1188 1383 1032 1481 1482 1291 1484 1453 1432 1301 1463 312 1471 1406 1397
17 2000 70 33 36 4 1 46 3 9 62 70 2 2000 2 54 61
1432 171 1188 1510 1383 1032 1291 1490 1521 1522 1523 1301 312 1525
118 2000 43 8 74 81 64 3 14 4 6 43 2000 1
1291 1188 1383 1032 171 1551 1432 1301 1559 312 1531 1533 1557
26 105 9 47 2000 3 175 105 5 2000 21 33 2
1611 1603 1188 1032 1577 1610 171 1612 1613 1583 1432 1301 1609 312 1589
1 1 37 14 47 4 2000 2 2 6 369 37 2 2000 29
1643 1188 1577 171 1615 1432 1620 1589 312 1636 1663 1661 1301
4 31 16 2000 59 362 87 123 2000 6 1 17 31
1702 1703 1577 1706 171 1708 1615 1432 1620 1589 1705 312 1679 1695
2 7 40 2 2000 2 10 358 276 5 6 2000 10 2
1761 1771 1764 1766 1734 1768 1770 171 1772 1742 1743 1432 1747 1620 312 1759
5 1 3 1 60 1 7 2000 3 15 14 452 20 354 2000 5
1824 1792 1828 1734 171 1742 1432 1620 1783 312 1819 1820 1822 1823
13 6 4 19 2000 79 186 774 56 2000 5 9 1 7
1824 1847 1734 1832 171 1836 1837 1742 1432 1842 1620 1846 1783 312 1844 1819 1820
48 6 119 170 2000 52 49 171 307 44 587 15 43 2000 3 118 15
1824 1851 1861 1734 1863 1832 1866 171 1836 1837 1742 1864 1432 1842 1620 312 1867 1819 1862
159 44 1 69 7 109 8 2000 140 77 43 2 268 34 947 2000 2 36 3
1824 1888 1891 1894 1905 1832 1836 171 1900 1837 1903 1904 1432 1842 1620 312 1881 1851 1884 1906 1899
151 63 16 11 3 16 31 2000 9 54 3 13 178 19 1064 2000 1 31 39 2 1
1824 1891 1928 1929 1930 171 1932 1933 1432 1842 1620 312 1899 1884 1931
168 143 6 2 3 2000 4 2 187 120 1064 2000 9 76 2
1824 1891 1928 171 1965 1432 1842 1620 1973 1975 312 1977 1947 1948 1949 1970
382 161 35 2000 6 293 107 1228 4 2 2000 1 12 5 75 5
1824 1984 1891 171 1995 1432 1620 312 2009 2010 2004
622 51 267 2000 2 202 1021 2000 13 1 2
1824 2050 1891 2056 2057 171 2029 1432 1620 2040 2071 312 2075 2077
375 74 899 9 6 2000 5 23 937 32 2 2000 27 3
1824 2103 2050 2083 2116 2149 2150 2129 2120 171 2146 2127 2040 1891 1620 2133 2071 312 2100 2140
45 5 46 82 13 2 1 36 5 2000 4 10 100 1256 698 2 62 2000 25 12
2176 2050 1891 171 2188 2191 2192 2040 2083 1620 2133 2071 312 2100 2167 2140 2175
24 142 1435 2000 7 4 3 66 111 557 70 30 2000 86 27 9 9
2050 1891 171 2242 2191 2040 2083 1620 2133 2071 312 2237 2200 2167 2231 2239
107 1257 2000 1 9 242 63 743 35 50 2000 2 13 213 3 5
2305 2242 2083 171 2253 2040 2290 1891 1620 2294 2167 312 2071 2300 2231 2302 2303
4 6 50 2000 66 186 11 1337 663 8 371 2000 74 1 44 2 1
2338 1891 2309 2353 2315 171 2253 2351 2352 2040 2290 2083 1620 2167 312 2347 2231 2071 2333
6 1445 45 1 16 2000 5 2 2 66 7 28 555 443 2000 1 5 29 87
2338 1891 2071 2378 171 2380 2382 2352 2040 1620 2389 2167 312 2315 2366
21 1497 18 55 2000 18 23 18 21 503 2 471 2000 21 26
2400 1891 2436 171 2444 2446 2447 1620 2421 2167 312
52 1717 4 2000 24 2 1 283 25 278 2000
2496 2497 2498 1891 2474 171 2444 2499 2448 2481 2467 1620 2167 312
3 1 1 1884 17 2000 3 5 4 12 33 116 116 2000
2467 2565 2568 2569 2474 171 2541 2512 1891 1620 2549 2167 312 2559 2539
13 7 1 2 17 2000 2 11 1895 105 23 105 2000 2 25
1891 2609 171 2607 2577 2611 1620 2614 2167 312 2619 2539
1834 1 2000 28 4 15 166 1 166 2000 1 33
2656 1891 2660 171 2648 2659 1620 2645 2167 312
4 1856 3 2000 3 1 144 15 144 2000
2720 1891 171 2705 2674 2659 1620 2167 312 2681 2716 2717 2719
1 1882 2000 23 6 10 118 118 2000 15 5 8 1
1891 2758 2726 171 2775 2738 2755 1620 2167 312 2681 2778 2779 2781
1890 10 55 2000 8 19 17 110 110 2000 3 1 4 1
2817 1891 2853 2726 2855 2857 171 2859 2755 2836 2167 312 1620 2811 2849 2789
3 1998 12 13 7 4 2000 1 19 24 2 2000 2 52 1 5
2881 2882 1891 2853 2726 171 2863 2836 2870 312 2811 2876 2877
24 1 2000 122 26 2000 153 128 24 2000 50 3 18
1891 2853 2726 2921 171 2863 2930 2931 2836 2901 2934 312 2900 2915 2910 2911
2000 250 5 11 2000 77 2 2 93 176 4 2000 28 18 62 13
2915 2853 2921 2954 171 2942 2959 2961 1891 2900 2901 312 2964 2963 2910
151 84 108 25 2000 5 7 7 2000 111 13 2000 3 3 187
1891 2853 2989 171 2987 2990 2991 2915 2900 312 3001 3002 2910
2000 55 17 2000 9 5 36 7 381 2000 5 1 166
3074 1891 3016 3050 171 3052 2991 3056 2915 2900 3031 312 3033 2910
3 2000 5 94 2000 1 77 50 27 311 42 2000 34 143
3123 2915 3115 3112 171 3122 3118 2991 3056 3121 3090 1891 2900 3094 3031 312 3124 3101 2910
1 118 1 11 2000 1 2 136 409 1 66 2000 77 22 48 2000 2 58 136
3168 2915 3172 3174 3175 3177 3178 171 3181 2991 3056 3090 1891 2900 3094 3031 312 3159 2910
2 202 21 2 5 2 1 2000 3 81 632 77 2000 83 78 68 2000 10 81
3187 3233 2915 3217 3240 3227 3216 171 3218 3245 3056 3256 3090 1891 3252 3253 312 3257 3259
66 27 260 14 8 7 38 2000 8 1 832 4 59 2000 2 5 2000 1 3
3187 3265 1891 3269 3267 3299 3306 171 3279 3056 3281 3090 2915 3287 312
2 1 2000 76 12 22 6 2000 3 664 4 76 349 28 2000
1891 3269 3299 171 3341 3343 3056 3090 3331 3323 312 2915 3339
2000 519 24 2000 14 5 395 41 27 54 2000 309 22
3344 2915 3396 3269 3393 3331 3369 171 3339 3341 3056 3368 3090 1891 3383 312 3323 3388
11 223 1 287 4 17 15 2000 34 32 391 5 139 2000 37 2000 46 23
2915 3269 3331 3433 171 3341 3439 3056 3416 3090 1891 3383 312 3435 3323 3339
208 181 54 16 2000 44 2 708 14 31 2000 50 2000 3 91 133
3488 3490 1891 3479 3269 3494 3495 3433 171 3341 3439 3056 3416 3090 2915 3493 3497 312 3323 3339 3487
11 1 2000 3 161 1 1 35 2000 7 38 817 46 111 12 1 3 2000 5 90 5
3552 1891 3269 3561 171 3533 3503 3056 3416 3090 3479 312 3531 3339 3546 3550
4 2000 126 2 2000 4 28 1572 57 109 209 2000 32 12 2 15
3616 1891 3269 171 3598 3056 3416 3090 3619 3604 3479 312 3610 3613
1 2000 109 2000 98 1619 63 247 1 4 319 2000 2 7
3416 3617 3659 1891 3269 3665 3639 171 3666 3598 3631 3056 3640 3090 3667 3632 3479 312 3648
55 20 24 2000 299 3 2 2000 2 11 4 1523 44 178 1 23 467 2000 8
3416 3714 1891 3269 171 3695 3056 3640 3090 3479 312
66 1 2000 265 2000 2 1400 150 335 315 2000
1891 3269 3665 171 3692 3698 3694 3056 3640 3090 3697 3479 312 3687 3677 3685
2000 130 55 2000 15 1 5 1336 140 534 4 601 2000 21 3 13
3713 1891 3716 3269 3720 3736 171 3757 3758 3056 3640 3090 3479 312 3748 3760 3685
34 2000 58 294 30 19 2000 3 8 1453 166 253 656 2000 7 1 28
1891 3716 3269 3736 171 3790 3056 3640 3090 3797 3798 3479 312 3804 3807
2000 2 253 67 2000 6 1349 187 398 3 5 357 2000 5 1
3808 3824 3810 1891 3812 3269 3825 3736 171 3826 3056 3640 3090 3479 312 3804
45 7 17 2000 1 81 3 22 2000 1 1337 232 582 289 2000 14
1891 3269 3640 3851 3849 171 3854 3056 3832 3090 3843 3479 312 3834
2000 44 158 2 6 2000 2 1537 24 419 2 290 2000 35
3888 3874 1891 3889 3883 171 3887 3056 3640 3090 3859 3479 312 3834
4 10 2000 1 74 2000 4 1572 355 428 4 162 2000 46
3936 3905 3938 1891 3942 3944 3883 171 3056 3640 3090 3479 312 3834
4 8 4 2000 3 1 15 2000 1809 159 191 64 2000 122
3905 4002 1891 4001 3883 171 3981 3056 3640 3090 4003 3986 3479 312 3834 3947 3996 3998
60 7 2000 1 26 2000 18 1843 192 157 1 2 180 2000 113 44 4 4
4032 3905 1891 4048 4040 171 3090 3056 3640 4050 4051 3479 312 4025 3834
8 37 2000 11 11 2000 78 1922 42 4 1 213 2000 62 45
3905 1891 4048 3640 4040 171 4082 4078 3056 4081 3090 4052 3479 312 4068 3834 4063
123 2000 61 28 123 2000 2 19 1818 13 182 24 213 2000 9 326 58
4048 1891 4068 3905 4040 171 4082 3056 4081 3090 3479 312 3834 4063
94 2000 31 24 24 2000 10 1853 61 147 94 2000 229 41
4101 4109 4114 4116 4118 4120 4127 4129 4130 4131 4132 171 312 3905 4040 4048 4063 1891 3090 3056 4081 4089 3834
26 5 34 13 13 5 5 13 41 5 1 2000 2000 110 110 21 88 2000 116 1884 34 85 150
3905 4130 1891 4101 4161 4040 171 3090 4174 3056 4168 4114 4179 4116 4181 4183 312 4089 3834 4063 4171
63 230 2000 30 2 63 2000 73 26 1927 6 11 2 118 4 2 2000 2 250 2 18
3905 4233 4235 4236 4240 4241 3090 4244 4245 4247 4130 171 312 4161 4040 4171 4174 4089 4063 1891 4199 4203 3056 4212 4116 3834 4222
26 1 7 1 3 4 254 1 2 2 173 2000 2000 32 26 126 17 32 32 2000 10 18 1746 42 257 161 1
3090 4116 4245 4257 4130 171 4268 4271 4280 4284 4161 4291 4293 4294 4296 4171 312 4063 1891 3056 4212 4089 3834
381 707 17 9 59 2000 7 2 20 5 215 1 8 4 2 64 2000 215 2000 1619 86 215 55
3090 4116 4245 4257 4130 171 312 4063 4161 4298 4171 4319 4320 1891 4327 4335 3056 4338 4339 4212 4341 4089 3834
349 974 81 26 115 2000 2000 169 169 9 59 20 5 2000 18 2 1651 1 5 50 1 169 178
4395 4366 4370 4116 4245 4257 4130 4389 4392 4394 171 312 4161 4298 4171 4063 1891 4372 3090 3056 4212 4089 3834
3 4 29 545 95 23 50 9 3 2 2000 2000 121 43 55 121 2000 87 290 1710 43 121 298
4245 4161 4130 1891 4372 4404 171 3056 4440 3090 4116 4432 4441 312 4089 3834 4063 4410 4171
42 549 35 2000 1 52 2000 1121 3 879 471 18 4 2000 549 81 549 51 288
4161 1891 4471 4465 4476 171 3056 4464 3090 4116 4245 4474 4089 312 4404 3834 4459 4171 4410 4063
501 2000 5 2 2 2000 1026 8 974 201 144 5 501 2000 220 54 43 329 115 501
4480 4161 1891 4513 4501 4524 171 4459 3056 3090 4515 4116 4245 4089 312 4404 4410 4063 4523 4171
39 293 2000 18 3 1 2000 127 889 1111 19 176 169 293 2000 224 232 293 3 649
4161 1891 4513 4588 171 4459 4590 3056 3090 4404 4245 312 4089 4410 4063 4116 4171
564 2000 214 9 2000 244 5 408 1592 170 244 2000 564 121 564 55 784
171 3090 4245 4640 4513 4643 4651 4404 4661 312 4666 4669 4670 4161 4171 4410 4063 1891 4459 3056 4089 4605
2000 1413 252 35 32 1 2 572 3 2000 1 1 1 354 807 15 354 2000 252 587 354 66
