32 19 31
1 27 2
48 41 49 47
3 53 1 3
64 41 77 47
8 40 2 4
114 118 119
3 2 1
165 167 170 140 175 178 179 180 122
3 7 1 10 4 7 2 1 92
224 192 227 228 215 122 221
5 1 2 2 17 133 4
132 138 139 142 122 123 125
8 13 10 17 56 9 43
163 164 165 166 167 138 151 122 125
8 4 2 1 2 48 1 19 4
214 166 201 202 205 210 212 181 182 215 216 217 218 138 213
1 81 4 22 15 3 5 13 66 7 1 1 1 48 1
246 229 202 268 269 270 240 182 215 266 253
5 103 49 8 2 4 18 13 71 3 4
320 322 323 324 325 326 202 304 309 215 282
2 1 3 2 1 2 32 27 20 64 16
363 364 366 304 215 378
26 1 12 11 217 3
417 451 452 453 449 363 434 430 440 402 215 408 379 444 446 447
5 8 1 4 2 7 3 74 9 7 129 4 21 5 4 4
482 503 488 490 491 492 430 456 499 494 502 215 504 474
5 3 9 16 14 4 88 14 2 9 1 31 1 85
514 516 518 488 521 491 430 456 494 215 474 520
12 5 7 32 1 14 4 69 8 58 52 2
547 520 567 522 491 558 562 563 564 565 566 215 554
12 5 1 13 22 2 1 8 2 7 2 223 3
587 611 617 522 491 621 622 593 595 610 215 618 574 575
3 37 10 23 37 3 2 10 17 1 239 15 56 17
611 628 630 215
9 102 47 183
704 611 684 689 690 628 630 215 697 700 701
2 17 4 10 16 42 32 13 3 4 5
705 611 708 721 712 689 722 628 725 724
72 113 15 1 83 33 2 17 2 1
705 770 771 708 712 777 780 781 784 785
26 9 12 88 124 3 18 8 2 2
800 705 867 846 869 833 712 777 843 811 784 771 853 860 862
98 136 2 1 1 9 95 9 52 7 9 11 16 5 7
800 705 712 843 877 880 881 882 883 863
83 34 75 6 3 3 1 2 1 5
800 705 907 940 942 927
21 15 10 1 11 30
962 998 967 1000 944 986 991
76 1 4 2 2 7 4
962 996 1030 1036 1026 1042 1011
6 3 22 3 3 1 1
1090 1094 1095 1098 1026 1101 1073 1042
13 6 5 11 26 3 22 16
1145 1026 1147 1142
2 39 3 11
1026 1188 1191 1192 1193 1195 1145
9 7 4 4 1 1 29
1188 1228 1229 1230 1145 1209
22 6 1 1 18 17
1249 1264 1267 1238 1272 1273 1274
19 16 2 127 3 3 2
1320 1238
2 62
1272 1281 1246 1279
10 1 1 3
1336 1337 1307
3 1 7
1350 1361 1365 1366 1336 1369
13 10 1 10 81 1
1379 1350 1382 1383 1336 1374 1381
6 5 6 1 163 5 6
1408 1419 1412 1417 1387 1425 1426 1336
33 2 23 4 102 4 2 183
1472 1408 1476 1477 1387 1454 1336 1466 1468
22 21 6 2 41 49 78 1 11
1520 1506 1512 1517 1454 1519 1488 1521 1336 1500
1 18 11 13 93 2 12 1 114 21
1537 1576 1517 1454 1583 1584 1527 1336
62 10 1 9 1 1 3 9
1537 1635 1640 1641 1644 1645 1587 1630
144 8 9 4 2 1 2 3
1537 1670 1678 1679 1656 1658
40 17 1 1 17 61
1697 1698 1670 1709 1710 1712 1716 1718 1684 1658
3 14 12 2 11 1 8 3 1 32
1728 1729 1766 1761 1768 1740 1767 1772 1773 1775 1776 1658 1755
80 27 7 3 1 3 1 8 4 1 1 42 10
38 39 40 41 42 43 44 45 46 47 16
29 3 11 2 1 4 2 1 2 2 3
66 67 38 46 48 58 62
7 1 99 38 2 1 5
97 38 76 78 112 81 115 46 89
2 3 15 11 3 8 2 125 4
166 168 173 46 176 178 179 117
5 13 8 24 7 3 7 5
224 226 227 202 46 176 221 223
3 4 10 1 39 1 2 2
289 290 261 262 268 275 283 287
4 1 3 17 4 12 1 2
336 331 335 334 311
1 1 2 3 14
369 366 343
3 11 48
420 421 424 366 402 409 411 382
5 2 13 180 6 54 2 20
480 450 453 460 366 477 434 473 475 445 478 479
4 28 55 8 269 2 18 2 1 21 2 1
512 513 450 515 453 486 366 501 505 507 508 509 517
4 6 54 2 111 18 361 1 3 18 20 2 1
544 545 546 547 453 550 366 534 537 507 541 549
11 1 1 1 38 2 165 2 71 55 11 1
578 580 581 583 584 366 563 537 575 453
3 3 2 4 2 159 14 23 14 102
453 583 584 585 366 563
136 95 1 1 81 1
632 640 637 638 583
21 3 66 2 107
640 641 648 651 632 637 639
4 12 2 1 21 74 19
641 642 654 669 658 667 668 637
35 41 7 2 12 8 2 10
746 749 751 754 755 731
19 1 1 2 5 2
806 813 815 788 758 797
5 22 3 107 34 21
865 867 842 788 860 797 863
2 1 16 62 2 17 5
898 901 842 907 909 891 906 895
5 5 3 4 2 10 1 14
960 939 964 967 936 907 973 968 979 980 981 983 984 922
13 28 39 12 22 93 3 4 4 1 2 1 4 98
1024 1031 936 907 1036 1037 1038 1016 988
4 4 29 18 4 1 2 10 77
1067 1052 907 1072 1065 1082 988
6 68 25 6 3 30 27
1127 1099 1133 1135 1136 1137 1140 1142 1082 1052 1118
12 50 5 6 2 14 3 1 56 22 34
1185 1186 1187 1099 1175 1137 1182 1178 1143 1082 1183 1052 1146 1118 1173
2 6 3 44 7 32 9 1 26 44 7 11 26 17 9
1202 1230 1231 1137 1234 1235 1236 1143 1146
13 1 1 86 4 2 1 56 56
1291 1292 1277 1143 1274 1263 1146
3 1 9 47 5 47 47
1337 1300 1332
49 7 15
1376 1377 1379 1380 1383 1385 1386 1360 1364 1366 1332
12 1 8 6 2 1 1 40 6 9 41
1413 1418 1419 1423 1397 1401 1403 1405
24 3 4 1 55 10 50 10
1472 1474 1475 1476 1477 1461 1430 1471
5 2 2 2 1 3 22 29
1510 1516 1485 1488 1491 1493 1430 1533 1534 1503
62 80 29 3 21 55 22 12 1 9
1574 1510 1575 1576 1577 1578 1550 1493 1559 1573
2 58 6 3 1 3 16 220 82 2
1604 1612 1618 1620 1621 1559 1592
15 3 3 2 2 24 14
1637 1671 1673 1649 1684 1656
43 6 5 2 1 7
1696 1697 1698 1676 1677 1690 1691 1694 1695
3 2 4 35 14 4 9 1 8
1728 1731 1676 1733 1734
4 7 96 2 1
1689 1682 1676 1685 1679
5 7 72 3 18
1738 1739 1676 1741 1742 1747 1749 1724
11 15 42 3 5 6 12 67
1796 1765 1798 1800 1724 1774 1801 1788 1789 1797
5 38 1 2 28 23 1 5 7 2
1765 1836 1806 1840 1841 1810 1843 1845
49 17 41 42 25 15 2 5
1869 1806 1840 1875 1877 1879 1887 1886 1855
7 74 47 10 8 6 1 2 20
1891 1899 1806 1937 1943 1944 1946 1947 1887
73 22 20 6 1 4 4 1 13
1986 1987 1988 1990 1962 1891 1983
7 2 7 3 33 23 15
1891 2026 2028 2030 2033 2036 2039 2040 2041 2042 1962
3 45 8 11 19 7 5 2 8 3 11
2082 2052 2085 2054 2088 2090 2092 2095 2096 2033 2098 2099 2101 2102 2039 2072 2045
6 4 24 66 10 2 13 1 5 24 3 2 1 2 7 4 6
2144 2145 2147 2148 2054 2033 2123 2128 2129 2131 2135 2103 2140 2143
1 3 2 2 16 74 44 15 65 24 46 18 23 11
2178 2054 2129 2183 2184 2185 2033 2135 2152 2173 2182
18 100 37 9 2 2 187 107 3 10 4
2054 2129 2033 2135 2173 2206
36 98 202 38 73 4
2256 2243 2054 2129 2250 2254 2255 2224 2033 2235 2173 2238
1 12 65 153 12 1 2 69 35 19 100 1
2309 2313 2282 2224 2129 2323 2173
8 13 9 90 135 4 13
2338 2347 2342 2315 2224 2129 2339 2359 2335
4 24 19 58 127 36 2 4 23
2396 2364 2365 2409 2359
5 20 31 1 35
