26 29 31
2 1 3
74 81 82 89 90 91
18 8 3 1 3 3
144 115 142 127
1 1 4 5
1 2 4
5 2 1
48 43 52 47
2 3 2 6
8 5 7
1 6 1
49 41
1 5
4 5
3 1
15 16 27 28 29 30
24 2 7 1 4 3
0
2
32 38 41 42 43 28 30
2 3 3 1 1 3 16
94 95
6 2
136 121 146 139
1 3 2 3
6 7
6 1
40 41 42 36 39
2 1 1 2 2
8 2 11 12 18
1 10 1 3 2
49 52 47
17 13 14
86 87
6 2
121 122 119 117 127
10 1 1 5 1
146 147 148
3 6 10
0 1
1 1
8 9 10 13 14
1 2 2 2 1
66 67 68 69
4 2 2 1
12 13
8 1
73 71
2 1
16 17 27
1 3 1
11 12 7
3 8 1
1
1
8 13 17 18 20 21
8 10 4 3 1 3
10 7
1 5
40 33 26 39
2 7 8 10
8 12
1 2
33 34 35 25 28 31
7 2 2 11 1 4
80 73 82 83
33 9 1 2
112 121 122
10 1 2
0 2
2 1
17 25 26 27 28 29 30
1 4 3 2 2 2 1
8 10 3 2 5
1 2 1 2 1
64 66 39 46 53 54
2 1 1 1 6 5
27 19 30
4 3 3
0 2
2 1
0 3 4 6
4 7 1 1
40 35 39
2 7 1
58 70 62
11 1 4
128 115 117 125 126 127
2 6 2 2 1 1
16 6 14
4 1 3
27 31
4 2
18 19 13
6 5 1
2 4 6 7
2 1 2 2
8 3 5 6 7
1 1 1 1 3
40 35
2 1
56 57 58 51 53
3 4 1 3 7
3 4 5
4 2 1
32 26 30 23
1 5 1 3
33 34 22
3 1 4
24 19 21
2 1 4
45 46 47
4 1 1
66 67 55 58 59 62 63
2 1 6 3 6 1 1
98 132 138 134 143
11 3 1 1 2
9 12 13 14
8 3 1 2
48 65 52 64 63
12 2 6 2 1
100 108 114 119 123 125
11 1 9 9 3 1
120 121 114 122 119
1 1 55 2 55
161 114 119 154 155 156 158 159
4 9 9 4 5 5 1 3
12 13 17 19 20 23
9 3 3 1 7 2
12 21 22 25 26 27 28
3 4 4 6 1 1 1
4 7
3 4
0 1 3 4 5
1 2 2 1 1
33 27 44
23 23 9
88 82 85 86
3 9 1 3
7
2
25 18 27 28 17
3 8 1 1 3
73 75 76 77
8 3 5 2
129 131 126
7 4 6
169 185
8 3
43 61 15 50 53 58 59 60 29 62
1 7 5 10 4 6 1 3 3 2
116 117 118
2 1 3
146 147 148
8 1 1
166 176 177 179 181 183
3 6 5 2 2 1
10 18
4 3
64 65 59 55
1 1 8 1
9 11
2 2
48 51 52 53 58 59 60
1 1 3 1 3 1 3
96 109 113 114 115 93
23 1 2 4 1 23
2 3
2 1
47 49 50 51 54 55
1 5 3 7 3 1
96 97 91 99 92
2 2 1 1 1
126
8
170 172
1 2
212
2
16 20 21
1 6 1
0
2
9 2 17 7
2 2 6 11
3
2
8 9
2 2
57
3
