0 19 35 39 48 50 51 52 54 31
51 6 11 2 15 4 2 2 1 5
0 108 114 119 120 94
115 2 4 3 2 23
0 129 131 199 201 192 209 211 212 214 151 217 218 157 94
250 54 3 15 6 1 1 4 5 4 12 4 2 15 51
0 129 258 259 261 257 265 234 211 254 252 94
629 86 3 3 3 3 3 7 73 4 14 197
0 320 129 329 211 350 312 345 348 349 94
843 13 109 55 3 1 77 3 8 1 344
0 129 389 390 391 393 394 397 398 399 320 312 348 94
805 117 21 10 2 4 6 1 3 1 7 30 7 365
0 129 361 362 365 371 350 373 381 94
594 94 19 5 2 12 5 24 2 250
0 129 421 385 424 428 426 427 396 384 371 373 94
573 248 10 101 6 1 1 1 14 128 101 19 53
0 129 450 481 385 482 467 384 371 480 442 479 477 446 474
786 92 16 5 99 1 16 43 99 1 32 5 5 17 9
0 481 385 522 371 493 541 531 530 467 542 544 537 442 474 446
1127 53 7 28 7 20 4 2 4 129 1 1 28 53 124 1
0 481 589 592 594 467 596 442
1283 26 8 2 3 25 3 40
0 624 627 629 442 603
1379 6 2 6 13 89
0 647 680 651 663 442 603 668
1301 4 1 15 71 18 45 1
0 705 680 651 720 726 728 442 603 732 730 734
1083 31 67 9 26 1 21 111 34 3 1 1
0 743 680 720 754 755 759 442 603 734
1015 6 39 12 35 56 3 112 118 75
0 795 805 680 779 783 720 754 790 793 442 603
1005 18 3 49 180 100 16 14 15 11 92 63
0 837 680 779 783 818 851 852 855
1333 4 111 263 27 72 27 4 10
0 779 876 878 818 851 855 856 890 883 892 895
1588 428 39 24 109 17 79 18 18 18 20 1
0 939 934 936 940 779 876 878 925 952 818 883 951 855 856 953 892 931
1604 19 14 14 6 506 83 217 2 3 108 91 2 120 126 2 47 19
0 995 999 974 779 876 1010 878 1009 818 883 1012 1013 1014 855 856 892 931
1618 5 16 32 679 20 1 318 10 53 168 1 2 2 167 171 41 14
0 1065 779 876 878 1009 818 1043 1045 855 856 892
1739 1 831 12 229 3 33 23 42 386 167 67
0 1093 1097 779 1074 878 818 855 856 892 1054
1930 2 9 1305 5 26 15 502 128 56 5
0 1120 1163 1169 1160 1164 1168 779 1100 1165 1167 1116 856 1140 855 1112 1161 1143 892
1954 116 6 2 9 5 1 1356 114 1 2 13 38 58 737 7 4 58 23
0 1120 1185 1217 779 1100 1197 1176 1171 1140 855 856 1210 1143 1212 1213 1216 1215
1902 61 43 2 1451 33 12 30 9 242 810 272 6 43 1 11 1 1
0 1120 1250 1259 1254 1185 1256 1100 1258 779 1228 1261 855 1140 1260 1143 856 1210 1246 1255
2000 538 6 4 7 78 2 5 6 1322 5 1 588 162 2 92 415 100 52 4
0 1120 1287 1291 1286 1185 1289 1290 779 1293 1267 1140 1210 855 856 1274 1143 1277 1246
2000 609 4 4 11 366 1 2 1302 2 50 181 25 766 323 64 75 82 24
0 1120 1286 1185 779 1297 1267 1140 1210 855 856 1274 1143 1308 1277 1342 1333
2000 769 13 375 1220 112 79 221 91 679 353 83 8 80 89 1 5
0 1286 779 1308 1185 1342 1376 1357 1362 1363 855 856 1370 1372 1120 1380 1381 1383 1384 1387 1388 1267 1140 1274 1277
2000 51 1236 234 235 103 8 3 2 38 467 569 27 5 764 25 3 2 3 2 2 51 79 153 88
0 1120 1419 1415 1427 1185 779 1420 1391 1363 1140 855 856 1428 1274 1308 1342
2000 784 1 10 1 60 1216 9 24 41 220 399 637 1 119 88 50
0 1185 1449 1447 1120 779 1453 1363 855 856 1465 1274 1308 1466 1342 1471
2000 214 6 101 673 1327 20 63 555 284 3 341 38 6 214 3
0 1120 1475 1495 1185 1363 779 1485 1455 1496 1459 1492 1470 1494 855 856 1497 1274 1498 1342
2000 488 46 4 46 92 1512 23 33 2 153 2 5 1 499 526 1 453 2 46
0 1120 1475 1559 1545 779 1549 1550 1455 1555 1560 1522 1363 1556 1525 855 856 1529 1274
2000 358 66 5 3 1642 5 22 146 3 2 25 146 2 1 583 568 17 583
0 1120 1475 1579 1577 779 1550 1455 1522 1363 855 856 1529 1274
2000 213 145 2 117 1787 141 188 93 188 365 802 26 365
0 1120 1475 1615 1605 1609 1577 779 1612 1613 1550 1455 1616 1522 1363 855 856 1274 1595
2000 142 63 1 4 6 217 1858 2 2 42 114 6 64 114 240 1274 240 9
0 1120 1635 1636 1475 1577 779 1612 1522 1550 1455 1649 1650 1363 1664 855 856 1274 1660 1662
2000 322 107 8 13 184 1678 15 29 61 167 8 6 167 1 208 1273 208 8 3
0 1120 1635 1703 1577 779 1708 1709 1550 1455 1522 1363 855 856 1274 1694
2000 275 109 13 282 1725 5 1 15 106 232 106 246 1197 246 14
0 1120 1730 1635 1733 1703 855 1577 1363 779 1550 1455 1522 1731 1719 856 1274 1723 1728
2000 408 2 108 3 6 22 170 22 1592 167 22 318 15 3 1400 22 7 1
0 1120 1762 1635 1577 779 1550 1775 1784 1522 1780 1769 856 1785
2000 383 13 29 146 1617 224 32 4 248 6 3 1471 2
0 1120 1826 1796 1829 1577 779 1550 1775 1816 1522 856 1828 1807 1822 1823
2000 626 1 57 3 144 1374 29 13 15 538 1230 1 12 13 9
0 1120 1861 1865 1577 779 1550 1775 1880 1816 1522 1876 1879 856 1881 1822
2000 567 7 4 131 1433 151 32 2 68 567 1 6 1302 1 68
0 1120 1952 1953 779 1931 1550 1816 1522 856 1822 1951
2000 465 23 6 1535 15 429 164 465 1535 164 7
0 1120 2018 1952 2001 2012 779 1996 1550 2017 1816 1522 1976 2008 2005 2006 856 1987 2010 1980 1822
2000 652 1 19 33 2 1348 18 311 1 193 652 53 17 1 2 1348 2 2 77 193
0 1120 2051 2052 2022 2055 1816 2057 779 1550 2059 1976 1522 2019 2036 2067 856 1822 2064
2000 558 6 6 10 5 212 3 1442 496 11 212 558 62 94 1 1442 212 2
0 1120 2114 2019 2099 2112 1816 779 2092 2066 1550 2065 1522 1976 2036 2094 2102 856 2106 1822 2111
2000 444 2 129 20 9 46 1556 6 55 599 17 444 46 191 35 11 1556 20 46 13
0 1120 2019 2158 2112 2099 2154 779 2092 2066 1550 2157 2160 1522 2147 2036 2094 856 2106 2138 2142
2000 757 208 4 108 42 9 1243 2 109 616 19 1 757 12 82 8 1243 42 14 14
0 1120 2066 2019 2227 2226 2225 2112 2217 779 2219 2157 1550 2200 1522 2099 2036 2222 856 2106 2142
2000 567 103 220 3 2 2 41 5 1433 3 27 829 6 567 24 245 14 1433 24 9
0 1120 2019 2245 2278 779 2284 2066 1550 1522 2099 2036 2283 856 2106
2000 582 322 13 62 1418 2 89 796 582 59 295 11 1418 59
0 1120 2306 2019 2305 779 2066 1550 2289 1522 2099 2036 2295 856 2106 2301
2000 714 1 172 2 1286 204 724 7 714 16 50 12 1286 16 2
0 1120 2066 2019 2311 2343 779 2348 2322 1550 2353 1522 2036 2295 856 2363
2000 956 103 22 65 2 1044 4 108 601 29 956 102 2 1044 1
0 1120 2019 2373 2311 2377 2322 779 2386 2066 1550 2392 2353 1522 2382 2391 856 2379
2000 1007 22 39 50 13 176 993 2 95 852 1 140 1007 30 2 993 14
0 1120 2443 2311 2440 2450 2322 779 1522 1550 2461 2449 2353 2066 2410 2446 2457 856 2393 2458 2397
2000 1163 6 286 4 11 280 837 1163 610 1 1 272 227 33 5 4 837 96 3 82
0 2311 2443 1550 2322 2452 2461 2462 2467 2481 2474 2479 2353 2483 2486 2487 2488 2490 779 856 2393 2397 1120 2066 1522
2000 97 66 1217 269 66 6 19 8 1 6 2 269 3 2 2 3 1 1397 1397 175 177 603 180 603
0 1120 2311 2537 779 2540 2322 1550 2353 2066 2517 1522 856 2393 2397 2527
2000 413 66 25 1587 4 318 1565 318 22 14 413 1587 147 306 22
0 1120 2066 2571 2593 2537 779 1522 1550 2587 2353 2322 2517 856 2393 2591 2588 2397 2527
2000 553 2 71 4 77 1447 553 1445 2 408 408 5 1447 248 4 6 408 12
0 1120 2656 2641 2537 779 1522 1550 2353 2322 2644 2633 856 2393 2397
2000 266 3 8 226 1734 266 1734 228 228 3 12 1734 162 228
0 1120 2690 2692 2693 2681 2663 2537 779 1522 1550 2353 2322 2673 2393 856 2656 2688 2397
2000 515 1 3 1 21 7 258 1485 515 1485 291 291 16 96 1485 147 10 291
0 1120 2743 2656 2727 2728 2537 779 2322 1550 2353 1522 2741 2742 2745 856 2393 2714 2397 2718
2000 402 1 95 18 23 302 1598 64 1598 64 402 32 5 1 1598 121 51 64 71
0 1120 2754 2785 2792 2537 779 2770 1550 2799 1522 2393 856 2656 2714 2780
2000 422 102 3 12 10 1578 59 1578 1 422 283 1578 152 109 4
0 1120 2754 2819 2820 2656 779 2834 1550 2832 1522 2835 2836 2837 2838 856 2393 2714 2810
2000 463 84 5 15 96 1537 2 1537 2 463 3 1 2 1 1537 236 31 36
0 2881 2754 2883 2820 1120 779 2882 1550 1522 2393 856 2656 2810 2875 2876 2878
2000 18 7 1 27 435 1565 2 1565 435 92 1565 213 84 8 7 7
0 2944 2946 2820 2945 779 1550 1522 2876 2656 2896 2899 856 2393 2907 1120 2918 2920 2924 2928 2930 2932 2810 2941 2943
2000 1 1 11 3 1556 1556 444 90 221 37 6 1556 37 8 444 9 14 10 60 12 10 151 4 1
0 1120 2944 2820 2989 779 2924 2930 1550 2991 1522 856 2656 2810
2000 317 31 19 8 1683 22 92 1683 7 317 1683 247 31
0 1120 3043 3012 3046 3041 3048 3050 779 2930 1550 1522 2995 856 2656 3007 3039
2000 180 1 14 5 2 8 1 1820 21 1820 180 9 1820 95 5 6
0 1120 3012 779 1550 3087 1522 2995 3097 3091 3094 3095 856 2656
2000 84 41 1916 1916 20 84 142 1 2 2 7 1916 38
0 1120 3138 3139 3012 779 1550 3087 1522 2995 856 3134
2000 12 4 3 192 1988 1988 61 12 78 1988 18
POPULATION CRASH - Generation 6560