35 10 11 46 47 48 43 19 52 54 55 30
62 62 33 5 5 4 15 44 10 4 3 18
96 35 10 75 80 81 19 52 87 56 92 93 94 95
2 408 179 7 9 3 1 1 6 68 6 1 1 2
35 136 10 140 143 145 148 119 56 153
480 15 381 12 1 5 5 22 170 4
160 193 35 200 10 205 206 145 195 119 56 216 189
22 13 269 1 323 16 3 43 16 96 478 12 1
35 232 10 235 238 239 145 119 56
404 10 317 12 3 1 182 114 194
304 35 294 305 296 297 10 301 303 240 145 291 244 278 119 56 276 287
1 385 6 1 6 26 147 6 8 37 83 13 30 19 292 304 8 5
354 35 356 361 10 363 145 276 278 119 56 346 317 350
15 354 2 2 50 1 45 151 98 276 178 10 12 4
35 390 401 407 368 145 370 276 278 119 56 378 379
314 11 4 2 43 93 3 267 19 287 235 5 24
448 449 35 368 145 434 276 438 119 56 379
1 1 106 26 9 2 226 5 226 109 114
35 424 407 368 401 276 119 56 379 380
87 60 1 225 87 249 249 129 125 23
35 472 471 368 401 276 470 119 56 468 379 476 477 475
55 19 1 219 55 219 10 219 193 18 14 1 1 3
528 35 472 521 492 527 368 401 276 501 470 119 56 479 511
2 138 29 1 29 19 214 138 214 2 12 214 430 17 20
577 35 472 521 492 368 401 276 470 119 56 575 479
3 108 3 7 3 385 108 385 98 385 193 1 7
608 35 612 613 368 401 579 276 470 119 56
18 103 15 1 376 103 25 376 2 376 296
608 640 35 368 401 579 276 119 56 639
7 1 111 293 111 20 293 293 538 37
688 35 678 689 683 684 687 368 401 276 119 56 665 639
1 230 8 6 4 9 5 24 230 24 24 400 26 18
737 738 35 740 742 678 721 712 684 714 743 728 368 401 739 276 726 119 56 733 639
12 1 275 4 1 119 8 12 20 33 2 14 83 275 1 83 5 83 79 5 83
35 785 684 784 401 786 787 790 56
76 4 43 12 76 2 2 2 350
784 835 806 807 808 815 816 787 823 56
51 3 9 99 11 16 42 76 9 233
865 870 807 883 877 878 784 882 787 884 56 859 862 816
21 4 31 3 2 9 52 9 22 2 253 12 4 11
816 878 911 784 56 921 922 924 925
51 46 9 134 166 6 5 1 2
961 962 936 937 784 952 949 951 56 922 958 959
2 1 21 50 343 1 14 4 20 93 18 4
995 997 967 968 784 963 949 922 991
8 2 64 7 322 12 60 193 3
996 1035 1005 784 1044 949 1014 1047 1048 1017 922 1019 1045
31 15 48 392 2 42 2 2 1 20 33 8 3
1089 996 1062 1005 784 949 1017 922 1086
4 45 14 150 447 11 144 105 3
1120 1123 1124 1125 1062 1005 784 1105 1112 1017 922 1117
7 1 4 3 4 459 265 107 1 436 37 4
1156 1142 1164 1005 784 1105 1174 1176 1017 922 1180 1181 1182 1151
46 5 2 461 255 62 36 1 389 59 2 3 1 5
1217 1156 1194 1005 784 1174 1017 922 1215
16 108 27 723 197 313 446 84 71
1250 1156 1270 1194 1259 1005 1230 1261 784 1265 1266 1267 1269 1174 1273 1272 1017 1274 1276 1215
81 37 5 23 10 712 24 8 207 5 9 25 4 545 1 2 693 2 2 25
1313 1250 1156 1317 1194 1324 1005 1230 784 1332 1301 1174 1337 1017 1339 1309
23 284 7 60 135 15 612 73 197 3 17 503 4 924 3 53
1250 1353 1194 1356 1005 1230 784 1174 1369 1017 1402 1309 1401
531 9 35 8 544 182 76 362 23 1094 1 68 3
1250 1421 1416 1194 1419 1005 1230 1309 784 1395 1422 1174 1400 1017 1402 1405 1418
586 1 6 28 1 755 373 16 63 28 2 382 37 1085 20 11 1
1250 1462 1479 1480 1482 1005 1230 784 1459 1174 1465 1017
524 29 12 11 2 791 523 62 20 268 2 1127
1536 1537 1250 1539 1540 1542 1543 1480 1005 1230 1174 1527 1017
1 2 544 2 4 1 2 2 707 583 124 2 1279
1250 1573 1574 1575 1576 1005 1230 1174 1017
417 34 1 1 3 1046 1032 14 954
1017 1250 1251 1005 1230
846 284 3 1154 1154
1312 1250 1283 1284 1291 1005 1230 1295 1299 1294 1303 1304 1017 1307 1308 1309 1311
1 259 15 5 19 1262 1262 23 18 2 1 5 738 4 5 1 3
1250 1347 1284 1349 1350 1351 1005 1230 1329 1299 1332 1017
386 6 24 2 2 1 1251 1251 42 187 27 749
1345 1250 1347 1348 1349 1350 1351 1352 1346 1005 1230 1329 1299 1017 1343
8 506 4 7 2 1 1 3 2 954 954 100 70 1046 10
1250 1380 1382 1417 1418 1419 1005 1230 1392 1329 1394 1367 1017 1370 1404 1343
453 67 83 1 2 1 727 727 67 33 7 9 1273 39 8 33
1250 1443 1380 1445 1382 1447 1450 1444 1005 1230 1392 1329 1017 1434 1436
113 8 93 1 103 22 1 16 734 734 93 35 1266 37 16
1250 1444 1477 1382 1447 1005 1230 1017 1434 1501 1509
89 3 32 99 1 498 498 1502 94 13 1
1250 1529 1382 1546 1005 1230 1549 1553 1556 1527 1017 1434 1534
1 1 68 11 285 285 10 7 1 70 1715 10 5
1600 1605 1382 1610 1527 1005 1230 1581 1621 1561 1017 1534 1567
2 1 108 16 58 125 125 24 3 17 1875 39 74
1664 1665 1667 1670 1382 1671 1672 1005 1230 1017 1629 1630 1567
2 8 7 1 242 1 1 242 242 1758 63 211 152
1697 1382 1721 1706 1005 1230 1682 1717 1714 1720 1017 1629 1630 1567
10 276 1 8 276 276 19 1 10 3 1724 18 242 106
1765 1382 1770 1706 1772 1005 1230 1773 1721 1629 1017 1757 1630 1567
5 224 4 6 1 224 224 1 137 6 1776 42 224 112
1765 1382 1005 1230 1789 1779 1721 1784 1017 1787 1757 1630 1567
72 301 301 301 1 19 243 11 1699 14 27 301 74
1787 1765 1382 1836 1005 1230 1849 1841 1811 1844 1630 1721 1017 1567 1843 1854 1823
65 40 144 2 144 144 2 7 59 10 144 524 1856 203 18 4 6
1888 1889 1860 1765 1382 1881 1005 1230 1872 1873 1843 1877 1721 1017 1630 1567
1 2 43 132 68 1 68 68 20 59 244 2 466 1932 68 165
1923 1860 1765 1926 1721 1930 1005 1230 1873 1938 1843 1940 1941 1881 1017 1382 1630 1567
38 29 88 10 431 16 1 1 33 1 526 3 3 97 1999 1 1 12
1953 1923 1860 2017 1721 1930 1995 1968 1843 2006 1881 1976 1017 2010 1982 2015
68 267 204 6 746 26 1 15 231 6 414 18 2000 5 15 3
2059 2041 1923 1860 1953 1930 2039 1881 2064 2017 2066 1843 2065 2067 1721 1976 1017 1982
3 38 229 148 230 338 2 319 12 15 3 445 2 1 600 12 2000 20
1953 2114 1923 1860 2085 1930 2115 1881 2098 1843 2100 2094 1721 1017 2108 2109
354 3 285 277 12 405 1 395 27 448 16 2 712 2000 4 1
1953 2146 1923 1860 2153 1930 2123 1881 2098 1843 1721 1017
402 8 423 285 17 572 11 423 29 572 708 2000
2177 1923 1930 2200 2202 2206 2207 1953 2211 2213 2214 2220 2221 2222 2223 2098 1843 1721 1860 2209 2169 1881 2153 2160 2161 1017 2174
9 587 411 5 2 3 27 187 9 2 2 2 1 2 1 33 411 1075 488 17 1 587 6 5 10 2000 13
1953 1923 1860 2245 2279 2248 1930 2231 1881 2160 1843 1721 1017 2268 2237 2174
93 390 610 66 10 6 437 50 390 52 437 1000 2000 3 22 42
1953 2274 1923 1860 2245 1721 1930 2315 2285 2160 2290 1843 1881 1017 2297 2313
12 42 310 599 87 909 429 4 23 39 14 429 310 2000 32 12
2274 1923 1860 2245 2374 2376 1721 1930 2379 2285 2160 2290 1843 2324 1881 1017 2363 2378 2377 2367
70 129 863 42 1 4 992 524 1 18 75 245 524 32 129 2000 26 1 2 6
1923 1860 1930 1881 2160 2290 1843 2420 2436 2422 1721 2392 1017 2431
60 639 798 60 60 224 798 4 2 18 699 22 2000 6
2496 2491 1860 2469 2502 2440 1930 2500 2482 2456 2290 1843 2422 1721 2392 1017 2459 2492 2493 2501
3 1 600 10 2 6 875 4 1 9 232 875 53 600 52 2000 36 10 3 2
2521 1860 2535 2440 2537 1930 2539 2540 2536 2290 1843 2516 2422 1721 1017 2523 2538
2 693 7 15 1 898 3 1 1 133 898 17 6 693 2000 7 2
2592 1860 2600 1930 2604 2605 2596 2576 2290 1843 1721 1017 2588 2589
4 1048 2 557 4 1 17 5 46 557 1048 2000 7 3
1860 2649 1930 2635 2636 2596 2290 1843 1721 2648 1017 2652 2643 2654
808 17 855 11 6 26 84 855 808 10 2000 18 5 2
2690 2659 1860 2693 2663 1930 2700 2702 2704 2290 1843 1721 1017 2683 2687
17 24 387 6 205 1333 12 1 4 100 1333 387 2000 1 15
2659 1860 2757 2758 2663 1930 2743 2700 1843 2715 2755 1721 2712 1017 2747 2750 2687
45 387 3 3 503 1430 4 30 1430 6 3 387 13 2000 7 5 73
2777 2786 2659 1860 2663 1930 2700 1843 2773 1721 2776 1017 2779 2788 2687
31 13 125 178 481 1650 75 1650 103 178 28 2000 3 1 34
2659 1860 2790 2663 1930 2795 2700 2807 1843 2804 2773 2806 1721 2776 1017 2788 2805
29 115 42 427 1629 2 214 1 1629 34 141 7 115 17 2000 2 7
1860 2790 2663 1930 2827 2700 2830 1843 2837 2773 2838 1721 2840 1017 2814 2841
164 117 495 1393 28 236 56 1393 3 112 1 164 1 2000 25 2
1860 2885 2790 2663 2888 2889 1930 2887 2700 1843 1721 2884 1017 2875 2844 2814 2879
194 3 13 552 2 1 1173 1 302 1173 194 5 2000 23 66 57 13
1860 2663 2908 1930 2700 2937 2941 2930 1843 1721 1017 2938 2844 2922 2814 2943
91 395 13 941 311 16 4 7 941 91 2000 13 101 19 40 5
2977 1860 2982 2663 1930 2983 2700 2973 1843 1721 1017 2922 2814
25 223 4 236 635 7 171 1 635 223 2000 152 14
2977 1860 3014 2663 1930 2700 3037 1843 1721 1017 3035 2922 3038
229 39 49 99 450 182 3 450 39 2000 11 175 6
3091 2977 3041 1860 2663 1930 3083 2700 3053 3088 3090 1843 3092 3093 1721 1017 3082 3070 3059
4 386 29 152 122 292 21 96 6 3 8 292 3 2 152 2000 39 2 3
2977 3138 1860 3141 3142 2663 3144 3116 1930 3147 2700 3097 3121 1843 3146 3145 1721 1017 3132 3082
649 20 202 2 6 64 3 10 93 1 18 1 8 93 2 2 202 2000 3 10
2977 3138 3203 1860 3202 2663 1930 3149 3204 3183 1843 1721 1017 3165
327 88 1 302 31 97 97 77 1 11 97 302 2000 65
2977 3202 1860 3249 1930 2663 3138 3149 3217 1843 3253 3254 1721 1017 3165
372 216 238 10 42 42 37 3 109 42 2 1 238 2000 137
2977 3202 1860 3301 3302 2663 1930 3303 1843 1721 1017 3289 3292 3165 3294 3295
354 40 187 2 1 367 367 3 367 187 2000 21 15 207 11 4
2977 3332 2663 3337 1930 1843 1721 1860 1017 3338 3165
225 49 877 16 877 877 21 21 2000 9 85
2977 2663 3369 1930 3372 3389 3345 3346 1843 3380 3379 3385 1017 3387 3165
532 942 52 942 21 3 23 2 942 15 22 4 2000 6 432
2977 2663 1930 3406 3421 3345 1843 3413 1017 3419 3420 3165 3422
455 764 764 11 6 86 764 4 2000 4 7 413 2
3488 2977 3490 3491 2663 1930 3475 3469 3406 3345 1843 3477 3446 1017 3165 3486 3487
2 374 3 3 1120 1120 5 7 139 92 1120 21 40 2000 266 2 1
2977 3495 1930 2663 3469 3406 3345 1843 3540 3543 3544 1017 3165
10 73 1765 1765 4 100 40 1765 2 1 1 2000 10
2663 1930 3409 3407 3345 3410 1843 1017
1866 1866 1 2 100 2 1866 2000
2663 1930 3435 3440 3345 1843 3448 1017 3450 3451 3452 3434 3454
1681 1681 10 24 312 1681 28 2000 5 2 1 28 1
3458 2663 3465 1930 3499 3500 3501 3470 3345 1843 3448 1017 3434
82 1701 17 1701 5 2 1 8 299 1701 14 2000 103
3458 3527 2663 1930 3531 3501 3539 3503 3536 3345 3538 1843 3540 3541 1017 3434 3537
62 2 1487 1487 5 78 5 39 3 513 3 1487 1 1 2000 192 4
3458 3577 3557 2663 1930 3567 3569 3345 3570 1843 3572 3575 1017 3548 3434
133 1 16 1476 1476 9 6 524 20 1476 2 9 2000 63 136
3584 3458 3557 2663 1930 3627 3345 1843 3636 1017 3548 3434 3614
55 254 256 1760 1760 20 240 1760 3 2000 108 36 58
3584 3458 1930 3345 3614 1843 3639 3642 3644 3645 3657 3658 3663 3664 3666 3667 3668 3669 3548 3557 2663 1017
88 119 1851 149 201 1851 7 14 23 6 13 3 1 4 2 1 2 1 88 180 1851 2000
3584 3458 3557 2663 3721 3548 1930 3723 3724 3725 3695 3345 1843 3700 3697 1017 3674 3644 3690 3614
157 157 259 1969 4 157 1969 3 4 3 35 31 1969 30 67 2000 38 74 128 257
3584 3458 3717 1930 3345 3737 3740 3614 3749 3752 3753 3759 3760 3761 1843 3644 3674 3548 3557 2663 3690 3697 3700 3729 1017
69 69 80 1982 18 44 2 215 7 2 3 1 3 2 1982 84 25 69 427 1982 195 195 169 38 2000
3584 3458 3811 3806 3557 2663 1930 3778 3697 1843 3700 3797 1017 3548 3690 3614 3717
105 105 1 2 332 2000 2000 16 190 2000 154 69 2000 105 190 384 49
3584 3458 1930 3854 3856 3857 3859 3860 3614 1843 3778 3797 3548 3805 3557 2663 3690 3697 3700 1017 3836 3837 3839
347 347 2000 1 7 7 5 1 279 2000 112 35 347 24 221 2000 134 134 192 2000 22 8 47
3584 3458 1930 3866 3614 1843 3903 3904 3778 3914 3915 3916 3548 3805 3557 2663 3690 3697 3700 1017 3836 3839
129 129 2000 32 524 2000 15 15 259 2 2 2 129 174 57 2000 40 40 57 2000 14 98
3584 3458 3976 3977 1930 3614 1843 3903 3778 3548 3805 3557 2663 3690 3947 3951 3697 3700 1017 3962 3963 3839
9 9 1 3 2000 698 2000 92 555 9 83 12 2000 6 17 16 6 12 2000 1 20 109
3778 4030 2663 4009 1930 3982 4029 3984 4017 4018 1843 4021 1017 4026 3903 3805 3614 3839
282 2 2000 18 2000 7 13 3 8 23 2000 7 2000 4 143 178 486 143
3778 4038 2663 1930 4043 3982 4047 4048 1843 4024 1017 3903 3805 3614 3839
400 6 2000 2000 3 79 6 4 2000 23 2000 132 112 676 132
4098 4100 4102 1930 4107 4109 3982 4113 4115 4116 4117 4118 3614 1843 4024 3903 3778 1017 3805 2663 4086 4089 3839
25 13 16 2000 7 3 16 3 2 2 1 3 541 2000 48 30 376 2000 33 2000 7 19 30
