37 11 44 47 49 50 28 31
6 16 8 3 2 3 44 4
37 75 76 82 56 57 91 94 95
99 55 66 37 5 29 7 3 2
37 75 82 115 119 120 91 124 125 126
176 142 203 10 17 2 131 6 27 5
161 155 37 135 167 169 171 75 172 146 174 175 176 82 149 170 91 125 133
50 28 285 82 9 8 6 325 11 20 6 1 1 286 41 1 32 63 56
161 213 37 198 135 169 75 207 82 211 149 215 216 218 155 220 125 133
39 6 122 10 22 16 255 6 226 14 36 1 8 1 236 1 75 19
225 258 37 263 264 265 75 257 240 82 211 155 125 261
59 22 77 1 2 2 311 3 5 204 41 367 80 3
225 258 291 292 293 289 75 290 82 211 155 284
16 121 5 4 3 1 351 3 325 9 140 39
289 258 299 225 75 338 335 337 82 291 327 317
28 75 50 52 353 1 3 1 120 42 4 2
225 258 387 389 390 75 82 366 367 369 338 374 383
11 132 3 1 1 177 132 22 40 36 48 33 1
225 258 420 75 430 431 82 437 374 407 441 410
24 142 32 140 7 1 142 2 11 16 1 38
225 258 489 75 493 494 497 82 374 410 479
27 88 2 146 1 1 2 88 111 18 20
225 539 484 545 75 533 495 499 532 542 374 536 543 410 527 541 510 479
40 1 12 1 88 1 119 9 2 2 175 12 2 5 2 2 3 47
225 583 75 588 589 590 495 592 593 374 591 479
42 3 229 17 18 17 49 8 2 148 12 306
608 610 611 75 588 590 495 374 601 591 604 605 479
2 2 2 206 31 31 8 324 6 31 9 10 131
641 619 644 652 650 75 588 590 591 374 601 604 479
18 41 53 1 1 60 42 42 67 598 8 16 71
662 680 619 588 590 591 688 658 692 374 697 601 699 479
4 6 201 119 119 235 12 2 9 546 3 45 3 6
750 747 742 619 588 590 591 718 374 601 751
1 7 7 52 45 45 277 79 572 18 2
747 588 718 591 757 374 759 760 590
191 36 137 540 29 520 3 2 36
800 801 790 747 588 590 591 785 718 374 791 797
3 3 2 160 20 20 577 2 174 443 7 3
804 805 840 846 747 588 845 718 591 848 849 590 374 836 826 847 829
117 57 9 2 68 44 2 172 288 1 1 44 254 3 2 8 44
898 900 804 805 874 747 718 591 881 882 878 886 868 374
4 7 221 231 77 96 339 743 11 37 2 2 45 232
898 939 804 805 934 936 925 874 747 718 591 882 878 374 868 922 923 938
114 1 185 74 4 17 1 12 74 109 521 12 118 425 17 4 1 3
898 868 805 936 1002 747 1004 718 591 1000 1010 878 374 983 984 804 1007 988
199 104 172 116 5 225 4 177 460 1 6 31 875 17 47 133 9 17
898 868 805 1023 936 747 1036 718 591 1042 878 374 984 804 1039 1013
190 90 90 9 48 174 8 90 337 5 73 798 72 47 9 8
1088 898 868 805 747 718 591 1072 878 374 984 1092
13 98 372 372 187 372 729 7 170 549 63 3
1142 898 1155 868 1125 1130 747 1133 718 591 1139 878 374 984 1156 1146 1116 1149 1109 805
7 31 1 521 94 9 292 5 521 1010 9 197 284 256 1 2 3 4 6 521
1205 898 868 805 1222 1160 1193 747 878 591 718 374 1225 984 1211 1212 1125
64 58 445 445 2 94 24 190 261 896 445 319 2 305 8 27 94
1205 898 1243 868 1125 1160 1193 747 1228 878 591 1232 718 374 1239 984 1211 1244 805
1 46 12 281 30 30 80 21 154 397 699 21 281 501 57 343 60 3 281
1313 898 1283 868 805 1193 1228 718 591 1232 1300 878 374 1239 984 1306 1307 1308 1309
1 26 6 610 610 8 181 610 939 33 26 329 190 22 321 4 12 5 1
868 805 1355 1228 718 591 1232 1329 1363 878 374 984 1306 1339 1349
796 796 1 342 796 992 22 20 1 196 179 177 32 34 31
1403 868 1349 1382 1384 1390 1228 718 591 878 1398 984 1401 374 1339 805
1 544 49 83 49 18 386 544 882 338 7 258 3 16 24 544
1442 868 805 1382 1384 1390 1228 718 591 878 984 1404
4 461 461 37 87 109 394 461 1031 570 120 18
868 805 1382 1384 1501 1228 718 591 1488 878 984 1498 1469 1493
623 623 9 14 5 361 623 1038 7 415 23 6 16 6
1508 805 1543 1228 1517 718 591 1552 1553 1555 878 868 1551
35 776 6 375 3 776 1136 2 2 1 360 776 35
1603 868 805 1606 1576 1578 1228 878 591 1604 1586 718 1590 1508
8 1183 1183 6 18 40 306 226 1409 2 43 1183 37 91
1603 868 805 1578 1228 718 591 1586 1652 878 1656 1508 1660 1662
42 1168 1168 19 610 1168 1241 22 38 73 37 11 10 3
1699 868 805 1228 1714 878 591 1680 1713 1682 1603 718 1656 1710 1695
34 1300 1300 651 3 23 1323 16 3 45 24 1300 13 6 7
1603 868 805 1767 1768 1769 1770 1228 1682 718 591 1714 1716 1759 1695
56 899 899 6 10 17 1 1101 60 899 899 32 18 19 147
1824 1793 1795 868 805 1799 1228 1682 718 591 1714 1603 1784 1759 1822 1695
7 13 9 1074 1074 16 926 80 1074 1074 12 152 19 15 5 149
1793 1603 868 805 1228 718 591 1682 1844 1846 1839 1695
141 53 756 756 1244 756 756 46 22 1 94 528
1888 1793 1890 1603 868 805 1894 1883 1899 1228 1906 718 1839 1872 1903 1682 1909 1910 591 1695
2 26 21 192 945 945 4 10 13 1055 1 945 70 30 13 83 1 3 945 333
1952 1954 1603 868 805 1228 1682 718 591 1872 1938 1939 1955 1695
20 7 6 791 791 1209 155 791 791 62 28 5 2 409
2000 868 805 1996 1228 718 591 1872 1682 1939 2004 2003 1695
16 963 963 2 1037 963 963 188 66 15 9 4 307
2048 2032 2019 868 805 2023 1228 2029 718 591 1872 2034 2039 2031 2047 2012 2045 1695
3 2 22 522 522 13 1478 24 522 522 186 6 36 1 2 15 3 657
2050 2051 868 805 2058 2059 1228 2029 718 591 1872 2067 2068 2039 2063 1695
35 13 673 673 10 6 1327 39 673 673 233 3 4 29 29 580
2050 2115 868 805 2118 2119 2088 1228 718 591 1872 2094 2039 2104 2108 2101 1695
30 2 513 513 2 3 71 1487 513 513 104 89 98 6 18 7 973
2050 1695 805 2088 2094 2108 2039 1228 718 591 1872 2135 2139 868 2149 2152 2157 2158 2161 2165 2167 2168 2169 2170 2171
59 879 779 5 160 57 94 1221 779 779 130 7 8 779 33 34 6 30 5 5 12 2 10 3 1
2050 2183 2184 1695 2210 805 2214 2094 2226 2228 2229 2230 2231 2108 1228 718 591 1872 2139 868 2158 2039 2169
135 121 49 985 9 867 11 238 9 5 1 2 3 79 1133 867 867 225 48 867 13 143 1
2050 2183 1695 805 2094 2108 2243 1228 718 591 1872 2257 2139 2268 2275 868 2278 2279 2280 2281 2282 2039
20 160 638 1282 434 77 21 718 1282 1282 458 111 72 10 26 1282 6 2 2 3 1 80
2275 868 805 2278 2183 2316 2289 1228 718 591 1872 2257 2139 2319 2094 2039 2303 2108 1695
67 1506 1506 12 74 9 9 494 1506 1506 536 35 121 3 246 13 30 87 481
2183 2325 1695 805 2346 2347 2094 2357 2364 2365 2367 2368 2369 2370 1228 718 591 1872 2257 2275 868 2278 2108 2303
64 39 758 1242 8 11 295 2 8 6 1 1 1 2 758 1242 1242 665 64 16 1242 64 34 65
2183 2325 1695 805 2094 2364 2369 1228 718 591 1872 2257 2393 868 2278 2410 2415 2418 2424 2425 2427 2428 2303
265 70 903 1097 335 5 30 903 1097 1097 354 298 12 1097 298 26 41 7 5 10 3 2 68
2369 868 805 2278 2183 2453 2476 2473 1228 2477 2094 591 1872 2257 718 2478 2456 2479 1695
53 809 809 433 239 43 7 2 1191 6 533 809 395 433 809 2 3 1 1191
2369 868 805 2278 2183 2453 2524 2533 1228 718 591 1872 2257 2516 2094 2504 2532 2492 1695
106 1119 1119 376 439 8 11 3 881 1119 1119 352 376 1 420 31 11 90 881
2566 2183 2569 2572 2573 2574 2576 2577 2578 2579 1695 805 2567 2094 2492 2369 1228 718 591 1872 2257 2532 868 2278 2549 2557
45 202 7 9 15 1 1 1 1 1 903 1097 11 393 319 181 903 1097 1097 692 390 24 1097 390 2 50
2369 868 805 2278 2183 1228 718 591 1872 2257 2593 2577 2094 2614 2532 2492 2625 2622 1695
273 1390 1390 378 170 610 1390 1390 738 378 7 30 378 9 210 348 3 10 610
2369 868 805 2278 2183 2652 1228 718 591 1872 2257 2094 2532 2492 2653 1695
443 1496 1496 308 386 1 504 1496 1496 897 308 308 80 308 2 504
2369 868 805 2278 2183 2713 2677 2663 1228 718 591 1872 2257 2094 2679 2532 2714 2715 2492 2717 1695
294 1245 1245 453 468 6 72 18 755 1245 1245 700 453 453 40 38 9 3 453 4 755
2369 868 805 2278 2183 2677 1228 2765 718 591 1872 2257 2771 2756 2094 2532 2769 2492 1695
179 1458 1458 417 837 23 542 7 1458 1458 586 417 1 6 417 35 8 417 542
2369 868 805 2278 2183 2812 1228 2797 718 591 1872 2257 2803 2094 2769 2811 2492 2800 2799 1695
47 1842 1842 97 681 2 158 29 1842 1842 1161 97 11 97 7 5 97 3 4 158
2369 2876 868 805 2278 2183 1228 2855 2828 2860 718 591 1872 2257 2094 2874 2875 2492 2865 2814 1695
4 5 1656 1656 188 768 344 22 142 9 1656 1656 888 188 188 5 10 188 20 36 344
2944 2945 2946 2183 2828 1695 805 2094 2492 2882 1228 718 591 1872 2257 2900 868 2918 2278 2920 2923 2925 2931 2933 2938 2939 2942
1 2 2 879 365 237 1763 194 194 17 237 1763 1763 884 194 12 1763 24 194 16 8 16 16 2 3 2 5
2882 2947 868 805 2278 2183 2828 2954 1228 718 591 1872 2257 2994 2996 2094 2998 3001 3002 2492 1695
49 30 1882 1882 56 1197 192 49 118 1882 1882 685 56 1 1 56 12 1 3 56 118
2183 2828 1695 805 2094 2998 2492 3007 3013 1228 3021 718 591 3024 2257 3029 3030 3031 3034 1872 868 2278
1406 45 119 1881 119 78 119 59 134 119 2 1881 1881 4 119 13 1 6 2 475 1881 119
868 805 2278 2183 3047 1228 718 591 1872 2257 3060 2094 3077 1695 2492 3013
1928 1928 72 1619 17 72 1928 1928 309 72 23 72 1 72 72 170
3107 868 805 2278 2183 3116 3110 1228 718 3087 1872 2257 2094 3115 3013 591 2492 1695
46 1894 1894 106 1515 1 7 106 1894 46 379 106 106 3 13 1894 106 106
3120 868 805 2278 2183 3144 3145 3146 3147 1228 718 591 1872 2257 3148 2094 2492 1695
94 1690 1690 310 1300 12 6 3 2 310 1690 1690 390 310 4 310 310 310
2183 1695 805 2094 3120 2492 1228 718 591 1872 2257 3172 3169 3170 3171 868 3174 2278 3175 3176 3177 3178 3179
1312 401 1599 401 103 401 401 1599 1599 287 401 2 30 5 8 1599 1 401 1 1 2 1 4
1872 3170 868 805 2278 2183 3210 1228 3202 718 591 3120 2257 3218 3214 2094 3215 2492 3197 1695
715 267 1766 1766 234 1051 10 234 9 1766 1766 218 234 6 2 234 2 234 82 234
3120 3170 868 805 2278 2183 3276 1228 718 591 1872 2257 2094 3258 3279 2492 3197 3262 1695
113 217 1842 1842 158 798 11 158 1842 1842 1044 158 158 35 1 158 135 37 158
2183 1695 805 2094 3120 2492 3262 1228 718 591 1872 2257 3286 3291 3170 868 2278 3308 3309 3310 3311 3314 3315 3316 3317 3320 3322 3197
927 83 1917 83 67 83 65 83 1917 1917 990 83 16 22 117 1917 83 28 7 4 3 3 15 4 1 1 1 18
3330 3334 2183 3339 3340 3342 1695 805 3335 2094 3120 2492 3262 1228 718 591 1872 2257 3170 868 2278 3309 3197 3325
4 25 931 2 1 1 124 1876 12 124 181 124 6 124 1876 1876 945 124 178 1876 124 4 51 29
3335 3342 3346 3347 3348 3353 2183 1695 805 3371 3372 2094 3120 3377 3388 1228 718 591 1872 2257 3170 868 2278 2492
11 99 46 13 7 11 1220 121 1879 10 10 121 268 9 2 121 1879 1879 659 121 189 1879 121 121
2183 3342 3347 1695 805 3372 2094 3120 3388 3399 3404 1228 718 591 1872 2257 3415 3419 3422 3423 3170 868 2278 2492
1194 59 23 221 1779 8 221 311 6 6 45 221 1779 1779 585 221 7 2 1 6 59 1779 221 221
3120 868 805 2278 2183 3461 3452 3463 1228 718 591 1872 2257 3472 2094 3465 3468 3471 2492 3425 1695
243 1651 1651 349 1139 4 9 4 349 1651 1651 512 349 2 349 2 1 2 349 8 349
2183 3471 3487 805 3498 3499 2094 3120 1695 2492 1228 718 591 1872 2257 3534 3543 3547 3548 3549 3550 3551 3553 868 2278 3452
1381 43 18 1750 54 7 250 362 250 250 250 1750 1750 369 250 11 2 1 3 7 1 2 1 1750 250 17
3587 3590 2183 3597 3471 3601 3604 1695 805 3498 2094 3120 2492 1228 718 591 1872 2257 3549 868 2278 3561 3565 3575 3583
42 7 1470 44 39 8 10 104 1896 57 104 262 104 104 1896 1896 426 104 141 1896 104 16 68 2 17
1872 3650 3619 868 805 2278 2183 3561 3498 1228 718 591 3120 2257 3651 2094 3647 3630 2492 3549 1695
400 2 3 1991 1991 9 1591 6 45 9 1991 1991 163 9 1 9 2 5 9 18 9
3120 3714 3723 868 805 2183 3498 3655 3725 718 591 1872 3729 3730 3731 3662 3728 3726 3711
90 25 3 2000 2000 1454 57 99 6 2000 2000 546 3 1 2 40 1 1 21
3120 3779 868 805 2183 3498 3655 3757 718 591 1872 3729 3662 3768 3780 3751 3759
32 6 2000 2000 1571 86 66 29 2000 2000 429 105 220 15 2 16 8
1872 868 805 2183 3655 3662 591 3120 3729 718 3799 3768 3759 3838
357 2000 2000 1643 52 429 2000 73 48 2000 66 94 73 3
3120 3819 868 805 2183 3655 3820 718 591 1872 3729 3815 3662 3799 3768 3759 3804 3805 3813
34 9 2000 2000 1846 84 2 2000 2000 154 30 2 452 40 147 34 17 9 12
3843 868 805 2183 3849 3655 3851 3852 718 591 1872 3857 3662 3768 3834 3839 3837 3838 3845
3 2000 2000 1781 2 21 5 1 2000 2000 219 1 181 107 6 1 1 6 10
3840 868 805 2183 3848 3852 718 591 1872 3859 3860 3662 3862 3768 3834 3838
38 2000 2000 1941 16 15 2000 2000 59 6 8 286 1 42 47 12
3886 868 805 2183 3893 3662 591 3890 3891 3892 718 3894 3768 3887 3871
13 2000 2000 2000 1 628 2000 13 3 1 2000 3 42 5 26
3907 868 805 3942 2183 3922 3662 591 3890 3923 3892 718 3768 3930 3931 3935
23 2000 2000 7 2000 26 869 2000 106 29 49 2000 61 37 5 7
868 805 2183 4008 4009 4010 4007 3662 591 3984 3992 3890 3923 718 3990 3960 4004 3930 3996 3994
2000 2000 2000 3 1 1 3 938 2000 14 1 82 16 2000 35 6 3 50 38 7
868 805 2183 4042 4018 718 591 4049 3890 4052 3662 4053 3996 4021
2000 2000 2000 4 34 2000 2000 8 301 1 695 3 5 36
4096 4097 4098 4107 868 805 2183 4104 4106 4103 4076 4109 3662 591 3890 718 4057 3996 4064
19 42 15 1 2000 2000 2000 2 3 5 31 2 859 2000 163 2000 21 37 16
4097 4155 868 805 4134 2183 4106 4141 718 591 4145 3890 4147 3662 4152 4153 4127 3996 4149
22 2 2000 2000 7 2000 153 12 2000 2000 6 85 4 541 4 2 2 14 3
4174 868 805 2183 4169 4106 4167 4172 3662 591 3890 718 4164 4156
4 2000 2000 2000 6 210 2 26 606 2000 146 2000 1 16
4195 868 805 2183 4209 4106 4199 4204 718 591 4208 4177 3890 3662 4207 4156
1 2000 2000 2000 2 31 24 6 2000 2000 1 59 102 641 3 64
4257 4259 868 805 2183 4233 4234 3662 591 3890 4243 718 4249 4260 4251 4156 4255
5 1 2000 2000 2000 12 12 622 2000 203 18 2000 7 5 7 191 7
868 805 2183 4264 4234 4295 4306 3662 591 3890 4307 718 4303 4243 4251 4156 4287
2000 2000 2000 2 13 37 1 763 2000 135 4 2000 3 49 106 340 11
4347 868 805 2183 4339 4295 4355 718 591 4334 3890 4243 3662 4356 4251 4156 4287
11 2000 2000 2000 9 75 2 2000 2000 10 189 31 977 3 119 464 20
4411 868 805 4390 2183 4295 4396 3662 591 3890 4403 718 4388 4378 4251 4156 4413 4243 4287
7 2000 2000 35 2000 19 5 771 2000 222 8 2000 53 23 48 588 5 6 62
4486 868 805 4390 2183 4295 4460 3662 591 3890 4436 718 4472 4388 4251 4156 4287
1 2000 2000 58 2000 46 1 786 2000 365 10 2000 17 216 29 574 110
4545 4546 868 805 4548 2183 4388 4540 4295 4524 3662 591 4528 3890 718 4534 4503 4505 4543 4156 4287
3 6 2000 2000 1 2000 30 6 27 11 572 2000 17 394 2000 12 29 6 4 159 36
868 805 2183 4554 4295 3662 591 3890 4595 718 4598 4591 4600 4543 4156 4287
2000 2000 2000 17 105 598 2000 258 3 2000 3 3 2 17 130 25
