3 36 43 20 54 26 29
291 10 14 40 4 18 28
65 3 69 75 77 54 57 29 62
7 246 1 2 2 33 43 87 3
129 3 100 134 131 107 111 115 85 54 121 132 122 92 29 127
2 366 58 1 3 8 9 10 19 39 9 9 11 16 98 3
3 167 170 145 156 29
306 9 2 74 4 14
225 226 3 232 202 145 210 227 214 183 223
2 3 318 8 11 103 3 7 1 18 16
3 267 272 145 274 278 279 281 282 223
315 9 5 29 4 3 3 1 2 22
272 290 3 293 304 145 310 311 313 284
4 1 102 39 3 25 1 3 2 4
3 358 365 369 371 349
40 18 5 14 3 12
418 3 420 425 426 404 414 415
3 121 2 1 4 24 13 24
3 467 431 435 478 471 479 477 414 415
236 6 17 94 2 1 1 2 14 107
514 3 519 520 521 523 524 525 526 431 497 435
19 61 19 2 3 3 1 3 1 41 29 23
3 519 585 586 593 590 591 497 595 435 596 597 598 599 431
15 43 8 7 7 4 9 75 2 1 2 2 2 2 140
640 644 645 646 497 519 431 593 634 603 637
9 1 2 2 72 13 136 42 18 2 13
689 685 687 688 497 660 664 431
4 8 2 6 128 9 20 114
709 716 431 720 497 660 725 727 724 731 719
38 52 278 8 206 32 7 1 6 3 12
771 709 716 431 720 497 660 725 790 760 788 719 764
4 30 66 69 11 231 31 29 3 34 3 29 22
848 835 844 845 719 720 497 850 851 660 725 823 852 431 764
2 2 8 2 135 43 4 3 1 37 135 12 1 417 30
894 892 431 720 883 725 879 764 893 719 863
1 4 118 62 39 302 46 9 11 302 7
720 923 959 961 936 431 912 725 883 949 952 879 719 863
89 27 8 1 61 99 53 165 120 21 3 36 165 53
1027 1025 863 1019 1028 1007 1032 1033 431 1035 879 912 883 725 1018 923 1034 719 1023
18 4 19 17 3 9 1 7 31 1 71 19 20 271 19 32 1 271 2
1027 1089 1107 879 1095 1088 1065 431 1101 719 883 1108 725 1110 1079 1018 923 1084 1085 1086
71 4 3 20 16 3 12 50 1 411 47 3 411 1 33 15 35 4 2 6
1168 1027 1160 1095 1128 1162 1163 1167 1165 719 879 1137 883 1172 725 1171 1079 1018 431 1173
3 24 23 87 48 5 8 11 3 393 7 78 4 3 393 2 24 76 39 1
1095 1128 1225 1228 1165 1224 719 1137 725 1207 1018 431 1212
45 15 4 9 1 7 252 23 252 21 141 1 24
1095 1260 719 1264 1137 725 1018 1243 1244
62 1 208 5 45 208 83 27 36
1255 719 725 1271 1274 1244
34 274 274 4 3 100
1284 1258 1292 1293 1294 719 1265 725 1244
50 15 9 3 1 192 75 192 89
1258 1355 1357 719 1361 1362 725 1335 1336 1359 1340
24 20 1 177 3 1 177 2 24 4 20
1409 1355 1421 719 1425 1394 1427 1396 725 1430 1431 1336 1433 1434 1372 1405
17 12 6 422 10 7 6 5 422 8 4 24 2 7 26 22
1483 719 1488 1425 1427 1492 725 1495 1496 1498 1372 1438
25 173 2 13 74 1 173 1 1 1 143 22
1504 1547 1546 1483 719 1525 1527 1372 725
46 1 1 15 220 50 3 164 220
1504 1483 1580 1581 719 1586 1525 1591 1560 1561 1594 1372 725
96 69 19 8 76 28 196 2 10 31 3 68 76
1504 1643 1483 1621 719 1649 1586 1620 1525 1656 1652 1372 725
185 14 39 31 114 1 21 14 78 4 1 32 114
1504 1675 1702 1713 1483 1711 1681 1656 1660
54 48 21 2 91 2 17 41 5
1729 1730 1732 1733 1483 1717 1718 1724
2 4 1 1 131 13 5 1
1785 1483 1757 1789 1783
15 246 19 5 58
1828 1830 1483 1783 1815 1817 1785 1818 1819 1757
1 1 249 29 3 5 38 3 30 194
1826 1828 1834 1483 1837 1838 1840 1841 1842 1785 1818 1757 1822
15 5 4 447 6 8 1 2 1 55 5 189 56
1856 1483 1853 1843 1822 1846 1785 1851 1757 1854
10 428 4 71 110 7 59 9 76 6
1891 1892 1861 1894 1897 1483 1853 1843 1879 1883 1757 1822 1887
1 20 25 3 1 434 68 92 50 55 92 154 16
1925 1933 1483 1901 1946 1917 1936 1879 1843 1940 1942 1943 1944 1945 1914 1883 1939 1757 1822
10 5 382 22 1 48 5 15 516 31 1 14 4 1 75 21 35 516 141
1961 1483 1964 1966 1757 1843 1973 1879 1939 1917 1822
39 329 15 12 1008 1008 3 73 5 77 8
1483 1964 1998 1757 1843 1879 1978 1917
65 8 1 1256 1256 72 1 153
1952 1953 1954 1483 1934 1757 1937 1843 1879 1946 1917 1950 1951
13 1 1 43 37 1046 7 1046 111 20 280 2 30
2018 2019 2020 2021 2022 1997 1965 1934 1757 1843 1879 1967 1917 1951
3 4 4 4 2 14 28 51 1273 1273 26 40 77 276
2051 1917 2058 2061 1997 1967 1843 1879 1757 1951
19 21 5 2 83 74 1032 28 1032 233
2054 2058 1997 1967 2066 1843 2071 2072 2073 1757 1951
42 28 131 197 3 1119 4 2 1 1119 599
2120 2123 2125 1967 1843 1757 1951
8 2 3 141 746 746 374
2159 2158 1967 1843 1951 1757 2142 2143
5 24 62 766 235 766 4 65
2177 2211 2212 2213 2183 2185 1967 2224 2225 2226 1843 2200 2201 2202 1951 2204 1757 2143
61 9 3 11 77 78 110 9 1 1 1095 14 16 9 179 7 1095 96
2273 2275 2277 2177 2185 2282 2284 2285 2286 1967 2256 1843 2234 2143 2236 1757 1951
23 9 20 36 14 1 2 1 3 273 45 1136 21 275 49 1136 283
2177 2301 2307 2308 2291 2185 2286 1967 1843 2293 1951 1757 2143
97 2 3 2 89 35 204 171 999 3 171 999 335
2306 2307 2143 2315 2286 2319 2320 1843 2318 1967 1757 1951
12 14 335 2 275 3 1 1008 11 123 1008 123
2363 2369 2370 2307 1951 2355 2371 2286 1967 1843 2358 2359 2361 2362 2331 1757 2143
3 6 1 9 28 76 2 373 28 1074 15 2 4 2 112 1074 456
2406 2355 2380 2286 2383 2385 1843 2409 2331 1757 2143
3 40 20 729 61 26 1453 1 61 1453 109
2417 2410 2411 2286 2383 2385 2386 1843 2414 2331 2396 1757 2143
1 2 5 741 119 31 1 1155 14 119 23 1155 520
2433 2466 2476 2477 2286 2383 2385 2450 1843 2489 2426 2331 1757 2490 2143
12 1 4 20 625 53 194 120 1216 1 17 53 1216 1 372
2528 2517 2507 2286 2525 2385 2450 1843 2510 2522 1757 2526 2143
2 9 20 727 5 186 178 1213 14 5 1213 1 638
2560 2561 2562 2507 2540 2286 2385 2450 1843 2552 2522 2555 1757 2558 2143
12 14 1 11 5 625 191 119 1146 48 8 90 1146 10 833
2592 2561 2626 2619 2596 2623 2616 2627 2286 2385 2450 1843 2560 2552 2564 2555 1757 2558 2143
36 80 1 6 14 1 2 2 836 140 303 1291 14 214 1 85 1291 177 709
2592 2561 2692 2664 2696 2648 2286 2385 2450 1843 2552 2655 2555 1757 2558 2143
20 74 3 24 2 6 853 284 408 1358 345 16 18 1358 131 642
2561 2385 2697 2698 2699 2286 2680 2450 1843 2552 2689 1757 2558 2143
73 287 7 1 1 1066 72 659 1621 97 34 1621 120 379
2752 2561 2754 2753 2286 2749 2736 2385 2450 1843 2734 2680 2741 2751 1757 2558 2143
8 154 2 2 1164 2 10 166 900 1482 18 304 5 30 1482 98 518
2561 2793 2794 2797 2286 2781 2385 2450 1843 2773 2734 2680 2751 1757 2558 2143
40 7 2 4 1238 9 137 1089 1535 125 3 381 106 1535 12 465
2849 2851 2852 2825 2834 2286 2781 2450 1843 2845 2773 2803 2680 1757 2558 2143
11 1 2 16 4 1341 158 1183 1770 1 87 118 186 1770 158 230
2885 2886 2887 2825 2286 2781 2450 1843 2773 2803 2680 1757 2558 2143
63 1 1 22 1627 106 1521 1943 133 110 57 1943 106 57
2931 2942 2927 2885 2925 2908 2922 2930 2286 2781 2928 2450 1843 2773 2803 2935 2939 2940 1757 2558
4 3 3 46 1 10 69 2 1625 75 5 1550 2000 24 17 1 1 3 2000 75
2980 2982 2953 2286 2928 2450 1843 2803 1757
15 3 6 1320 31 1320 2000 53 2000
3026 2989 2286 3021 3024 3025 2450 1843 2803 1757
1 76 1312 3 7 1 1312 2000 191 2000
3073 3044 3069 2989 2286 3037 2450 1843 2803 3034 1757 3071
1 12 1 58 1288 28 1288 2000 138 23 2000 3
3044 3117 3118 3116 2989 2286 3037 3121 2450 1843 3124 3125 2803 3128 3129 3132 1757
17 25 5 10 106 1347 33 9 1347 2000 2 5 59 1 1 2 2000
3168 3169 3171 3172 3173 3175 3177 2989 2286 3117 2450 1843 2803 3140 1757 3166
3 3 2 1 2 2 1 83 1644 44 1644 2000 143 33 2000 1
3233 3235 3173 3242 3243 3244 2989 2286 3117 3245 2450 1843 3220 2803 3225 1757
2 15 67 3 2 1 77 1893 71 2 1893 2000 6 20 11 2000
3307 3173 3270 2989 3306 3275 3308 3117 2286 3245 2450 1843 3273 3305 1757
2 2 7 22 4 10 1 22 1911 15 1911 2000 5 4 2000
3337 3338 3340 3245 2286 3341 2450 1843 3316 3343 1757
5 6 3 52 2000 4 2000 2000 13 1 2000
3393 3394 3245 2286 3343 2450 1843 1757 3390 3391
1 1 72 2000 18 2000 2000 2000 2 1
3395 3396 3398 3400 3401 3370 3245 3374 2450 1843 2286 3386 3402 1757 3381
2 2 1 1 1 6 40 9 2000 2000 2000 12 1 2000 4
3428 3432 3436 3245 2286 3439 2450 1843 3438 3437 3416 3420 1757
22 12 35 74 2000 17 2000 2000 5 19 30 3 2000
3474 3459 3465 3466 3467 3245 2286 3471 3473 2450 1843 3486 3485 3450 3483 3484 1757 3482 3455
4 96 3 9 2 25 2000 4 4 2000 2000 1 2 18 1 2 2000 4 7
3521 3459 3492 3525 3530 3531 3532 3501 2286 2450 1843 3534 3450 1757 3482
12 224 39 5 5 2 3 1 2000 2000 2000 2 132 2000 65
3536 3459 3558 2286 3555 3568 2450 1843 3450 3566 3482 3567 1757 3550
3 337 12 2000 21 11 2000 2000 50 32 110 14 2000 30
3618 3459 3620 3621 3610 3628 3626 3627 3596 3629 2286 3600 2450 1843 3450 3588 3482 1757
3 363 10 9 1 2 1 2 121 2 2000 69 2000 2000 58 46 208 2000
3680 3681 3459 3588 3691 3596 3693 2286 3695 3683 2450 1843 3694 3482 1757
3 9 840 8 3 236 9 2000 3 12 2000 2000 1 290 2000
3680 3745 3459 3757 3759 3760 3596 3693 2286 3695 3728 2450 1843 3758 3734 3762 3482 3744 1757 3710
100 42 904 2 2 2 184 134 2000 10 13 2000 2000 6 68 2 277 68 2000 29
3744 3680 3805 3459 3745 3596 3693 2286 3759 2450 1843 3734 3794 3482 3779 3804 1757
68 150 4 820 25 290 189 2000 31 2000 2000 68 9 376 89 1 2000
3840 3459 3847 3852 2450 3734 3864 3482 3867 3869 3870 3871 3744 1843 3872 3779 3596 1757 3813 3693 2286 3825
22 362 9 7 2000 67 1 676 2 6 1 1 67 2000 1 112 540 2000 109 188 2000 81
3459 3596 2450 3734 3482 3869 3744 1843 3892 3894 3779 3913 3917 3923 3925 3927 3928 1757 3813 3693 2286 3825
546 437 2000 88 456 165 88 2000 17 21 36 7 24 5 6 1 1 2000 105 94 2000 64
3744 3459 3734 3974 3975 3976 3977 3596 3693 2286 3869 3825 2450 1843 3958 3779 3482 1757 3813
83 558 83 2 2 1 1 802 103 2000 407 45 2000 2000 27 20 955 2000 78
3744 4001 4002 3459 3813 3995 4003 3596 3693 2286 3869 2450 1843 3988 3982 3734 3993 3482 3779 1757
203 2 1 689 31 1 2 805 82 2000 261 2000 2000 60 45 203 29 1156 2 2000
3459 3596 3982 2450 3734 3482 3869 3744 1843 4023 4040 4052 1757 4069 4064 4067 4068 3813 4070 4071 3693 2286
847 770 83 2000 180 992 129 180 2000 26 2 58 2000 1 1 9 7 75 1 2 80 2000
3744 3459 4100 3813 4102 4040 3596 3693 2286 3869 2450 1843 4052 3982 3734 3482 1757 4101
195 735 14 202 6 114 904 10 2000 17 2000 2000 280 280 195 1053 2000 3
3459 4102 4108 3982 2450 3734 4121 3482 4123 3869 3744 4130 4131 4135 4136 4137 1843 4040 3596 4052 1757 3813 3693 2286
800 13 22 261 2000 67 3 959 2 43 67 15 2 2 3 3 2000 141 780 261 2000 101 140 2000
3459 4108 3982 2450 3482 3869 1757 1843 4169 4040 3596 4170 4171 4175 4052 4183 4184 4185 4187 4189 3693 2286 4180
830 176 175 2000 983 51 2000 2000 12 44 794 30 13 1 175 2 1 5 1 2 187 2000 5
3459 4203 4197 4040 4204 4170 4108 3596 3693 2286 2450 1843 4052 3982 4184 3482 1757
658 3 4 19 2 66 332 1105 22 2000 2000 2000 361 361 66 1320 2000
3459 4263 4264 4108 3596 2286 2450 1843 4052 3982 4214 4247 4265 3482 4252 1757 4254 4213
666 48 2 479 1188 2000 2000 2000 248 248 35 10 2 1334 36 2000 2 69
3459 4214 3982 4108 4279 3596 4274 2286 2450 1843 4052 4277 4278 4282 4280 3482 1757
426 6 330 763 9 1477 10 2000 2000 2000 330 31 2 5 1 1574 2000
3459 4341 4332 3596 4299 4108 4333 2286 4335 4337 2450 1843 4052 3982 4331 4340 3482 1757 4277
489 1 1 1152 39 905 7 2000 14 6 2000 2000 214 214 36 4 1511 2000 6
3459 4398 4108 4394 4299 3596 2286 4399 4400 2450 1843 4052 3982 4342 4331 3482 1757 4382
424 4 834 1 74 1060 2000 1 7 2000 2000 226 226 60 5 1576 2000 8
3459 4108 4299 3596 4451 2286 4445 4433 2450 1843 4052 3982 4442 4425 3482 4444 1757
290 968 340 1040 2 2000 2 6 2000 2000 72 72 1 17 1710 2 2000
4482 3459 4486 3982 4487 3596 4299 4108 2286 4433 2450 1843 4052 4462 4460 3482 1757 4485
1 214 2 79 2 1134 455 1055 2000 64 2000 2000 79 20 7 1786 2000 4
