7 9 42 43 44 45 26 31
46 48 3 2 1 4 5 40
68 31 9 45 84 85 86 89 90 91 93 94 95
5 7 7 52 2 1 10 1 3 1 1 1 2
68 104 105 138 139 140 142 111 114 116 121
10 7 7 3 2 2 2 21 21 24 10
161 194 68 165 198 167 200 204 205 206 209 210 211 196 153 188
27 10 92 9 8 25 3 3 5 1 2 1 2 3 110 42
68 234 235 236 214 153 219 188
91 14 1 1 12 185 85 19
288 290 283 68 264 266 268 270 275 277 280 153 219 284 253 286
2 2 11 302 11 34 3 4 29 18 6 267 86 1 87 1
327 68 337 328 329 266 299 336 305 339 309 153 283 253
2 428 1 9 1 5 28 7 27 1 3 472 55 80
387 68 389 390 359 381 369 371 373 153 253
45 341 2 2 96 18 10 1 7 482 85
68 359 436 428 397 435 404 437 153
125 193 6 3 35 7 34 1 113
480 481 482 68 359 455 464 404 153 474 476 477 478 479
2 2 2 30 199 13 18 19 349 6 2 3 2 3
512 534 519 520 359 532 404 533 502 536 153
4 3 23 1 104 4 17 3 38 1 332
566 551 519 359 556 404 565 502 569 153 571 572 574 575
5 36 56 140 4 129 25 33 4 414 4 5 1 2
580 625 519 551 618 359 628 626 404 565 630 631 153 606
65 1 51 84 13 34 1 1 124 27 7 3 448 53
704 519 551 691 404 565 695 153 698 699 700 703
6 15 1 1 95 28 63 284 3 6 5 2
724 711 721 722 723 404 153
1 14 15 1 1 107 131
741 743 744 745 746 721 404
12 2 5 2 2 19 223
796 795 404 783
2 3 147 9
864 833 866 840 812 846 816 404 855 857
7 11 1 27 7 7 83 261 2 2
880 898 870 904 812 846 816 915 404 917 922 891 924 925
18 3 82 3 124 53 75 13 410 20 10 7 4 1
960 944 931 964 965 961 812 816 404 917 951 891 957 959
3 29 35 2 1 1 104 96 441 12 13 35 4 2
999 1000 1004 1002 1003 812 1005 974 816 404 917 951 988
12 7 4 2 4 108 1 38 18 159 30 20 16
1058 1064 1004 812 1069 816 1073 404 1077 1078 1079 1081
16 16 22 65 40 168 6 456 2 4 1 2
1120 1098 812 1133 1134 816 1137 1138 404 1102
32 33 3 5 5 271 1 1 532 28
1098 812 816 1137 404 1144 1146 1147 1148 1150 1151
18 12 423 47 590 34 6 2 5 1 2
1217 1218 1157 1193 812 1198 816 1169 404 1144 1204 1210 1149 1182
7 4 6 7 64 7 671 29 213 27 2 16 2 27
1217 1253 1169 816 1233 404 1241 1247
50 31 27 669 67 147 33 116
1312 1313 1316 1318 1291 1294 816 1233 404 1302 1241 1306 1309 1247
12 5 1 3 14 1 1068 126 41 25 87 24 3 2
1312 1348 1233 1354 1355 1359 816 1361 404 1366 1367 1336 1241 1340
6 22 1 16 1 4 1245 3 10 9 2 21 1 14
1312 1408 1348 1409 1385 1354 1387 1389 816 1361 404 1365 1401 1404 1403 1340 1407
21 1 82 1 9 76 8 28 953 59 124 77 11 4 2 35 4
1408 1348 1436 1387 1389 816 1361 404 1365 1432 1340 1439
34 62 1 108 3 1241 109 116 62 9 103 2
1440 1348 1450 1387 816 1361 404 1365 1492 1340
41 114 22 167 690 167 206 114 8 121
1440 1537 1515 1348 1514 1387 1519 816 1361 404 1365 1498 1340
120 1 40 6 6 462 24 869 462 147 6 45 83
1568 1440 1538 1579 1387 1580 1583 816 1361 1586 1587 404 1588 1498 1340
45 30 76 30 568 2 7 980 568 9 2 20 1 216 185
1440 1633 1538 1635 1636 1638 1639 1387 1634 816 1361 1498 1340 1626 1599
17 4 181 3 1 2 1 336 8 601 336 107 212 47 26
1440 1538 1667 1668 1670 1671 1672 1660 1387 816 1361 1626 1340 1663
92 234 1 1 1 4 1 12 407 841 407 17 342 30
1440 1728 1538 1387 1709 816 1361 1683 1719 1626 1723 1340 1726 1663
81 1 74 345 19 802 345 55 8 47 5 376 2 64
1440 1538 1734 1745 1387 1742 1743 816 1361 1719 1626 1340 1663
45 32 3 6 269 10 5 611 269 17 30 297 25
1538 1764 1387 1774 816 1361 1779 1780 1781 1719 1340
35 58 154 6 643 154 8 2 2 29 489
1828 1833 1834 1387 1836 1719 816 1361 1815 1764 1340 1822
6 2 1 229 1 2 794 229 6 6 565 4
1888 1889 1890 1892 1893 1894 1895 1387 1868 1869 816 1361 1340
6 3 3 4 1 1 1 10 7 31 453 10 443
1387 816 1361 1908 1944 1945 1947 1340 1949 1950 1951
72 487 72 22 12 6 3 415 6 1 1
1988 1959 1340 2007 1996 816 2008 2003 2005 2006 2009 1944 1945 1980 1983
38 57 789 1 9 789 5 2 8 4 1 142 68 27 7
1988 2053 1959 2055 2057 2026 2059 2061 2063 816 2034 2067 2068 2037 2070 2040 1945 1983 1340 2052 2047
6 19 183 8 10 32 4 2 5 943 17 2 9 12 1 25 48 11 943 4 16
1959 2092 2094 2095 816 2104 1945 2069 2103 2040 2105 2074 1340 2101 2078 2047
209 19 12 9 1262 2 2 15 10 22 4 24 1262 11 24 81
1959 2172 2175 2092 2094 816 2158 2169 2138 2171 1340 2174 2047
227 5 2 23 60 1222 20 5 45 18 1222 8 228
2197 1959 2094 816 2194 2190 2200 2201 2138 2171 1340 2174 2047
1 174 9 1175 7 31 3 1 9 46 1175 63 461
1959 2190 2252 2094 816 2261 2263 2138 2171 1340 2174 2047
231 42 114 76 956 4 3 76 21 956 44 243
2288 1959 2315 2252 2190 816 2094 2138 1340 2174 2047
76 384 4 210 71 1308 54 54 1308 152 318
2288 1959 2252 2094 816 2292 2190 2297 2138 1340 2174 2047
31 375 118 88 1532 21 5 1 88 1532 284 499
2314 2318 2320 2322 2328 2334 2336 2337 2339 2340 2341 2342 1959 2345 2346 2094 816 1340 2252 2138 2296 2174 2047
28 5 2 9 38 7 2 18 2 1 2 2 374 2 4 205 1421 1421 118 205 5 385 146
2337 1959 2252 2094 2383 816 2384 2398 2391 2138 2399 1340 2397 2174 2047
36 249 58 402 16 1349 5 1 1 402 1 1349 4 320 247
2432 2337 2403 2421 1959 2252 2435 2094 816 2433 2174 2138 2427 1340 2430 2047
2 45 101 14 342 22 2 652 1006 1 69 652 7 1006 7 228
2337 2467 1959 2442 2475 2444 2094 816 2481 2482 2483 2462 2138 1340 2174 2047
96 11 464 196 1 80 738 798 1 2 3 23 738 798 64 104
2528 2337 2498 2534 1959 2504 2537 2442 2535 2444 2094 816 2517 2510 2462 2138 2523 1340 2538 2174 2047
6 149 103 2 588 15 3 15 2 108 791 621 4 30 5 791 10 621 1 79 158
2564 2444 2585 2587 2588 2589 2590 2591 2592 2337 2594 1959 2094 816 2462 1340 2498 2593 2510 2138 2523 2545 2554 2174 2047
81 180 1 1 1 2 1 1 1 119 2 645 758 597 12 597 33 3 6 758 72 25 57 25 328
2337 2564 2629 1959 2620 2631 2444 2605 2094 816 2610 2611 2625 2628 2138 1340 2589 2047
62 92 1 545 3 1 56 46 784 671 18 11 4 7 784 671 42 561
2337 2658 2564 2630 1959 2666 2444 2605 2094 816 2673 2674 2645 2672 2138 1340 2047
247 8 2 15 526 11 4 318 402 1072 3 1 28 19 402 1072 806
2720 2337 2723 1959 2699 2605 2094 816 2705 2672 2138 2719 1340 2047
16 113 1 679 59 418 325 996 19 43 325 6 996 883
2699 2705 2720 2337 2726 1959 2605 2094 816 2746 2747 2748 2749 2750 2751 2752 2753 2754 2138 1340 2727 2672 2047
136 164 47 145 34 663 352 160 1177 5 5 2 3 1 2 1 3 2 160 1177 136 47 1032
2720 2672 2727 2726 1959 2780 2699 2605 2094 2781 816 2705 2337 2776 2783 2138 2785 1340 2784 2782 2047
194 194 75 191 591 2 257 364 34 9 1375 75 172 8 1 34 1 1375 2 2 1203
2720 2337 2699 2727 2726 2822 1959 2825 2795 2605 2094 816 2705 2823 2672 2138 1340 2047
159 167 86 46 6 2 797 4 96 422 11 1192 46 2 159 11 1192 1025
2720 2672 2795 2727 2726 1959 2879 2699 2860 2605 816 2705 2834 2337 2880 2847 1340 2869 2878 2047
188 188 24 104 108 887 4 108 9 217 1113 104 72 83 1 48 1113 2 3 1030
2720 2672 2883 2337 2885 2726 1959 2699 2605 816 2705 2834 2867 2727 2880 2871 2847 1340 2047
92 92 18 152 1 79 821 79 224 1179 14 28 5 14 7 6 3 1179 1027
2720 816 2944 2916 2914 1959 2952 2955 2956 2605 2958 2959 2672 2951 2337 2957 2847 1340 2941 2942 2047
65 965 3 96 2 1035 10 1 2 49 2 2 65 1 28 1 29 965 17 12 937
2720 2672 2980 2982 1959 2984 2972 2337 816 2975 2916 2847 1340 2047
59 59 56 1 857 3 14 121 1143 34 30 51 1143 1022
2672 2337 2847 2916 1959 2972 3035 816 3024 3033 3032 2980 3034 2720 1340 2047
10 136 10 42 760 34 3 1240 1 1 22 136 18 10 1240 1104
2337 2980 1959 2972 3047 3052 3068 816 3060 3062 3063 2916 3067 1340 3069 2047
136 136 744 69 184 8 1 1256 4 2 9 247 3 1256 1 1120
2337 2980 3111 1959 2972 3047 816 3122 3130 3093 3129 3128 2916 3098 3103 1340 3125 2047
317 317 17 555 31 178 1445 2 1 103 2 3 201 26 84 1445 1 1128
2337 3179 2916 1959 3209 3210 3143 816 3186 2980 3103 1340 3197 2047
95 1 42 819 3 1 2 1181 3 95 226 1181 7 1086
3264 3266 3267 2916 3269 1959 3240 3260 3211 3244 3263 816 3250 3252 3223 3103 1340 2047
1 2 1 11 1 1146 11 4 125 2 13 854 3 4 81 90 854 854
3312 3317 1959 3304 3305 3276 3263 3311 816 3313 3316 3308 2047 1340 3293 3103
1 1 1357 9 13 81 103 7 643 3 1 5 643 643 3 140
3367 3355 2047 3368 3337 1959 816 3356 3369 3103 1340 3263
17 22 610 2 27 1390 610 29 1 187 610 79
3408 3419 1959 3103 3420 3375 816 3368 3263 1340 2047
32 7 1266 450 1 18 734 15 251 734 734
3488 3408 3490 3491 3462 1959 3103 816 3489 3480 2047 1340 3421 3263
1 7 1 1 10 1473 384 527 2 1 527 527 40 350
3547 3462 1959 3528 3263 3549 816 3538 3539 3540 3541 3544 3545 3514 2047 1340 3546 3103
2 117 1598 11 408 3 402 8 7 7 6 3 4 22 402 402 1 280
3555 3556 3557 3462 1959 3528 3103 3579 816 3577 3578 2047 1340 3263
31 57 20 427 1435 81 138 1 565 1 1 565 565 514
3585 3555 3556 3622 3462 1959 3528 3623 3103 3263 816 3619 3604 3611 1340 2047
40 122 31 15 571 1266 21 7 163 331 734 5 33 9 734 734
3585 3555 3652 3622 3462 1959 3528 3103 3653 816 3604 2047 1340 3263
51 288 4 18 647 1295 37 58 1 705 226 705 705 154
3585 3555 3462 1959 816 3634 3604 3639 3640 3636 3263 1340 2047
16 313 955 1045 955 2 304 1 1 3 55 955 955
3585 3555 3685 3462 1959 3688 3676 3690 3691 3692 3687 816 3604 3672 2047 1340 3263
50 652 2 770 1230 12 20 3 2 1 2 770 621 12 770 770 50
3676 3585 3746 3555 3748 3750 3462 1959 3687 3740 3723 3751 816 3752 3604 3735 2047 1340 3263
20 145 11 564 4 1 687 1313 1 27 21 1 687 3 564 17 687 687 145
3585 3778 3555 3462 1959 3723 3783 816 3763 3604 3797 3799 3803 3801 3263 1340 2047
14 17 537 770 1230 79 23 770 3 537 6 8 2 7 14 770 770
3841 3778 3555 3462 3814 1959 3848 3850 3723 3821 3783 816 3604 3801 1340 2047
6 17 381 959 90 1041 3 3 85 18 24 959 381 53 959 959
3903 3778 3555 3877 3462 1959 3883 3723 3852 816 3890 3878 3604 3895 3897 3871 1340 3902 2047
4 33 510 9 906 1094 1 35 117 906 15 44 510 15 7 10 906 2 906
3936 3555 3941 3462 1959 3852 3950 816 3604 3957 3958 3956 1340 3934 2047
12 690 24 1005 995 78 16 1005 690 6 2 2 1005 24 1005
4000 4016 3555 4004 3462 1959 4009 4010 4007 3852 816 4017 4019 3604 3992 4020 4012 1340 2047
12 3 673 8 814 1186 4 9 14 80 814 1 5 673 9 1 1 814 814
4064 3555 4069 3462 1959 4060 4042 4075 3852 4076 4061 816 4067 3604 4045 4073 1340 4074 2047
6 1024 2 615 1385 15 26 1 78 3 1 615 12 1024 6 2 615 3 615
3555 4132 3462 1959 4042 4078 4111 816 3604 4119 1340 4126 2047
942 3 490 1510 106 26 51 490 942 4 490 1 490
4161 4162 3555 3462 1959 4042 4111 816 4163 3604 4159 1340 4158 2047
11 5 1025 473 1527 90 103 473 1 1025 5 473 16 473
4192 3555 4197 3462 1959 4170 4199 4204 4111 816 4209 3604 4212 4042 1340 4202 4190 2047
9 1117 24 547 1453 58 2 8 140 547 4 1117 2 10 547 9 22 547
4224 4226 3555 4228 4197 3462 1959 4220 4234 4231 4204 4111 816 3604 4214 4233 1340 4221 4190 2047
11 1 962 2 28 501 1499 35 3 8 44 142 501 962 92 1 501 15 161 501
3555 4292 3462 1959 4296 4220 4295 4204 4301 4302 816 4275 3604 4214 4248 4281 1340 4221 4190 2047
1040 3 590 1410 5 48 1 37 1 1 590 4 1040 164 7 7 590 87 164 590
4353 4354 3555 4356 3462 1959 1340 4311 4204 816 3604 4348 4214 4343 4345 2047 4220 4190 4319
2 2 984 2 704 1296 704 24 15 704 984 1 165 33 8 704 92 165 139
3555 3462 1959 4220 4391 816 4401 3604 4214 4311 4376 4410 4319 1340 4190 2047
1035 470 1530 93 3 470 6 1035 150 35 3 3 32 470 150 470
4448 4418 3555 4438 3462 1959 4456 4412 4458 4459 816 4451 3604 4214 4457 4444 4441 1340 4190 2047
31 24 1028 6 416 1584 2 15 5 3 416 2 1028 13 3 15 21 416 13 416
4418 3555 3462 1959 4412 4461 816 3604 4471 4472 4474 4475 1340 2047
28 825 303 1697 195 17 303 825 4 5 6 6 303 303
3555 4518 3462 1959 4412 4490 4519 4461 816 4499 3604 4503 4508 4511 1340 2047
584 18 500 1500 180 12 2 93 500 48 584 1 9 1 500 500
4546 3555 3462 1959 4412 4461 816 4529 4561 4563 3604 4565 4572 4567 4564 4570 4571 1340 2047
18 535 627 1373 48 47 627 6 1 3 535 1 2 1 2 2 1 627 627
4609 4546 3555 3462 1959 4412 816 4593 4579 3604 4604 4564 1340 4605 4606 2047
3 29 542 342 1658 52 342 32 21 542 1 20 342 4 2 342
