34
1
40 42 38 45 46
3 4 3 2 2
84 93 94
4 7 3
146 148 149 150 151
3 2 2 3 1
185 187 191
7 1 9
232 233 234 230
1 3 2 3
275 276 270 255
4 2 10 7
1 2 7 10 11 14
5 3 6 4 9 2
2 3
6 2
32 40 43 36 44
7 1 1 3 1
1
8
27 23
3 30
75 69
4 9
0 1 3
1 4 1
8 9 10 5 6
2 1 1 5 3
40 41 36
3 1 9
64 81 82 86
2 1 5 1
24 41 37 29 39
1 1 5 12 2
48 50 44 46
14 3 4 7
41 29 15
1 2 7
78 70 77
2 6 5
122 123 125 126
4 1 3 1
29 30
2 1
80 96 99 101
2 1 3 4
6 17 19 23 24 25
2 2 9 8 1 1
54
6
104 105 103
1 2 3
27 29 30
3 2 1
24 20 28 22
3 6 2 1
64 65 61 63
3 1 3 3
89
5
0
1
0 1
2 2
58 59 53 55
2 1 9 1
34 35 18 19 21 24 31
1 1 1 2 1 10 5
58 59
7 1
107 109 110 111
11 11 4 1
160 165 150
1 4 9
8 7
1 4
30 31
2 1
8 10 13 7
9 5 3 19
5 18 21 23 24 25
7 3 1 6 1 1
4
1
9 12 5 14 7
4 2 5 1 3
10 3
3 5
72 74 76 79 81 82
3 1 1 3 2 2
100 95
1 5
12 19 20 15
18 7 3 4
64 66 67 36 52 56 68
4 1 1 6 4 4 1
2 3
1 1
2 5
3 1
32 72 74 76 77
10 2 6 8 4
17 11 23
6 1 3
24 26 19 29 30
2 2 7 2 2
14
3
48 55
1 2
99 104 113 115 116 118 90
15 7 11 5 1 2 3
17 20 21 22
3 1 3 1
66 78 79 80 81 82
4 2 5 3 1 1
8 19 18 11
4 2 2 11
8 7
2 6
48 54 56 57 59 60
7 9 4 1 1 2
0 10 13 14
20 8 3 6
72 59 71
2 3 1
8 9 2 4
6 2 1 8
48 49 50
3 4 2
72 78 81 83 85 87 88
9 4 4 3 3 1 1
41 42 44 37
2 1 3 1
80 82 84
6 1 2
133 125
18 5
9 10 13 14 15 16 19
9 7 3 2 1 1 5
1
1
8 10 11 12 5
1 2 1 1 4
48 39 43 38 47
2 2 4 7 1
5 6
1 2
52 53
2 2
0 1 2
3 1 2
50 51
5 1
34
4
24 9 23
1 4 3
16 19
7 1
17 10 18 13
4 6 1 6
61 60 53 62 55
1 2 11 2 2
24 26 28 30
1 1 1 1
3 6
5 2
1 3
2 3
18 19 20 21 7
2 3 2 1 17
66 67
1 4
105 102
1 5
38 39 40 41 42 43
1 3 1 1 2 2
88 89 93 94 87
15 3 2 1 4
121 122 125 127
3 2 1 2
192 193 182 186 189 191
2 1 2 1 1 2
224 225 221
2 4 5
8 0 2 4 6
2 6 12 2 1
40 44 45 46
8 1 1 1
89 94 95
3 4 1
