34 35 39 40 42 43 18
10 3 1 1 1 1 35
34 35 39 41 28 29
10 12 1 1 6 15
34 43 36 45 46
51 2 51 7 1
96 34 36 76 98 86 88 60
11 62 62 5 1 9 13 6
128 34 36 86 119 121 127
3 39 39 7 16 2 9
193 195 134 167 177 183 184 185 190
1 2 7 6 9 6 2 14 1
227 229 230 232 210 216 217
2 4 6 1 11 10 9
210 286 285 254
22 1 7 9
297 301 302
8 4 3
352 353 354 331 333 347 351
1 1 2 10 5 1 2
353 354 355 333
1 5 2 14
385 386 355 390 359 335 343 376 381
2 1 13 2 34 20 7 11 2
391 439 433 435 438 407
8 1 15 1 2 13
489 458 491 493 494 467 502 473 475
4 10 6 13 3 5 1 3 8
539 537 530 467
1 3 12 12
546 552 559 560 561 562 467 563 542
14 12 2 2 2 1 16 1 55
608 552 542 599 574 607
1 2 11 7 3 5
610 654 655 656 657 659 599
48 7 8 3 3 2 3
709 678 712 713 714 683 696 697
3 9 1 5 3 9 3 22
736 678 746 756 758 697 762 766
45 24 12 6 19 31 6 1
736 802 805 810 816 756 821 822 823 794 799
3 15 8 5 4 19 2 2 3 29 12
865 867 868 869 857 863
5 1 2 2 6 3
906 907 912 884 918 919 895
4 7 11 9 4 4 6
928 968 969 971 955 956
5 11 8 1 7 5
986 1018 1011 989
6 4 29 3
1029 1067 1073 1076 1046 1079 1081
16 9 2 8 15 7 1
1120 1121 1122 1123 1103
8 4 1 2 6
1152 1160 1164 1165 1159
25 3 1 2 1
1152 1166 1202 1203 1208 1209 1210 1212
1 13 10 1 8 7 11 1
1258 1262 1234 1268 1270 1271 1272 1244
14 9 71 1 7 2 1 25
1304 1313 1315 1308 1316
7 10 6 4 4
1346 1357 1325 1361 1362 1363
12 15 18 1 1 1
33 35 37 38 14 19 26
1 2 4 2 15 17 9
88 91 43 78
6 1 20 9
129 118 150 134 149
17 3 3 18 1
16 27 29
122 4 1
80 86 87
3 6 1
130 132 134 135 136 123 125
2 4 2 2 2 7 10
161 169 171 175 183 186 158
4 5 22 2 15 1 7
233 171 243 237 239
2 8 1 19 3
290 291 293 262 295 296 297 274 277 281 284 287
5 2 6 1 3 1 1 11 5 7 3 1
353 327 337 341 351 348 350 277
3 6 20 1 2 6 12 6
361 366 398 399 400 401 403 405 378 348
1 1 3 6 1 4 2 1 39 25
441 450 442 414 439
5 1 2 42 12
488 496 498 414 495
6 7 1 8 4
514 507 516
4 6 3
554 564 562
12 4 3
33 34 36 37 25 29 30
1 2 1 1 34 5 3
57 91 95 94 39
10 2 2 1 49
9 10 3 4 7
3 1 1 2 1
65 59 61
5 3 1
96 97 98 92 94
3 1 2 2 1
10 13 24 26 28 29 30 31
35 14 4 8 6 1 2 1
84 49 74 76 79
1 28 7 23 10
96 82 92 93
2 6 3 3
129 130 131 119 120 121 123 126
3 1 3 12 8 3 3 1
186 119 187 174 183
2 26 3 3 18
228 237 238 239
4 3 2 2
8 9 11 5 7
1 3 1 3 2
36 37 39 41 13 50 52
8 10 45 4 26 4 2
81 116 117 118 55
34 2 1 1 16
175 165 157
1 43 2
224 225 195 165 200 208 215 217 219 220 221 222 223
1 2 23 46 10 7 1 23 2 5 3 2 2
257 260 261 263 264 247
3 3 4 1 2 8
257 264 304 308 310 313 282 317 318
123 35 9 30 12 3 12 1 1
352 327 345 348 349 350
2 42 47 2 5 1
389 327 398 399 400 383
1 5 1 2 2 16
1 13 15 19 20 23 24
7 6 7 4 9 2 2
36 37 38 39 40 41 42 28 30
10 7 10 2 1 4 1 8 10
60 52 56 59 28 61
4 11 18 5 3 2
97 98 99
3 2 1
131 107 109 110 121 123 125 126
4 10 14 54 2 2 8 5
184 177 183
3 9 5
225 215
4 22
296 268 266 300 301 304 275 280
1 19 7 1 1 1 10 10
294 299 301 307 308 309 311 313 315 316
3 44 20 5 1 6 1 1 1 1
358 361 364 301 369 370 349
3 1 18 5 1 1 1
418 391 397 433 434 435 404 436 381
7 27 7 3 2 3 28 1 13
482 486 487 488 489 473 478
1 4 3 1 1 7 1
487 496 503 473 508 511
2 3 6 18 8 2
546 549 552 553 530 503 543
7 2 5 4 29 31 22
560 556 557 558
13 2 10 5
1 3 5 6 7 8 10 11 12
3 10 9 3 5 5 1 1 1
32 33 34 8 10 13 21 22 25
2 2 2 20 13 20 20 2 15
43 58 59 60 62 63
31 23 4 4 1 1
43 145 146 147 150 151 152 153
15 3 11 4 5 1 1 2
196 198 199 201 202 203 174 187 191
3 6 3 3 2 1 36 10 5
268 251 228 198
1 16 28 9
320 297 304 315 317 318 319
2 6 3 5 15 2 3
297 379 382 366 317
11 6 1 1 1
419 423 424 425 429 432
8 2 7 2 4 2
481 487 488 489 490 491 439 475 477
1 2 4 4 1 1 10 3 6
510 511
1 3
0 4 9 11 13 14
64 21 15 1 2 1
0 48 50 37 49
6 3 3 31 2
106 109 110
20 20 2
156 157 158 159
2 2 1 1
198 172 205 208 212 214 215 216 217
13 29 4 10 3 6 1 2 6
258 262 271 240 277 278 281 282 252
9 18 29 4 8 11 2 7 16
