39 46 49 51 58 60 62
12 10 2 9 4 8 1
74 76 77 46
36 3 2 12
133 134 74 108 120 125 126 127
2 1 31 20 16 14 8 7
168 201 138 171 141 143 177 183 157 191
7 1 31 5 47 51 15 4 21 5
227 209 138 143 240 177 234
10 16 18 19 14 11 8
288 289 296 298 299 300 301 280 248 250 284 255
5 24 4 3 3 1 1 30 74 52 19 18
354 355 299 336 339 280 313 347 284
39 3 7 22 40 112 63 20 63
354 395 388 358 360 394 371 398 408 402 339 407 280 313 380 414
108 41 17 75 51 57 34 3 5 23 233 1 95 75 27 1
416 448 354 358 449 360 426 371 450 402 339 439 280 313 442 443 394 447
12 8 42 108 1 74 25 55 1 83 372 34 44 108 10 10 3 1
339 354 358 426 473 371 468 470 439 280 313
573 76 31 108 2 56 15 12 20 109 31
354 515 521 339 491 524 525 527 528 497 371 280 505 507 426 522
171 32 3 950 31 1 5 1 2 54 86 62 62 8 5 14
354 547 586 581 568 585 426 371 588 559 497 562 339 561 536 505 571 572 573 587 507
433 29 1 3 4 2 82 96 2 11 172 24 543 4 59 28 5 9 3 1 20
354 643 644 645 646 647 648 649 426 371 621 559 632 339 628 629 536 505 635
73 9 10 1 1 3 1 2 22 38 11 46 15 958 39 64 336 285 3
699 679 426 371 652 695 654 687 689 339 628 629 697 536 505 559 700 693
2 2 62 77 8 3 13 6 6 589 49 33 2 323 108 75 2 19
715 710 426 371 559 728 339 693 735 536 505 730 699 732 733 734 725
5 18 1 122 174 4 686 31 1 280 284 3 55 5 2 3 8
783 795 796 371 559 784 792 339 725 759 536 505 794 699 732 734 767
1 3 1 199 79 1 1 911 140 5 188 389 5 8 31 31 2
741 743 371 750 559 752 339 505 751
5 9 90 4 112 2 615 158 4
339 780 782 559 371 505 795
503 31 8 31 100 179 6
809 339 811 782 818 371 820 822 827 829
145 253 41 83 3 63 14 9 9 1
809 339 811 782 371 822 824 825 826
358 114 183 65 40 13 4 1 2
866 867 869 809 874 811 339 857 861 863
6 10 8 626 1 169 19 14 12 23
897 869 809 811 913 339 916 886 905 863
37 3 571 186 3 19 2 21 3 50
960 961 967 809 971 973 975 969 863 959
39 51 3 338 2 4 2 12 278 61
961 995 1028 959 1032 809 1034 1004 1036 1039 1038 1018 987 1021 863
92 12 21 242 4 236 1 23 6 3 2 3 53 12 355
1088 1072 809 1087 1039 1040 959 1084 863
2 10 210 3 190 57 422 4 451
1120 1123 1124 809 1119 1039 1040 1109 1110 1097 959 863
1 7 2 201 5 25 48 31 8 19 589 204
1173 1125 809 1119 1164 1039 1040 1169 1170 1109 1174 1175 959 1149 863
17 61 168 20 18 69 105 15 11 75 2 2 489 9 122
1237 1211 1125 809 1119 1164 1231 1039 1173 1240 1210 959 1213 1109 863
7 4 62 109 41 54 13 62 146 4 15 898 22 52 62
1281 1301 1265 809 1258 1164 1294 1297 1298 1299 1300 1173 1270 1289 1290 1119 1213 1109 959
6 1 4 99 80 94 4 6 1 4 1 75 6 15 4 121 5 5 933
1346 1339 1319 809 1258 1164 1347 1173 1289 1337 959 1119
3 20 22 79 36 79 3 22 221 39 1181 375
1409 1403 1289 1164 1407 1369 1398 809 1368 1337 1370 1119 1339 1405 1406 959
2 6 149 178 1 1 4 178 22 46 12 310 6 2 2 1182
1447 809 1164 1455 1457 1458 1289 1368 959 1405 1438 1119
6 62 62 4 3 2 140 4 1254 19 20 393
1480 1289 1482 1463 1484 1164 809 959 1468 1438 1119
27 226 3 6 3 110 110 1398 12 51 293
1531 1509 1480 809 1527 1164 1533 1487 1520 1529 1524 1534 1289 1497 959 1532 1501 1438 1119
3 20 12 211 1 211 2 13 1 2 1 1 365 24 1508 1 32 103 365
1513 1509 1289 1559 1164 1521 1539 809 1560 1119 1438 959
6 21 535 38 62 4 5 62 2 535 148 1437
1605 1574 1289 1611 1164 809 959 1438 1119
3 56 497 5 284 284 1226 106 497
1634 1641 1289 1164 1649 1650 1651 1621 809 1119 1628 1438 959
22 17 263 395 2 9 4 104 395 263 151 176 1423
1696 1634 1669 809 1164 1695 1650 1621 1289 1694 1119 1628 1438 959
1 29 38 541 541 7 129 19 303 7 303 232 240 1111
1729 1634 1669 809 1751 1164 1710 1621 1289 1753 959 1628 1438 1119
11 216 49 629 9 629 1 312 465 4 1119 182 17 465
1634 1787 1669 1804 1289 1802 1803 1164 1805 1777 1801 1621 809 959 1628 1438 1119
206 32 18 5 595 18 1 526 1 21 2 382 526 1211 222 18 595
1634 1838 1669 1832 1289 1835 1164 1806 1839 1811 1621 809 959 1628 1119
191 3 21 5 337 1 521 14 1 18 77 521 1246 330 337
1634 1868 809 1164 1806 1871 1872 1873 1874 1621 1289 959 1628 1119
351 1 740 740 11 1 5 2 2 22 325 1233 389 325
1634 1947 1289 1879 1164 1933 1872 809 1119 1628 959
446 5 189 30 899 33 20 899 189 453 1101
1953 1634 1955 1951 1289 1879 1164 1933 1872 1936 809 1956 1119 1628 1949 959
38 637 5 8 179 142 853 73 15 22 853 1 179 216 3 1147
1289 1164 1933 1955 1958 809 1963 1965 1973 1974 1975 1983 1987 1988 1993 1996 1997 1998 1879 1628 1119 1634 959
156 960 12 40 10 960 44 19 40 14 8 7 5 17 9 2 2 2 167 29 156 931 1040
1634 1963 1958 809 1879 1164 2028 1965 2033 2036 1289 2008 2010 959 2013 1119
893 36 38 893 153 893 23 4 19 14 62 3 26 1107 117 62
1289 2059 1164 2062 2064 2069 2079 2081 2082 2084 2085 809 1963 959 1879 2010 2013 1119 1634 2028 2039 2047
78 39 997 39 39 18 3 2 8 1 2 997 31 1003 100 18 100 78 997 331 104 10
1634 2082 2117 2086 809 2122 1879 1164 2028 2138 2069 2102 2039 2010 1119 1289 2013 2133 959
894 61 37 54 894 21 183 894 472 1 48 68 65 115 96 96 72 4 1106
2179 1289 2186 1164 2190 2193 2069 2082 2086 809 2102 2143 959 2188 2122 1879 2010 2013 1119 2144 1634 2028 2157 2159 2039 2168
4 256 2 643 2 4 189 249 15 643 101 158 1357 19 3 77 63 324 256 12 643 438 5 4 65 17
1289 1164 2189 2193 2069 2207 2082 2212 2217 2223 2227 2229 2234 2143 2238 959 2240 2241 2244 2249 2010 2013 1119 1634 2028 2157 809
110 914 76 21 84 14 264 6 16 6 17 47 8 264 16 1086 4 1 1 2 97 459 110 914 348 6 914
1289 1164 2189 2069 2082 809 2227 2229 2143 2238 959 2295 2010 2013 1119 1634 2278 2279 2282 2283 2028 2288 2293 2217 2297 2299 2300
275 875 369 275 172 875 23 41 172 6 1125 3 55 472 275 875 31 17 5 12 323 25 13 109 10 4 1
1289 1164 2189 2069 2332 2337 2082 2343 2217 2350 2351 2353 2354 2229 2143 959 2010 2013 1119 1634 2028 809 2297
172 1067 279 172 1 8 358 19 24 4 13 1 2 151 358 933 116 287 172 1067 358 1067 95
959 1289 1164 2189 2069 2337 2082 809 2229 2358 2143 2365 2357 2377 2378 2379 2380 2010 2013 1119 1634 2028 2297 2367
678 48 1322 126 48 36 399 1322 70 31 399 26 33 27 2 1 1 81 150 48 1322 399 135 4
1289 1164 2189 2069 2082 809 2143 959 2425 2010 2013 1119 1634 2028 2414 2418 2420 2423 2297 2426 2427 2428
53 1476 128 53 219 1476 219 524 2 124 128 53 1476 219 3 5 8 10 131 7 3 2
1634 2427 2471 809 1119 2028 2082 2450 2189 2449 1164 2467 2447 2069 1289 2297 2010 959 2013 2474 2143
1616 24 3 1616 66 68 68 13 154 80 1616 8 2 66 66 266 96 384 154 1 68
1634 2082 2501 809 1164 2189 2510 2028 2449 2467 2495 2527 2530 2297 2143 2013 959
1434 200 7 1434 1434 366 2 200 53 5 45 10 4 301 200 366 566
1634 2082 2565 2567 809 2501 2539 1164 2189 2028 2552 2297 2554 2143 2013 2558 959
1225 130 5 1 1225 16 61 1225 645 130 123 255 33 130 645 10 775
2082 2587 2591 809 2539 2028 1634 2189 1164 2581 2583 2552 2297 2586 2143 2589 2013 2558 959
248 9 7 1294 203 248 1294 458 1294 5 14 208 493 6 248 4 458 15 706
2640 1634 2082 2596 809 2539 1164 2189 2638 2639 2028 2641 2626 2615 2552 2297 2143 2013 2637 959
1 1526 227 39 1526 227 1526 247 2 1 227 1 28 8 287 187 227 247 12 474
2082 2683 2661 809 2539 2028 1634 2189 1164 2626 2637 2552 2297 2682 2143 2013 2685 959
423 5 78 1537 423 423 1537 40 1537 2 2 166 160 19 423 40 1 463
2721 1634 2028 2661 2728 809 2539 1164 2082 2704 2712 2722 2713 2552 2700 959 2719 2718 2143
2 1735 265 263 2 1735 265 1735 265 36 45 3 3 115 17 265 36 8 265
2786 1634 2788 2661 2790 2792 809 2539 2028 2082 2734 2733 1164 2789 2738 2552 2700 959 2719 2143
5 1920 2 406 1 1 1920 80 80 80 6 77 1920 1 44 62 36 80 22 80
2816 2821 2827 2700 2837 2842 2843 2719 2082 809 2733 2738 959 1164 1634 2143 2786 2661 2539 2028 2803 2804
2 2 10 191 4 2 9 116 36 1964 136 98 36 1964 1964 36 182 598 36 36 5 17
2879 1634 2851 2661 2881 809 2700 1164 2733 2877 2738 2803 2871 2786 2875 2882 2845 2719
5 2000 20 836 6 2000 57 2000 189 5 65 5 22 57 31 1 19 125
1634 2661 2919 2888 809 2700 1164 2733 2894 2925 2924 2926 2786 2845 2719
2000 1371 2 14 2000 4 2000 57 48 1 1 1 4 7 36
2977 1634 2979 2661 809 1164 2733 2969 2719
12 2000 1 1343 2000 2000 27 6 13
1634 3011 3012 2661 809 3018 3019 1164 3021 3022 2733 2996 3020 3007
2000 20 5 1459 2000 2 4 2000 2 1 126 10 3 13
1634 2661 809 3050 1164 2733 3055 2996 3070 3063 3071 3068 3069 3038 3007
2000 1812 2000 15 2000 53 15 10 7 9 1 2 2 11 25
1634 3107 3108 2661 809 3115 1164 2733 3119 3091 3103 3007
2000 26 3 1781 2000 4 2000 89 1 16 33 28
1634 2661 809 3167 1164 3138 3152 3091 3164 3157 3161 3160 3129 3163 3007 3165 3103
2000 1715 2000 2 2000 50 15 51 1 16 5 3 97 2 85 2 316
3231 3232 1634 2661 809 3210 1164 3138 3215 3192 3129 3007 3103
9 1 2000 1747 2000 2 2000 84 9 18 104 45 641
1634 2661 809 1164 3138 3247 3248 3281 3282 3283 3254 3129 3007 3103
2000 1661 2000 2000 3 1 4 17 1 3 5 3 97 871
3136 1634 3139 3140 2661 809 1164 3138 3118 3125 3128 3007 3134 3103
2 2000 1 1 1951 2000 2000 3 13 11 3 8 11 1536
3168 3169 1634 3171 2661 809 1164 3170 3118 3155 3158 3162 3163 3103
3 8 2000 2 2000 2000 2000 1 35 27 16 2 11 1662
1634 2661 3207 3208 809 3210 3211 1164 3183 3155 3191 3209 3103
2000 2000 12 2 2000 3 2 2000 53 144 31 4 1490
3241 1634 2661 809 1164 3183 3155 3221 3222 3209 3225 3229 3103
3 2000 2000 2000 2000 14 37 24 72 38 17 2 1174
1634 3300 2661 3302 3303 809 1164 3309 3311 3312 3313 3315 3252 3221 3222 3241 3225 3292 3316 3103
2000 8 2000 13 7 2000 2000 6 2 1 1 2 113 55 35 18 18 11 1 800
3329 1634 3332 2661 3302 3336 809 1164 3350 3345 3346 3252 3221 3356 3352 3354 3292 3357 3358 3103
24 2000 13 2000 116 18 2000 2000 4 19 6 199 52 1 1 1 27 1 2 666
3345 1634 2661 3302 3409 3336 809 3402 3397 1164 3406 3407 3408 3377 3252 3103
3 2000 2000 44 1 64 2000 11 4 2000 3 1 1 4 370 902
1634 2661 3302 3336 809 1164 3439 3440 3252 3449 3448 3444 3450 3451 3103
2000 2000 125 31 2000 2000 23 23 221 4 3 6 4 1 1072
3520 3521 1634 2661 3336 809 1164 3522 3487 3252 3509 3510 3481 3514 3515 3516 3486 3103
2 1 2000 2000 73 2000 2000 1 16 335 9 10 41 11 11 4 48 1029
1634 2661 3487 809 3563 1164 3572 3567 3539 3252 3509 3574 3575 3544 3481 3514 3515 3571 3486 3103
2000 2000 24 2000 7 2000 3 5 7 341 17 3 1 5 17 1 42 13 8 1311
1634 2661 3623 809 3627 1164 3630 3633 3634 3252 3515 3628 3103
2000 2000 3 2000 24 2000 5 23 1 417 1 8 1282
3680 1634 3683 2661 3623 3688 809 3690 3627 1164 3693 3664 3633 3666 3252 3665 3673 3679 3677 3103
4 2000 6 2000 141 4 2000 6 36 2000 2 9 5 2 294 1 8 13 7 1516
3712 3745 1634 3683 3724 2661 3718 3623 809 1164 3725 3740 3709 3252 3726 3673 3738 3739 3743 3741 3103
2 2 2000 11 4 2000 4 323 2000 2000 72 9 11 218 1 11 12 7 4 9 1191
3808 3809 1634 2661 3623 809 1164 3725 3252 3810 3740 3103
5 1 2000 2000 223 2000 2000 71 268 1 42 871
1634 2661 3623 809 1164 3857 3813 3252 3865 3866 3871 3868 3869 3870 3103
2000 2000 191 2000 2000 6 16 181 3 1 2 2 3 1 958
3936 1634 3940 2661 3942 3623 809 3946 1164 3917 3922 3252 3894 3927 3896 3924 3941 3903 3933 3103
19 2000 12 2000 2 242 2000 3 2000 9 7 24 25 9 16 10 6 22 3 1233
3936 3969 1634 4001 2661 4006 3623 3976 809 1164 3950 3977 3993 3999 3966 3103
3 4 2000 2 2000 9 116 45 2000 2000 27 30 4 3 85 1182
1634 4035 2661 4071 3976 809 1164 3950 4047 4073 4046 3977 4024 4058 3103
2000 17 2000 4 37 2000 2000 93 12 1 36 77 67 12 1366
1634 4067 2661 4081 3976 809 4075 1164 4077 4046 4080 4072 3977 4057 4076 4069 4061 3103
2000 1 2000 1 58 2000 6 2000 9 104 4 12 32 9 2 6 8 1401
1634 2661 809 1164 4046 4048 4049 4052 4053 3977 3103
2000 2000 2000 2000 109 3 2 1 2 72 1229
1634 2661 809 4106 4124 1164 4077 4046 4112 4116 4087 4092 4093 3103
2000 2000 2000 7 1 2000 5 50 19 17 6 66 24 1455
1634 2661 4134 809 1164 4046 4112 4147 4116 4150 4151 4152 4153 4154 4123 4092 3103
2000 2000 8 2000 2000 68 59 10 35 6 2 2 1 1 100 79 1294
1634 2661 4134 4167 809 4202 4199 1164 4046 4116 4201 4123 4158 3103
2000 2000 76 46 2000 1 1 2000 24 93 2 168 16 1542
4225 1634 2661 4134 809 4202 1164 4046 4116 4123 3103
4 2000 2000 152 2000 8 2000 23 57 204 1423
1634 2661 4134 4241 809 4266 4267 1164 4273 4274 4116 4276 4123 4252 4254 3103
2000 2000 315 32 2000 2 11 2000 8 1 157 2 163 137 35 1443
1634 2661 4134 809 1164 4304 4241 4306 4116 4123 4285 3103
2000 2000 151 2000 2000 23 64 3 310 166 27 1438
4320 4326 1634 2661 4134 809 1164 4322 4334 4335 4339 4116 4332 4343 4344 4345 4123 3103
40 23 2000 2000 25 2000 2000 9 19 21 2 171 8 2 2 1 2 1786
