24 25 27 23
2 1 4 1
7
1
5 14 15
3 1 1
5 6 7 9 10 11 12
1 2 2 1 1 2 1
0 2
3 3
0 1
1 1
0
1
0 1 2 3 5
1 1 1 1 1
1
1
0
1
1
1
1
3
7
2
0 1
1 1
3 4 5
3 2 1
9 10 13
2 6 1
0 1
1 3
13 14
3 2
10 11 12 14
1 2 1 1
2 4 7
1 1 1
0
3
0 3
1 1
2 3 4 5 6
1 2 2 1 1
1
3
0
1
1
2
8 9
2 2
3 4
1 1
8 9 0
1 1 1
6
3
0
1
1
3
0
5
9
1
0
4
0
2
1
1
8 11
5 1
0
1
1 2
1 2
1
2
8 9 7
2 1 3
0 9 10
1 3 2
1 2
1 1
1 2 3 4
2 1 4 1
3 5 7
4 1 2
0
1
0
1
21 22
1 1
4 6
2 1
3
1
17 19 20 22 15
1 1 1 1 1
4
2
9
4
1
2
0 1
1 2
9
1
0
1
3
1
0 1
1 2
0
3
0
1
0 1 2 3
2 2 2 1
12 13
2 1
8 10
4 1
3
2
11 20 21 22 23
1 1 1 2 2
22
1
9 10 11
2 2 2
13 14
3 4
0
5
8 6 7
3 3 2
0
2
14 15
1 2
