68 69 42 24 52 54 55 56
1 1 23 16 16 8 18 10
133 130 131 132 101 42 110 82 116 119 56 127
1 1 2 2 10 10 2 13 5 14 14 6
192 163 196 197 198 170 173 142 177 82 195 182 101
4 43 1 1 2 25 8 13 7 84 2 7 7
163 82 216 220 221 222 223
20 132 3 3 2 2 2
259 262 266 235 242 272 82 252 223
4 9 10 45 4 1 100 10 148
292 299 82 307 308 309 278 311 312 223
51 6 31 4 4 5 8 5 2 94
356 357 361 367 369 82 371 341 374 292 314 348
7 22 34 5 1 44 1 19 15 12 98 42
420 421 424 425 341 408 356 314
14 6 7 3 19 26 99 135
481 356 488 491 460 494 469 420 314 444 446
2 296 6 4 6 1 6 235 310 4 14
420 314 356 557 543
231 52 192 7 18
610 420 583 586 598 356 314 607 543
7 34 5 9 19 111 15 5 30
356 586 628 629 598 543 607
91 14 9 7 24 18 58
356 694 682 644 691 692 629 598 696 665 698 607 701 543
88 2 16 1 1 11 19 88 2 19 6 22 2 49
706 356 711 715 718 720 721 723 598 543 700 701 607
18 64 2 2 5 1 7 6 64 46 20 20 31
803 356 806 807 811 810 779 780 721 812 789 598 791 772 607 767 700 799
11 6 2 7 3 1 30 9 79 1 4 6 16 20 22 29 16 11
782 783 784 721 786 787 788 789 790 791 607
16 37 15 67 5 4 1 1 2 1 203
804 721 841 842 844 845 782 783 817 819 799 830 607
37 17 29 5 2 1 104 17 43 38 4 17 229
804 841 842 782 721 878 887 888 607
10 33 83 158 204 10 9 1 157
804 842 941 782 944 721 946 947 948 942 900 922 890 607
158 177 4 150 2 135 1 3 2 11 73 35 80 40
960 962 963 804 842 782 721 948 900 922 955 964 890
23 3 2 137 253 61 54 29 61 84 13 2 71
992 994 1002 1003 1005 1006 948 922 842
4 5 20 1 2 1 23 47 348
1017 842 1019 922 1014
1 676 1 59 16
1088 1089 1091 1092 1061 1033 1063 1065 842 1070 1072 1076 1077 1014 1079 922 1086
1 3 3 1 3 4 27 6 569 45 4 23 21 109 8 123 3
1088 1121 1123 1124 1125 1094 1033 842 1070 1014 1079 922 1084 1117 1118 1119
1 3 8 3 2 5 44 645 157 45 13 69 56 12 8 6
1125 1137 1162 1070 1135 1169 1172 1175 1177 922 842
38 2 21 85 5 4 7 7 2 100 875
1217 1218 1219 1220 1125 842 1195 1070 1202 1206 1210 1162 1215
2 1 1 2 5 1005 48 26 8 1 5 51 2
1257 842 1195 1262 1265 1270 1271 1162 1247
5 1102 32 1 6 2 1 54 3
1285 1287 842 1291 1292 1262 1295 1296 1298 1299 1162 1247
9 12 871 7 11 60 7 7 2 2 149 19
1345 1347 1318 1353 842 1324 1326 1262 1303 1162 1343
3 12 6 2 1078 11 32 155 7 304 4
1412 1413 1318 842 1390 1405 1262 1326 1401 1162
3 1 73 1274 47 9 258 72 1 419
1318 842 1463 1390 1262 1458 1459 1326 1431 1466 1162 1434 1471
73 1164 5 37 411 4 5 212 19 2 306 3 1
1504 1505 1482 1507 1509 1318 1510 842 1390 1326 1489 1262 1496 1162 1493
21 7 23 11 5 18 1 1404 25 207 3 172 2 398 1
1507 1489 842 1547 1390 1262 1554 1555 1326 1559 1560 1529 1562 1162
194 60 1501 16 55 65 7 22 273 1 3 7 2 686
1507 1608 842 1390 1326 1615 1489 1555 1262 1622 1591 1593 1162 1621
162 11 1347 15 298 11 41 54 72 1 36 15 722 5
1664 1635 1668 1669 1638 1642 1326 1615 1646 1390 1162 1591 1657 842 1631
3 123 4 1 29 26 308 69 18 81 747 31 9 1156 5
1730 1635 1736 1705 842 1739 1708 1390 1615 1731 1716 1326 1162 1642 1727
16 291 3 30 1411 1 21 142 45 23 12 342 724 72 28
1760 1761 1730 1635 1732 1642 1705 842 1762 1326 1747 1390 1753 1162 1759
3 3 70 180 54 121 116 1751 1 180 24 252 52 753 8
1823 1793 1730 1635 1814 1705 842 1390 1326 1821 1802 1813 1782 1753 1818 1642 1162 1822 1791
3 39 109 361 10 201 1639 97 361 6 8 11 65 44 7 201 728 1 60
1793 1730 1635 1642 1705 842 1390 1821 1840 1838 1326 1782 1753 1839 1162 1791
57 75 321 139 139 1679 134 57 2 33 321 78 29 2 540 44
1793 1730 1635 1642 1885 1857 1705 842 1838 1390 1821 1782 1876 1326 1162 1880 1753 1883 1866 1791
11 50 95 185 2 20 185 1905 5 308 11 114 6 95 393 12 62 9 37 27
1793 1162 1933 1939 1941 1946 1947 1821 1951 1705 1326 1949 1866 1730 842 1635 1642 1390 1904 1782 1791 1917 1919
30 247 46 17 8 4 1 30 6 165 216 1 52 82 1784 216 165 268 9 128 124 49 1
1793 1730 1635 1782 1999 1998 1705 1642 1390 1866 1326 1821 1994 1939 2004 1941 1162 1993 1919 842 1791
34 40 236 304 1 3 188 188 120 40 236 34 8 44 4 158 228 12 26 1764 61
1793 1635 2049 1782 2031 1705 842 1326 1821 1390 1162 1941 2041 2011 1642 1791
57 223 4 257 27 385 1777 223 57 190 385 316 8 97 385 21
1793 1162 1941 2073 2074 2075 2077 2078 2079 2081 2082 2083 1705 1326 1821 842 1635 1642 1390 2032 2036 1782 2046 2069
54 263 388 7 3 12 12 2 1 1 2 1 263 348 54 1652 348 263 170 34 9 316 17 4
1635 1782 2118 2120 1705 842 1390 1326 1941 1162 2103 1642 2110
495 46 1 1 160 1505 150 495 672 160 22 160 1
2176 2177 2181 1162 2190 2191 2196 1941 2198 2199 1390 1705 1326 2103 842 2137 1635 1642 2155 2157 2158 2165
1 68 4 447 3 2 2 792 5 1 27 447 512 1 1488 3 512 447 73 1 36 29
2177 2210 1635 2181 2246 1705 842 2155 2158 1390 2222 2257 1326 2260 1941 1162 2103 1642 2238 2165
17 23 374 88 3 439 1626 9 287 89 10 7 374 1 562 439 14 439 1 2
2210 1635 2181 2278 1705 842 2284 2158 1390 2285 2289 2290 1326 1941 1162 2103 2277 1642 2261
44 188 11 9 672 1812 6 366 313 3 3 1 188 344 672 229 5 672 4
2336 2305 2338 1635 2340 2323 1705 842 2327 2285 1390 2321 1326 2158 1162 2103 2332 1642 2302 1941
1 28 1 99 2 19 559 1901 2 47 336 16 99 470 559 310 10 559 36 179
1635 2340 2326 1705 842 1390 2348 2349 2158 2355 2353 2322 1326 2356 1941 1162 2103 2354 1642 2302
42 3 6 955 1958 213 5 6 334 1 1 114 42 1 34 955 213 4 955 65
1635 2390 2326 1705 842 1390 2158 2385 2322 2382 1326 1162 2103 1642 2302
45 4 59 1261 1955 10 316 3 15 9 45 1261 10 1261 90
2326 1635 2404 1642 1705 1162 2411 2414 2413 2158 2416 1326 2390 2409 2412 842
7 161 40 853 853 853 2 2 1 456 1 161 17 2 3 1839
2434 1635 1642 2440 1705 1162 2444 2445 2158 2416 1326 2446 842
10 211 929 5 929 929 2 1 525 1 211 5 1789
1635 2469 2486 2440 1705 842 2477 2158 2481 1326 1162 2487 2490 2492 1642 2494
92 13 4 21 621 1908 8 693 14 92 621 2 1 1 621 1
2538 2499 2536 1705 842 2539 2540 2477 2158 1162 2519 2523 1642
6 5 3 374 2000 2 3 39 924 374 65 7 374
2562 1642 1705 1162 2571 2540 2158 2519 842 2572 2559
30 388 388 388 3 132 897 44 2000 2 39
2624 2623 2597 1642 2599 1705 1162 2540 2605 2158 2621 2609 2610 2614 2519 2617 2619 2601 842 2620 2559
2 5 3 255 4 255 255 86 5 1397 1 5 2 6 37 14 3 15 2000 5 67
1642 1705 1162 2540 2158 2674 2676 2601 842 2654 2559
501 501 501 92 1227 26 15 3 2000 22 39
2720 2721 1642 1705 1162 2540 2158 2703 2674 2676 2712 2714 842 2719
1 2 792 792 792 191 671 10 4 6 4 3 2000 11
2755 2764 2726 2762 1705 842 2540 2765 2158 2735 2738 2676 2766 1162 2761 2756 2767 1642 2750
12 4 38 5 870 2000 122 5 675 49 30 71 1 870 4 2 11 870 34
1642 2726 1705 1162 2540 2158 2767 2738 2771 2676 2812 842 2814
1073 16 1073 1073 37 690 82 44 37 82 1 2000 2
2875 1705 842 2858 2158 2767 2738 2676 2830 1162 2863 1642
4 1086 2000 9 870 343 16 343 35 1086 18 1086
2913 2914 2916 1642 1705 1162 2830 2767 2738 2676 2158 2901 842 2910 2917
2 1 1 1215 1215 1215 234 436 32 436 785 2 2000 1 1
1705 842 2957 2830 2767 2928 2738 2676 2158 1162 1642
1375 2000 3 260 166 10 50 166 625 1375 1375
2928 2966 2983 1705 842 3015 2158 2767 3005 3018 2676 2830 1162 3001 2970 3003 1642
9 40 28 1752 2000 3 248 90 12 3 90 363 1752 8 18 16 1752
3042 2966 1705 842 3064 2830 3055 3056 3057 3058 2158 1162 3032 3065 1642 3061
54 41 1682 2000 3 404 6 16 14 3 318 1682 3 1 1682 2
3042 3107 3108 3109 1705 842 2830 3101 2158 1162 1642
73 15 3 1 1679 2000 585 5 321 1679 1679
3042 1705 842 3115 3117 2830 3121 2158 1162 1642
33 1383 2000 19 10 563 1 617 1383 1383
3168 3042 3172 1705 1642 2830 2158 3152 3125 1162 3163 842 3166
3 104 2 1462 1462 315 538 2 34 1462 11 2000 3
3042 3217 1705 842 3212 2158 3185 3188 2830 1162 3223 3224 3226 3163 1642
165 1 1407 2000 33 593 40 33 396 1407 1 3 1 89 1407
3296 3042 1705 842 2830 3293 3251 2158 1162 3163 3292 1642
2 255 1126 2000 371 2 35 874 1126 23 4 1126
3042 3271 3272 1705 1162 842 2830 3251 2158 3288 3289 3291 1642 3262 3285
533 26 2 875 875 2000 258 58 1125 19 9 3 875 28 13
3042 1642 3367 3336 1705 1162 3307 3362 2158 3251 2830 3352 842 3285
286 513 17 20 513 513 36 30 1487 7 182 29 2000 6
3392 3393 3042 3285 3368 1705 842 2830 3389 3336 2158 1162 3391 3388 1642 3390 3381
2 2 164 47 16 718 2000 434 1 3 1282 718 1 5 718 3 54
3042 3427 3428 3429 1705 842 3404 3426 2158 3409 2830 1162 1642 3381
188 14 1 1 781 2000 7 19 1219 48 396 781 781 7
3042 3441 1705 1642 3431 2158 3409 3442 3443 2830 1162 3447 3448 842 3445
272 1 662 662 4 1338 35 1 5 120 662 4 1 2000 2
3042 1642 1705 1162 2158 3485 3409 3476 2830 3479 3481 3482 3471 3484 842 3486 3487
744 941 941 941 1059 1 54 34 16 2 6 4 12 5 2000 2 1
3042 3537 1705 1642 3533 2158 3485 3536 3409 3476 1162 3512 3481 3515 3484 842
1211 2 1488 1488 4 512 45 1 24 16 1488 7 36 8 16 2000
3042 3557 1705 842 3574 3565 2158 3485 3554 3538 3573 1162 3481 3515 1642
1339 4 1680 2000 1 29 320 70 70 138 1 1680 282 88 1680
3554 3626 3624 1705 842 3627 3628 3042 2158 3485 3538 3629 3573 1162 3481 3610 3515 1642 3586
445 1 1 1165 2000 2 1 775 835 445 56 2 5 1165 111 31 123 1165 11
3586 1162 3481 3610 3485 1705 3628 3630 3632 3642 3643 3649 3654 3655 3656 842 3554 3538 3042 3515 1642 2158
98 1142 216 82 324 1142 25 60 35 30 28 4 2 3 2 2000 324 88 579 251 1142 858
3586 3717 3720 1162 3723 3714 3481 3610 3485 1705 3630 3643 3722 842 3554 3665 3538 3678 3042 3515 1642 2158 3695 3697 3698
44 5 7 1568 3 1 254 33 80 1568 75 38 7 2000 80 48 85 61 849 92 1568 432 15 85 25
3586 3720 3722 3481 3737 3610 3740 3741 3742 3743 3745 3746 3752 1705 3756 3630 3485 3515 1162 842 3554 3538 3678 3042 1642 2158 3697 3753
5 61 121 254 14 85 7 9 1 11 2 4 9 1640 1 189 90 39 1640 2000 90 86 169 983 1640 360 156 2
3720 1162 3481 3610 3485 3743 3746 1705 3630 3722 3781 3784 842 3554 3790 3793 3538 3795 3797 3798 3799 3801 3678 3042 1642 2158 3697
128 1333 399 159 159 75 59 1333 370 358 7 17 2000 159 34 6 168 17 5 4 3 1 167 892 1333 667 380
3840 3841 3842 3720 3722 3481 3610 3485 3743 3746 1705 3630 1162 3781 842 3554 3790 3793 3538 3678 3042 1642 2158 3697 3833 3836
1 3 4 169 202 173 187 187 132 209 1442 169 1442 111 2000 187 10 32 151 378 496 1442 558 202 7 7
3841 3720 3722 3852 3854 3862 3863 3481 3610 3485 3743 3746 1705 3630 1162 3781 842 3554 3538 3678 3042 1642 2158 3697
103 240 17 4 31 25 1 420 411 411 157 64 1332 420 1332 7 2000 411 157 294 658 1332 668 17
3841 3720 3722 3863 3481 3610 3485 3743 3746 1705 3630 3891 1162 3906 3909 3910 842 3554 3538 3678 3042 1642 2158 3697 3874
278 296 22 31 409 217 217 129 256 1465 409 2 1465 12 1 1 2000 217 129 298 560 1465 535 22 78
3841 3720 3722 3481 3610 3485 3743 3874 1705 3630 3554 1162 3913 842 3746 3538 3678 3042 1642 3947 3949 2158 3697 3938
170 437 152 425 130 130 160 198 1281 425 130 1281 73 2000 350 160 76 652 1281 5 1 719 152 20
3841 3720 3722 3993 3481 3610 3485 3743 3746 1705 3630 4015 3554 1162 3913 842 3938 3538 3042 1642 2158 3697 3962 3874
150 659 136 2 257 182 182 117 283 1023 257 6 182 1023 217 2000 18 117 468 1023 977 136 11 250
3841 3720 3722 3481 3610 3485 3743 3874 1705 3630 4024 3554 4027 1162 3913 842 3938 3538 4060 4061 4062 4064 4065 3042 1642 2158 3697 3746
50 456 65 202 162 162 332 221 1317 202 53 162 59 1317 221 2000 50 332 12 1 8 2 1 534 1317 683 65 247
3841 3720 1162 4119 4114 4117 4118 4121 3481 3610 3485 3743 3746 1705 3630 3913 842 3938 3538 3042 1642 4075 4076 2158 3554 4083 3874
73 420 1529 1 12 2 1 5 446 51 51 249 96 1529 446 96 2000 73 249 695 1529 18 20 471 51 19 96
3841 3720 1162 4114 3481 3610 3485 3743 3746 1705 3630 4154 4168 3913 842 4172 3938 3538 3042 4197 4198 4199 1642 4075 2158 3554 3874
158 514 1482 16 682 4 4 146 58 1482 682 11 20 58 2000 7 158 146 828 1 2 1 1482 124 518 4 58
3841 4203 3720 4233 1162 3481 4252 4253 4255 4257 4258 4259 1705 3630 3743 842 3938 3538 3042 1642 4075 2158
176 148 463 31 1537 863 19 10 7 3 2 2 1537 863 33 2000 176 33 896 1537 101 463
3841 4075 3720 4233 1162 3481 3743 1705 3630 4280 842 4293 4295 4298 4299 4300 3938 3538 3042 1642 4203 2158
55 201 752 31 1248 814 221 1248 814 45 2000 2 3 1 4 5 55 221 1035 1248 177 752
3042 4075 1642 4326 3720 1705 1162 4203 4333 2158 4336 3538 4339 3630 4233 4280 3481 4338 842 4330 3743
839 144 891 43 1109 891 891 363 5 1109 5 185 1 654 142 126 654 13 2000 47 185
4352 4075 4356 3720 4233 1162 4371 4372 3481 3743 1705 3630 4280 842 3538 3042 4326 1642 4203 2158 4338 4341 4346 4351
2 34 23 1135 133 865 9 2 590 275 865 590 232 2000 275 865 19 865 387 1135 19 48 17 37
3720 4233 1162 4371 3481 4377 3743 4392 1705 3630 4280 4414 4416 4418 4419 4420 4421 4422 4423 842 3538 3042 1642 4203 2158 4341 4346
1440 86 560 111 403 31 157 66 560 403 152 8 26 24 8 1 2 1 3 2000 157 560 560 226 1440 37 68
4481 4484 3720 4233 1162 3481 4377 1705 3630 4416 842 4430 4442 3042 1642 4203 2158 4341 4472 4473 4346 4476
7 2 1449 193 551 551 51 551 551 70 2000 152 59 551 551 297 1449 12 41 6 83 12
3720 4233 1162 4495 3481 4505 4513 1705 3630 4533 4538 4539 4416 842 4430 4442 3042 1642 4203 2158 4472 4346
1193 65 807 9 807 101 65 807 807 6 6 1 17 2000 57 161 807 807 302 1193 9 105
