0 1
1 1
19 20 21 14 13
2 1 1 1 1
12
4
9 10 4
3 2 3
26 27 28
1 2 1
9
1
9 11 13
1 1 1
0
1
10 11
8 3
1
1
25 26
1 2
1
1
10 12
3 1
14 15
1 1
1
1
0 1
5 1
4 5
1 3
1 3
2 1
0
2
0
1
0 9 10 6
1 1 1 2
17
2
34 36
5 1
9 10 6
2 2 2
8 13
1 1
9 7
2 2
25
3
9 11 12 13 15
4 2 2 1 2
2
1
1 3
1 1
4
4
1
1
5
3
0 2
2 1
0
1
0
1
0 3
1 2
42 44 45 38
9 1 1 9
4 5
4 1
1 2
2 3
0
1
2
2
8 12
4 1
20
3
10
2
9 10 12
4 2 1
17 21 15
1 1 3
18 21 22
1 2 4
11 20
1 1
0 1
1 2
3 4 5
1 1 1
3 5 6 7
2 1 1 1
19 12 21 15
1 7 1 7
1 5
3 1
17 14
2 1
1
1
4
7
0
2
0 1 2
2 1 1
0 1
1 1
16 12
2 1
8 3 4 5 6
3 3 2 4 2
1 2
4 1
0 1 2 4
1 1 3 2
38
1
8 5 7
1 2 1
17
5
17 14
4 2
27 28 15
2 2 1
13
1
11
2
0 1
1 2
3 4 5
1 2 1
2 3 5 6
1 1 1 2
0
2
8 9 10
2 1 1
8 7
1 2
9 10 11 12
3 1 2 2
4 7
1 3
0 1
1 1
10 11 7
3 1 3
1
2
1
3
8
1
2
3
2 5 6
2 1 2
8 6 7
1 2 2
1 5
3 1
