48 42 45 47
3 21 4 4
99 104 42 75 77 82 83 85 87 91 106 95
1 13 15 1 34 33 17 6 26 3 2 23
144 83 148 152 121 155 156 157
6 60 7 4 208 5 1 2
162 199 168 201 208 83 183 121
82 14 11 14 2 31 23 46
162 210 213 214 215 121
60 31 22 8 1 98
231 234 236 239 243 247 248 121 218 223
11 9 3 2 8 1 2 206 40 67
294 231 298 300 308 309 310 279 121
1 4 4 2 2 1 4 18 364
325 327 330 332 333 334 335 336 339 340 279 121
3 7 8 5 1 11 1 6 2 1 20 316
386 387 390 361 121 380
14 7 3 13 922 17
121 426 427 425 415
656 5 9 8 22
416 449 423 427 432 433 448 437 441 121 442 444 415
25 5 2 7 4 4 4 3 7 734 10 8 10
480 482 489 452 486 487 457 490 460 484 470 441 121 442 444 477
4 2 1 93 2 3 74 1 112 2 5 93 666 22 60 7
492 460 496 457 121 442
10 296 2 69 564 41
457 460 525 526 504 121
106 162 2 4 41 368
560 549 457 460 591 528 561 534 601 121 602
2 81 135 186 8 32 5 18 2 133 1
560 610 611 614 615 616 457 619 460 621 528 601 121 620
51 47 4 4 1 7 106 1 143 2 96 33 45 1
560 610 646 616 665 460 621 528 601 664 121 635
118 126 37 40 2 165 25 259 42 7 53 44
560 610 707 708 709 616 716 715 460 717 528 121 695 601 698 701
119 50 7 11 1 95 1 2 205 2 521 21 30 86 5 29
528 770 707 772 742 769 616 777 778 460 610 560 757 121 733
462 5 9 3 15 9 23 4 1 298 11 298 6 77 17
560 802 804 810 460 813 814 528 817 792 121
200 7 9 15 200 21 25 379 1 37 175
528 870 810 460 846 560 792 121 860
705 3 5 393 30 393 8 283 6
560 901 460 910 528 121
320 24 320 13 247 487
560 121 912 928 460
154 621 186 1 154
912 966 460 560 121 959
22 1 204 204 750 26
998 460 975 560 979 982 121 986 959
10 288 10 288 42 8 644 41 57
1040 1032 460 1037 1039 560 1041 1043 1044 121 986
13 8 171 4 10 171 4 3 1 602 5
1091 1063 460 1100 560 1107 1109 1111 121 1085
5 64 107 22 107 3 2 2 306 1
1121 1154 1091 1132 1163 460 1135 560 1170 1107 1172 1173 1142 1177 1112 121 1114
34 11 4 15 26 404 5 404 17 100 4 1 15 3 28 284 63
1232 1154 1235 1163 460 1234 1231 560 1170 1107 1239 1240 121 1114 1242
5 2 3 36 194 5 8 194 179 26 5 2 171 17 3
460 1231 560 1170 1270 1271 1272 121 1276
78 4 78 194 21 1 5 407 6
1315 1326 1170 1332 1337 121 1338 1339 1340 1278
1 7 102 6 6 381 4 2 1 33
1397 1399 1389 1391 1393 1394 1365 121 1400 1401 1402 1403 1405 1406 1375
13 6 8 38 9 11 46 210 7 4 1 3 1 1 22
1442 1443 1414 1415 1461 1453 1459 1460 1365 1463 121 1375
3 21 5 19 1 86 4 5 135 3 458 37
1504 1415 1453 1365 1464 121 1375
5 35 62 98 9 432 95
1538 1546 1557 1550 1554 1555 1365 1559 121 1566 1567
21 5 24 25 21 7 116 11 298 3 2
1559 1555 1365 1590 1591 121
83 26 42 4 1 169
1632 1635 1636 1637 1638 1555 1365 1559 121 1626 1629 1630 1631
7 2 1 1 1 1 7 33 140 19 53 7 6
1666 1670 1673 1674 1677 1678 1661 1559 121 1658 1629
33 41 1 6 1 3 25 34 209 17 44
1666 1734 1670 1707 1730 1742 1743 1745 1685 1718 121 1724 1661
157 13 100 110 5 5 2 1 24 13 490 5 30
1793 1666 1795 1797 1707 1794 1746 1718 1783 121 1661 1790
5 195 2 1 2 1 126 29 16 607 12 1
1666 1799 1804 1809 1746 1813 1718 121 1818 1819
284 145 15 27 2 12 25 965 4 5
1666 1799 1868 1866 1804 1869 1809 1813 121 1819
173 47 2 5 134 1 4 95 1448 91
1826 1799 1804 1666 1844 1813 1848 121 1850 1852 1853 1854
36 42 154 148 22 227 11 1418 4 3 1 1
1888 1666 1894 1896 1900 1804 1901 1902 1903 1813 1878 121 1882
34 61 2 3 3 417 3 1 3 331 5 1670 29
1953 1956 1957 1960 1804 1813 121 1916 1949 1951
5 3 1 3 352 345 1713 46 4 3
2017 2018 1990 1992 2026 2007 1804 2009 1999 1969 2002 1813 2006 1977 121 1916
6 20 74 18 5 13 78 1 4 6 41 566 1 18 1824 78
2022 2023 1804 1999 2002 1813 121 1916
111 2 47 11 47 270 1642 47
2022 1804 2027 2060 2029 2002 2057 1813 2041 121 1916 2045
42 9 58 22 29 9 3 272 19 1779 9 10
2084 2022 2092 2027 2060 2029 1813 121 2107 2109 2110 2111
16 157 41 17 165 207 201 1635 12 4 2 2
2176 2177 2115 2118 2022 2092 2123 2060 2029 1813 121 2174 2149
1 1 19 61 360 26 14 127 130 402 1358 56 37
2060 2192 1813 2202 2210 2211 2212 2230 2232 2233 2234 2236 2237 2238 2115 2118 2123 2149 2022 2029 121 2174
100 46 559 2 6 12 17 1 1 1 1 2 2 1 28 19 140 96 146 59 1616 29
2274 2211 2276 2149 2279 2282 2123 2060 2029 2192 2259 1813 2262 2232 121 2270 2277
10 53 5 144 3 1 92 70 107 63 9 837 5 9 1767 73 5
2305 2211 2149 2313 2123 2060 2029 2317 2192 2290 1813 2232 121 2298 2325
39 33 22 9 250 39 303 35 143 25 803 115 1691 20 16
2305 2338 2352 2344 2313 2123 2060 2029 2359 2349 2192 2328 2355 2356 1813 2358 2327 2232 121
86 1 5 15 134 368 73 347 1 9 54 43 8 5 739 3 37 148 1790
2305 2401 2344 2313 2192 2123 2060 2029 2382 2384 2328 1813 2358 2393 2232 121 2399
148 1 104 23 45 346 99 221 10 104 3 609 3 5 34 1492 5
2384 2305 2344 2313 2123 2029 2192 2450 2452 1813 2393 2232 121 2453 2399
31 5 31 9 467 99 174 47 21 556 62 157 1378 3 23
2512 2501 2123 2029 2478 2192 2513 2514 2515 1813 2232 121 2510 2399
5 1 607 187 34 146 2 4 5 625 295 1564 6 39
2528 2530 2539 2532 2535 2537 2123 2029 2542 2543 2192 2546 2547 1813 2232 121 2523
1 9 2 5 5 4 617 216 2 2 93 3 4 570 317 1476 14
2593 2595 2596 2123 2029 2192 2547 1813 2232 121 2523 2589
7 1 1 811 335 158 23 436 203 1592 16 11
2635 2628 2597 2633 2123 2029 2637 2192 2641 2547 1813 2614 2232 121 2645
7 6 19 3 916 607 5 90 3 6 360 1 270 1883 3
2704 2699 2663 2696 2697 2666 2123 2668 2029 2703 2192 2705 1813 2232 121 2687
1 5 22 41 1 51 825 42 671 8 15 9 469 454 1965 1
2666 2757 2663 2696 2759 2762 2123 2668 2029 2766 2765 1813 2232 121 2747 2748 2717 2767
47 15 4 113 3 26 744 17 862 3 2 303 303 1909 4 11 33 1
2663 2696 2666 2123 2029 2798 2799 1813 2232 121
81 179 15 1166 463 12 4 317 317 1946
2850 2851 2852 2853 2663 2696 2123 2029 2830 2823 2833 2835 1813 2838 2232 121 2845
1 1 2 1 206 194 1299 346 45 16 5 9 250 6 250 1895 11
2885 2823 2696 2123 2853 2029 2861 2900 1813 2902 2232 121 2663 2879
4 52 269 1190 63 302 31 3 508 2 508 2000 508 7
2915 2663 2696 2921 2123 2029 2823 2904 2932 1813 2935 2232 121 2941 2943
21 496 231 13 1405 99 96 11 12 496 26 496 2000 6 1
2945 2977 2978 2976 2980 2982 2663 2696 2123 2957 2952 2979 2932 1813 2232 121 2972
22 3 4 9 4 3 355 109 1645 12 7 9 28 355 355 2000 32
2987 2980 2663 2696 2123 1813 2998 2232 121 3003 3005 3006 3007
6 83 308 262 1692 308 4 308 2000 2 2 5 1
3075 3077 2663 2696 2123 1813 3033 2232 121 3069
2 1 181 253 1819 181 6 181 2000 6
3104 3107 2663 2696 2123 3119 3122 3123 1813 3127 2232 121 3130 3132
3 45 239 14 1761 11 1 4 239 4 239 2000 2 6
3138 3187 3173 3142 2663 2696 2123 3119 3186 3155 3188 1813 3190 3161 2232 121 3162 3133 3189
15 1 35 12 489 9 1511 79 6 3 2 489 1 15 489 2000 27 44 2
3138 3173 2663 3240 3119 2123 3247 3207 3249 3250 3251 1813 3254 3257 2232 121 3258 3259 3260 3261 3198
13 82 302 17 35 1698 7 3 4 27 1 302 6 2 302 2000 2 7 4 1 52
3138 3173 2663 2123 3276 3277 3247 3288 1813 3286 3289 2232 121 3198
43 184 429 1571 10 20 56 3 429 2 1 429 2000 23
3138 3173 2663 3305 2123 3247 3294 3313 3314 1813 3287 2232 121 3311 3198
49 291 441 3 1559 75 25 1 2 441 5 441 2000 4 172
3335 3330 3339 3300 3173 2663 3337 2123 3341 3342 3312 3326 1813 3298 3287 2232 121 3198 3333
10 2 2 48 332 733 5 1267 3 2 25 16 733 6 13 733 2000 172 2
3361 3362 3363 3300 3173 2663 3364 2123 3358 3347 1813 3351 2232 121 3198 3365
2 1 1 232 14 1018 2 982 1 3 1018 22 1018 2000 273 2
3300 2663 3400 2123 3404 3406 1813 3417 2232 121 3418 3419 3198
226 950 43 1050 1 10 950 1 950 2000 6 1 230
3456 3454 3300 2663 2123 3437 3406 3453 3440 3444 1813 3446 2232 121 3450 3451 3418 3198 3455
5 4 386 1008 992 57 5 2 9 9 1008 24 1008 2000 4 1 5 386 2
3491 3300 3461 3494 2663 3465 2123 3444 1813 3481 2232 121 3482 3484 3198
2 247 14 1 919 135 1081 1 919 4 919 2000 43 8 247
3522 3523 3300 3526 2663 3465 2123 3533 3534 1813 3511 2232 121 3482 3198
35 16 148 3 1092 24 908 6 1 1092 83 1092 2000 83 148
3588 3593 3596 3597 3600 3601 3603 3604 1813 3482 3511 2232 3523 2123 3550 3300 2663 3560 3566 3567 121 3198
5 18 14 2 4 4 3 2 1093 145 125 1093 68 907 76 53 1093 4 9 17 2000 53
3649 3650 3523 3300 3654 2663 3624 3657 3658 2123 3567 3652 3656 1813 3511 2232 121 3482 3550 3198
18 5 41 73 2 1244 47 2 1 756 17 7 13 1244 473 1244 2000 108 9 73
3681 3682 3523 3684 3686 2663 3656 2123 3661 3567 3688 1813 3511 2232 121 3482
57 13 15 18 5 1216 27 784 13 9 16 1216 249 1216 2000 4
3681 3523 3684 2663 3656 2123 3693 3730 3732 1813 3511 2232 121
33 2 56 1412 52 588 143 4 1 1412 442 1412 2000
3684 3767 2663 3656 3769 2123 3693 3768 3730 3762 1813 3511 2232 121 3765 3752 3742 3733
168 4 1339 28 1 661 90 2 168 3 1339 496 1339 2000 1 28 188 77
3841 3845 3847 3855 3856 3857 3730 3860 1813 3862 3742 3752 3511 2232 3780 2123 3792 3684 2663 3825 121 3837
9 14 4 19 4 5 98 8 917 1 265 178 162 917 15 1083 60 98 917 19 2000 1
3906 3780 2663 3752 2123 3916 3922 3918 3919 3920 3684 3730 3923 3860 1813 3511 2232 121 3742 3925
19 123 1004 131 996 5 2 3 3 3 50 50 1 29 1004 149 1004 2000 185 1
3937 3934 3966 2663 3976 3977 2123 3980 3981 3959 3860 1813 3511 2232 121 3963 3742
90 37 10 1393 3 2 607 3 2 6 57 1393 340 1393 2000 6 157
3937 4030 2663 4029 2123 4015 1813 3990 3511 2232 121 4027 4028 3997 3742
4 2 995 3 1005 6 995 99 320 995 2000 5 20 56 149
4064 2663 4040 4073 2123 4076 4089 4087 1813 3990 3511 2232 121 4091 4092 3997 3742
7 858 61 12 1142 12 1 10 858 25 164 858 2000 1 1 78 166
4128 4129 4132 2663 4040 4126 2123 4108 1813 3511 2232 121 4123 3997 3742
1 7 7 799 50 5 1201 6 799 251 799 2000 7 31 277
4163 2663 4040 2123 4142 4176 4168 4146 1813 3511 2232 121 4167 4156 3742
48 941 56 1059 6 2 2 72 941 248 941 2000 5 14 503
4219 4165 2663 4040 2123 4204 4178 4175 4146 4217 1813 4214 3511 2232 121 4218 4207 3742 4213
2 15 712 67 1288 43 7 19 192 1 712 1 97 712 2000 2 4 458 4
4228 2663 4040 2123 4175 4232 4146 1813 3511 2232 121 4231 3742
7 605 68 1395 53 1 163 605 24 605 2000 5 407
4257 4293 4294 2663 4040 2123 4242 4270 4175 4146 1813 2232 121 3742
8 3 2 701 2 1299 2 34 87 291 701 701 2000 478
4321 4331 4324 2663 4329 2123 4332 4175 4146 1813 2232 121 3742 4309
7 3 10 1093 14 907 1 60 168 1093 1093 2000 366 8
2663 4329 2123 4365 4368 4369 4146 1813 2232 121 3742 4351
1171 124 829 2 2 1 46 1171 1171 2000 46 18
4416 4417 4421 4422 2663 4329 4426 2123 4376 4146 1813 4425 2232 121 4410 4415 3742 4351
1 9 4 6 1503 5 1 497 3 19 1503 2 1503 2000 12 23 19 50
4449 4451 4452 4453 4454 2663 2123 1813 2232 121 4410 4447
2 1 1 2 1 1835 165 1835 1835 2000 110 3
