17 11
6 11
68 69 70 71 40 50
25 1 1 2 56 36
68 40 106 112 50 116 118 119 120
102 234 2 18 73 1 2 3 2
161 162 163 164 165 40 50 151 155 159
3 1 9 2 1 341 97 14 2 2
193 194 195 166 198 40 173 168 50 182 183 197
1 1 1 18 3 437 15 32 211 14 1 2
256 257 166 40 173 205 50 249 254 255
1 4 10 556 160 10 401 10 1 2
263 40 297 298 173 301 296 50 277 282
71 726 11 1 311 2 7 495 20 44
323 325 326 263 40 329 331 50 334 301 336 173 306 282 335
6 7 12 168 440 1 3 318 2 59 2 168 18 5 3
385 387 326 263 40 391 173 50 379 383
1 2 8 59 290 1 59 490 8 11
416 418 419 438 263 40 427 173 401 50 405 433 410 444 445 437
101 17 8 1 138 483 9 138 15 569 8 1 17 2 5 6
416 485 486 263 40 173 463 497 50 499 500 469 498 474
38 12 7 354 754 354 1 13 529 2 2 12 5 20
416 547 263 40 553 555 173 559 560 552 50 503
87 1 418 625 2 3 418 2 2 4 639 79
416 263 40 173 50 595 503 600
114 410 636 410 618 15 5 4
416 653 667 644 646 263 40 173 621 648 50 595 659 658 666 655
236 16 5 4 35 322 374 322 53 10 928 35 4 27 3 18
416 739 740 742 263 40 714 743 173 711 621 50 659 725 723 728 682
273 9 4 6 314 466 42 1 314 15 78 821 12 2 25 2 50
416 811 804 805 263 40 714 807 173 785 50 787 682 799
397 1 6 16 523 681 84 3 523 6 1000 45 97 5
416 864 867 868 805 870 263 40 682 843 812 173 872 50 851 869 863 871 714 799
317 3 8 1 22 1 986 986 267 16 113 986 1 570 6 2 8 1 60 11
416 896 867 805 902 263 40 714 682 812 173 879 50 892 893 894
407 20 4 310 2 1101 1101 76 162 184 1101 20 674 2 17 36
416 928 930 805 263 40 714 812 173 50 921 682
548 7 2 548 1026 1026 193 120 1026 758 5 34
416 960 971 805 978 263 40 682 935 812 173 936 50 979 968 949 714 981
911 7 2 911 2 748 748 77 50 108 748 42 976 3 9 54 63 1
416 960 805 263 40 682 935 812 173 50 1013 1056 1057 714 1055
1075 24 1075 445 445 152 54 75 445 1075 14 2 3 39 14
416 960 805 935 40 1097 682 263 812 173 1070 1103 1096 50 1013 1102 1055
1352 300 1352 105 370 9 82 370 5 370 21 1 3 1352 79 2 11
416 960 805 263 40 682 935 173 50 1107 1013 1146 1147 1149 1150 1151
1185 517 1185 289 289 287 60 289 1185 14 119 1 2 3 1 1
416 960 805 1170 263 40 682 173 1167 1168 50 1171 1013 1176 1179 1180 1150
966 549 966 6 283 283 366 283 16 11 966 11 165 6 6 7 44
416 960 805 263 40 682 173 50 1013 1207 1208 1215 1213 1189
1171 589 1171 70 70 275 70 1171 19 2 3 1 3 19
416 960 1251 805 1254 1249 1224 682 1255 1233 50
1311 410 1 1311 8 29 61 203 1 4 1311
416 960 1282 805 1318 1313 1224 682 1319 1312 50 1307 1309 1311
1477 431 13 1477 4 8 24 217 4 5 1477 4 9 6
416 960 1352 1378 805 1350 1383 1224 1353 682 1388 1389 1392 1393 50 1382 1349 1386 1343
1648 432 4 2 1648 11 1 93 18 58 1 2 2 3 1648 20 9 3 127
416 960 805 1382 1224 1353 682 1423 1352 50 1429 1432 1433 1402 1435 1343
1503 279 1503 5 113 101 96 97 17 1503 29 18 11 22 1 112
416 960 805 1505 1224 682 1515 1512 50 1491 1460 1429 1433 1343
1392 251 1392 11 114 283 5 8 1392 6 56 20 76 133
416 960 1570 1579 805 1542 1224 1577 682 1574 1554 1582 1544 50 1533 1343
1323 62 1 2 1323 38 154 8 259 15 6 5 1 1323 27 62
416 960 805 1574 1224 682 50 1588 1589 1600 1599 1598 1343
1089 173 1089 76 10 317 1089 15 56 2 3 7 173
416 960 805 682 50 1589 1590 1343
834 265 834 387 834 32 1 265
416 960 805 1633 1609 682 1615 50 1589 1632 1631 1343
480 184 480 1 20 592 6 480 12 2 8 184
416 960 1699 1700 805 1704 1609 682 1714 1709 1680 1717 50 1653 1660 1343
579 255 22 1 579 3 194 328 3 4 1 3 579 49 27 255
416 960 1764 805 1761 1609 682 1742 50 1769 1760 1343
680 211 21 680 9 326 91 79 680 3 13 211
416 960 805 1609 682 1804 1805 1806 1775 1809 50 1813 1814 1801 1789 1343
904 138 904 575 7 7 40 1 1 10 904 6 8 9 11 138
416 960 805 1609 1853 1840 50 1829 1789 1854 1343
1122 120 1122 932 20 30 1122 74 26 4 120
416 960 805 1894 1895 1864 1609 1898 1899 1901 1897 1896 50 1875 1829 1879 1883 1343
948 26 948 6 1 101 868 2 12 1 2 1 948 19 27 3 24 26
416 1953 1924 805 1864 1609 1930 1899 1932 1935 1896 50 1942 1948 1925
1332 2 28 1332 86 1306 9 78 12 33 32 1332 9 1 1
1935 416 1955 805 50 1991 1864 1609 1996 1998 1999 2004 2006 2007 2010 2012 2016 2018 2019 2020 1896 1899
34 1383 83 1383 1383 10 197 1360 19 55 2 3 33 8 15 10 5 6 5 2 14 233
416 2048 1955 805 2022 1864 1609 1899 2066 1998 1935 2065 50 2067 2038 2007 2053
1518 59 38 1518 50 211 1478 204 2 104 111 19 1518 2 55 40 29
2048 2053 1935 2068 2076 416 1955 805 2087 2120 50 2121 2105 2110 2113 1864 1609 2122 1998 2127 2126 2007 2022 1899 2038
74 49 51 66 43 1446 80 1446 32 11 1446 4 4 30 28 162 1379 6 283 3 1 67 60 332 10
2048 2176 2178 2179 1935 2068 2076 416 1955 805 2087 1864 50 2110 2120 1609 1998 2127 2007 2022 1899 2171 2172 2174
4 2 1 2 10 2 86 1483 122 1483 3 124 1483 36 114 1480 231 10 3 91 388 2 8 5
416 2242 1955 805 2022 1864 1609 2250 1899 1998 2127 2248 50 2243 2174 2251 2199 2110 1935 2076 2206
1680 8 36 1680 77 36 1680 5 353 341 14 9 1680 14 76 5 16 16 14 267 15
416 1955 805 1864 1609 1899 2290 1998 50 2313 2076 2174
1780 14 1780 14 1780 625 19 625 1780 3 128 37
416 1899 2372 805 1864 1609 2315 2348 1998 50 1955 2076 2366 2373
1840 281 1 1840 21 1840 91 33 281 1840 21 60 9 1
416 2400 1955 805 2406 1864 1609 2315 1998 50 2403 2409 1899 2076
1867 20 25 1867 2 25 1867 99 332 1867 2 1 332 161
416 2466 1955 2468 805 2471 1864 1609 2442 2315 1998 2447 50 2467 2409 1899 2460 2459 2076 2462
1855 2 58 1 1855 1 58 1855 30 87 167 14 1855 1 4 167 2 4 137 2
416 1955 805 1864 1609 1899 2514 1998 50 2515 2484 2518 2315 2076 2501
1623 222 1623 222 1623 63 7 63 1623 1 11 2 59 7 63
416 1955 805 2535 2567 1864 1609 1899 1998 2568 50 2563 2484 2569 2076
1521 381 1521 1 14 381 1521 199 199 1 1521 1 24 1 2
416 1955 805 1864 1609 1899 1998 2609 50 2611 2612 2619 2620 2621 2623
1626 318 1626 318 1626 230 230 36 1626 10 8 2 1 1 1
416 2659 1955 2660 805 1864 1609 1899 2636 1998 2639 50 2643 2647 2655
1420 2 548 2 1420 548 1420 159 31 159 31 1420 59 25 1
416 2688 2659 1899 805 1864 1609 2698 2699 2636 1998 2639 50 1955 2677 2678 2647 2643 2685
1426 5 15 386 1426 564 1426 1 1 44 386 103 1426 564 109 1 40 71 13
416 1955 805 1864 1609 2730 1899 2636 2733 1998 2639 50 2643 2677 2714
1416 584 1416 584 1416 4 345 24 4 345 130 1416 50 163 92
416 2785 2786 2787 2788 805 2758 1864 1609 2730 1899 1998 2735 50 2643 2784 2677 2714 2639 1955 2773
1553 3 3 3 1 1553 23 447 1553 345 404 404 105 1553 79 8 140 39 23 447 11
416 2816 2786 1955 805 1864 1609 2730 1899 1998 2639 50 2677 2809 2735 2815 2799
847 3 13 1153 847 1153 847 114 375 375 223 847 171 42 104 5 21
2824 2846 416 1955 805 2730 2865 50 2867 2871 2872 2876 2877 2878 2879 2880 1864 1609 1998 2639 1899 2677
97 13 807 1193 807 115 5 807 6 3 3 1 1 1 1 1 1193 807 180 333 180 96
416 1955 805 1864 1609 2730 2930 2927 2639 2824 50 2931 2937 2939
553 1447 553 1447 553 7 11 2 209 22 553 40 6 9
416 2976 2946 1955 805 2977 1864 1609 2955 2639 50 2931 2963 2979
951 10 25 1049 951 11 1049 951 34 193 951 53 14 4
416 2976 1955 805 2982 3015 1864 1609 2993 2639 3024 3025 50 2979 3029 3017 3027 2981 3005 3006 3007
1164 34 836 1164 21 36 836 1164 30 123 17 5 1164 35 1 19 1 12 19 60 35
416 2976 1955 805 2982 3015 1864 1609 3047 3058 2639 3056 2993 50 3049 3060 3061 3062 3017 3055 3006
1515 15 485 1515 78 72 485 1515 5 2 158 1 31 1515 3 4 6 1 12 10 131
416 2993 1955 805 2982 3015 1864 1609 3118 2639 3112 50 3121 3006
1525 22 475 1525 104 125 475 1525 3 269 6 1525 10 145
416 3168 1955 805 2982 3015 1864 1609 2639 2993 50 3177 3161 3167 3176 3006 3141
1215 21 785 1215 74 137 785 1215 640 251 1215 6 6 42 2 35 30
3213 3219 3230 416 1955 3236 805 2982 3239 2993 50 3006 3015 1864 1609 2639 3235 3167 3238 3186 3190 3195
31 53 1 1364 636 2 1364 101 2 96 1364 44 310 636 1364 326 20 17 1 15 33 32
416 1955 3236 805 2982 3015 1864 1609 3274 3276 3282 2639 3280 2993 50 3219 3287 3195 3235 3006 3167
1415 585 7 1415 13 145 585 1415 69 12 2 440 3 45 1415 74 2 32 42 109 45
416 1955 805 3302 3015 1864 1609 3274 2639 2993 50 3219 3320 3321 3322 3006 3167
1366 634 1366 44 167 634 1366 52 467 85 1366 224 3 1 1 69 85
416 3361 1955 805 3302 3015 1864 1609 2639 2993 50 3219 3349 3383 3320 3375 3384 3325 3358 3167
1550 48 450 1550 41 145 450 1550 305 153 1550 35 19 6 19 1 1 22 10 153
416 3426 1955 805 3302 1864 1609 3443 2639 3440 2993 50 3219 3320 3439 3167
1701 33 299 1701 21 299 1701 1 299 14 19 1701 230 3 2 19
416 3426 1955 805 1864 1609 3491 2639 3505 50 3219 3507 3484
1375 8 625 1375 625 1375 25 625 2 1375 244 4 24
416 1955 805 3526 3559 1864 1609 3563 3570 2639 3568 3528 50 3219 3567
1516 484 1516 7 12 484 1516 22 3 484 1 215 1516 116 2
416 1955 805 3526 1864 1609 3597 2639 3600 3528 50 3219 3599 3589
1353 647 1353 33 647 1353 59 647 1 177 1353 110 3 77
416 3618 1955 3620 805 3526 3624 1864 1609 3627 3597 2639 3528 50 3219 3625 3589
1226 21 774 3 1226 65 3 774 1226 1 1 774 196 1226 108 3 63
416 3681 3682 1955 3684 805 3687 1864 1609 3627 3618 2639 3683 3528 50 3219 3688 3689 3680
1366 4 3 634 2 1366 1 634 1366 141 14 634 4 216 1366 103 1 1 6
416 3744 3618 1955 805 3729 1864 1609 3627 2639 3528 50 3219 3735 3737 3738 3727 3740 3717
1461 2 23 539 1461 9 539 1461 115 539 237 1461 43 3 4 2 32 4 9
416 3618 1955 805 1864 1609 3754 3627 3789 2639 3528 50 3795 3794 3791
1589 60 411 1589 411 1589 73 86 7 411 19 1589 1 1 7
416 3618 1955 805 1864 1609 3627 2639 50 3829 3833 3801
1534 154 466 1534 466 1534 36 466 1534 25 2 10
416 3618 1955 805 3878 1864 1609 3627 3884 3890 2639 50 3891 3881 3864
1473 16 527 1473 15 527 1473 68 6 7 527 1473 2 32 16
416 3904 1955 3940 805 1864 1609 3627 3884 3918 2639 3921 50 3891 3941 3913 3935
1602 2 398 11 1602 398 1602 2 109 21 398 32 1602 34 1 48 12
416 1955 805 3982 3943 1864 1609 4012 3884 3918 2639 3984 3985 50 4006 3989 3913
1875 125 1875 9 7 125 1875 1 161 3 125 27 10 1875 1 3 35
3982 3984 4041 416 1955 805 3884 4013 50 4022 3913 1864 1609 2639 4057 4063 4065 4075 4078 4080 4081 4082
53 45 21 1892 108 1892 107 45 1892 217 217 108 1892 108 13 16 70 1 4 2 8 2
416 4065 4130 1955 805 1864 1609 3884 4141 3982 2639 50 4099 4142 4022 3913 4121 4126 4133
1824 34 18 176 1824 176 1824 80 1 32 176 1824 9 2 427 427 23 7 7
416 1955 805 1864 1609 4202 4203 2639 50 4180 4022 3913 4121 4190 4197
1967 33 1967 33 1967 1 3 33 1967 10 325 325 35 2 4
416 4261 4259 805 4230 4263 4264 1609 4234 4241 50 4245 4022 3913 4249 4121 4252 4255
2000 9 6 2000 3 1 1 2000 6 12 2000 5 146 146 4 40 10 25
416 805 4296 1609 4311 4306 50 4308 4022 3913 4249 4319 4316 4317 4318 4255
2000 2000 43 2000 6 9 2000 7 68 68 89 2 4 11 1 10
416 4353 805 4372 4296 1609 4364 50 4371 4308 4374 4345 4317
2000 5 2000 1 80 2000 11 2000 11 8 1 8 57
416 4416 805 4423 4296 1609 4395 4384 4424 50 4409 4345 4412
2000 25 2000 2 189 2000 42 7 2 2000 10 37 4
416 4416 805 4296 1609 4460 4462 4464 50 4345 4443
2000 33 2000 282 2000 18 3 2 2000 78 3
416 4416 805 4296 1609 4498 4494 4495 4496 50 4500 4472 4345
2000 21 2000 435 2000 3 2 5 7 2000 2 21 74
416 4545 805 4577 4296 1609 50 4564 4345 4538 4575
2000 10 2000 3 157 2000 2000 19 27 1 7
416 805 4296 1609 4626 4590 4623 4624 50 4564 4345
2000 2000 37 2000 2 48 1 3 2000 58 47
416 4676 805 4646 4296 1609 4683 4685 4590 4687 4680 50 4654 4662 4345 4667 4686
2000 1 2000 139 207 2000 3 1 256 1 4 2000 1 9 67 15 1
416 4706 4676 805 4646 4713 4296 1609 4754 4590 4744 50 4724 4757 4759 4760 4345 4730 4762 4750
2000 22 32 2000 293 22 308 2000 21 22 2 2000 85 33 4 3 19 53 5 22
416 4706 4803 805 4646 4296 1609 4811 4812 4813 4814 50 4724 4786 4792 4793 4730 4773
2000 198 1 2000 102 295 2000 5 4 9 1 2000 47 11 4 1 27 27
416 4706 805 4646 4296 1609 4834 4872 4877 4816 4881 50 4852 4824 4858 4863
2000 158 2000 12 223 2000 59 13 8 6 4 2000 63 46 11 5
416 4897 4706 4900 805 4296 1609 4834 4913 50 4852 4858 4923 4924
2000 19 207 1 2000 207 2000 83 14 2000 13 3 3 1
416 4706 805 4296 1609 4834 50 4852 4950 4951 4953 4955 4956
2000 1 2000 1 2000 1 2000 330 2 3 2 1 2
416 805 1609 5002 5003 5005 5007 50 4852 4951 4987 4988
2000 2000 2000 7 5 3 2 2000 174 21 49 14
416 5024 805 5025 1609 5020 5041 50 4852 5016 4988
2000 25 2000 56 2000 6 3 2000 101 61 25
