68 71 40 73 74 49 18 51 52 53 55
2 9 6 2 1 91 18 39 13 39 7
108 49 115 116 117 86 121 123 124
10 71 3 1 7 11 13 4 3
169 49 178 180 181 182 159
28 174 1 8 2 2 36
195 230 231 169 241 236 239 240 49 242
4 7 37 42 2 10 1 1 238 3
280 49 267 281
3 267 60 1
337 327 330 267 334 303 49 306 339
5 36 7 1 20 18 50 22 2
358 337 327 366 49 374 376 377 378 350
79 31 19 10 268 43 60 3 1 19
450 451 422 358 337 421 413 440 49 405 374 439 376 441 378 412 445 447
1 2 8 41 40 2 3 1 264 5 96 2 5 4 96 15 2 2
448 491 485 486 49 488 458 487 492 493 495 337 374 473 378 444
14 3 2 1 268 5 106 1 2 1 3 192 85 15 85 43
544 49 458 523 337 374 378 444
1 45 39 37 415 79 79 36
578 579 580 581 49 528 337 568 570 571 572 574 543
1 3 5 3 2 64 465 12 13 15 15 7 9
579 612 614 586 622 528 337 626 627 598 568 603
20 26 8 2 29 74 468 9 7 41 19 13
674 643 676 598 614 649 622 337 675 662 663 668
5 6 4 224 76 1 35 341 3 5 11 8
674 643 741 614 743 337 723 692 598 721 668
14 16 3 241 9 67 5 93 51 12 47
643 772 614 785 778 780 781 783 784 337 787 692 766
8 14 235 1 3 1 8 2 1 8 4 109 43
802 772 837 614 840 778 849 850 851 692 821 854 852 826
12 80 27 195 4 27 3 9 3 45 5 3 4 12
896 802 614 883 692 885 887 826 894 895
3 14 145 4 7 8 28 14 10 4
944 914 923 614 887
11 6 5 207 17
614 969 970 973 944 914 983 986 958
75 3 5 12 162 67 8 2 7
1025 614 1031 970 999 1038 944 1048 914 1045 1015 1047 1049
46 21 19 1 24 19 102 2 21 7 6 2 1
1025 1092 1031 1066 999 914 1070 944 1074 1076 1015 1087
230 1 157 69 44 41 14 42 14 16 14 12
1120 1025 1031 1066 999 1134 1106 1139
24 258 196 62 47 7 48 9
1120 1025 1031 1066 1195 1197 1198 1142 999 1179 1191 1183
139 235 217 18 3 1 1 7 10 13 5 47
1120 1025 1263 1252 1253 1254 1031 1256 1260 1259 1228 1248 1262 1231 1261 1142 1257 1240 1199 1245
34 470 3 1 4 5 470 9 2 3 46 16 1 52 1 63 4 15 14 8
1248 1025 1031 1120 1290 1291 1228 1263 1199 1300 1142 1304 1231
40 450 450 12 22 37 40 5 58 10 185 1 31
1344 1025 1031 1340 1291 1312 1231 1332 1142 1263 1308 1341 1342 1343
1 302 302 10 44 2 46 17 239 46 10 5 3 1
1025 1031 1353 1291 1394 1396 1142 1401 1402 1403 1308 1405 1406 1404
454 454 92 213 6 6 63 3 1 2 15 1 2 1
1440 1025 1444 1445 1031 1448 1450 1291 1424 1441 1431 1401 1437 1406
15 547 4 3 547 6 3 425 10 3 5 25 9 44
1025 1507 1508 1511 1510 1031 1512 1450 1291 1484 1486 1505 1496 1451 1406
425 8 10 1 3 425 1 101 312 7 5 6 6 7 108
1025 1508 1031 1450 1291 1548 1549 1552 1532 1406
125 3 125 49 110 12 11 5 3 265
1025 1604 1031 1576 1609 1610 1291 1612 1614 1592 1597 1406
260 10 260 178 2 13 260 3 1 3 22 219
1025 1634 1604 1637 1031 1640 1642 1291 1612 1646 1617 1650 1651 1652 1649 1639 1406
48 6 279 20 48 1 17 48 60 4 57 1 1 3 1 9 375
1665 1666 1604 1025 1642 1291 1612 1710 1617 1031 1406 1727
50 47 181 11 25 11 9 14 30 11 441 2
1665 1666 1604 1734 1735 1736 1756 1642 1710 1712 1714 1717 1721 1754 1755 1724 1406
81 57 89 17 58 28 1 28 24 20 36 21 6 1 3 27 696
1712 1666 1799 1736 1802 1710 1807 1776 1810 1811 1780 1665 1785 1406
7 32 23 6 2 90 9 24 1 1 1 2 8 890
1857 1830 1799 1835 1710 1785 1850 1819 1852 1406 1855
4 16 56 13 254 148 4 27 2 814 1
1915 1799 1710 1904 1906 1785 1914 1819 1406
1 127 121 8 43 56 4 111 1062
1920 1799 1710 1937 1939 1941 1944 1819 1406
7 121 75 43 7 2 1 66 988
1985 1986 1799 1710 1937 1819 1981 1406 1983
13 1 115 21 32 33 8 1103 2
2018 2019 2020 2021 1799 1993 1710 1937 1819 1406
1 17 1 2 158 56 18 1 141 718
2018 2019 1799 2089 2090 2103 2066 2062 2098 2051 1993 2104 1819 1406
57 88 287 27 12 5 1 1 2 3 43 6 138 797
2018 2019 1799 1993 2090 2128 2139 2133 2134 2138 1819 2141 1406
159 27 451 46 11 2 1 17 12 3 202 1 734
2208 2018 2019 2151 1819 1799 2160 2194 2196 2197 2198 2171 1406
1 60 34 22 93 174 47 1 3 1 11 133 622
2171 2245 2246 1799 2248 2222 2160 2258 2259 2260 2261 1819 1406
57 6 2 24 21 16 41 7 1 17 2 102 274
2306 2307 2298 1819 1406 2303
4 1 6 59 504 30
2336 2337 2303 1406 1819 2334 2335
1 1 200 377 3 11 7
2375 2376 2377 2354 2334 2303 1406 2367
13 5 3 35 1 150 202 35
2403 2405 2385 2420 2421 2393 2397 1406 2303
6 14 2 1 1 15 24 244 20
2405 2439 2474 2487 2485 2455 2489 2490 2397 1406 2303
49 19 4 1 6 1 1 2 27 184 2
2439 2474 2510 2511 2512 2455 2493 1406
27 66 5 1 1 26 68 262
2528 2561 2564 2565 2569 2474 2510 2560 2551 2555 2556 2493 1406
21 10 1 6 2 34 42 9 1 57 1 28 255
2598 2474 2555 1406 2510
38 65 45 249 26
2626 2651 2598 2632 2474 2645 2650 2555 1406 2655
86 5 113 17 182 13 1 469 183 1
2689 2598 2474 2709 2706 2707 2708 2645 2710 2555 1406 2687
13 16 22 1 1 5 2 129 1 468 22 14
2721 2747 2598 2759 2762 2763 2645 2746 2555 2750
114 1 11 23 4 1 111 1 502 6
2598 2791 2825 2759 2802 2645 2806 2777 2555
65 40 10 31 1 321 6 46 290
2880 2881 2875 2598 2791 2888 2890 2645 2873 2777 2555
24 2 17 60 60 12 1 355 24 79 331
2598 2888 2645 2777 2906 2555 2910 2911
145 121 80 279 24 406 10 1
2945 2946 2888 2931 2777 2938 2555 2906 2942 2943
2 1 130 36 463 8 565 22 2 1
2977 2971 2980 2981 2888 2959 2963 2968 2777 2970 2555 2906
13 25 12 2 84 8 13 4 899 9 1001 19
3008 2971 2888 2997 2998 2777 3034 2555 3037
8 11 152 14 16 1189 3 1248 1
3041 3075 3079 2888 3081 3082 3085 3060 3063 2777 2555
38 61 21 137 2 3 2 30 10 1010 1010
3136 3041 3075 3110 3079 2888 3116 3099 3131 3060 3129 3127 2777 2555
1 70 229 68 61 186 6 31 8 78 10 29 953 953
3200 3201 3075 3187 3079 2888 3041 3099 3186 3195 3060 3190 3127 2777 3194 2555
1 6 158 1 52 109 6 111 32 3 98 11 100 807 1 807
3248 3099 3238 3206 3079 2888 3241 3223 3244 3245 3247 3195 3186 3075 3060 3190 3127 2777 2555
1 135 4 22 36 339 34 11 4 1 3 46 7 86 60 13 159 824 824
3264 2555 3269 3271 2888 3244 3195 3256 2777 3099
13 782 7 2 321 2 73 11 782 258
3264 3266 3099 2888 3244 3277 3280 3281 3267 2777 2555 3272
22 1 229 250 2 5 3 2 8 1049 1049 4
3264 2555 3300 3303 2888 3305 3309 3291 2777 3099
28 1173 2 10 167 15 2 31 1173 168
2555 3333 2888 3338 3340 3341 2777 3099 3327
1477 11 110 6 2 1 1477 56 17
3394 3363 3364 3397 2888 3396 3375 3368 3378 3385 2777 2555 3327
2 27 10 3 57 1 9 59 14 12 1503 1503 75
3393 3363 3398 3399 3375 3385 2777 2555 3327
2 40 2 3 36 32 1453 1453 68
2555 3399 3451 3375 3455 3363 3412 3446 2777 3450 3419 3453 3454 3327
1336 3 26 3 2 133 115 49 1336 22 31 1 1 96
3490 3451 3462 3467 3363 3412 3446 2777 3482 2555 3484 3327
3 123 189 99 47 321 105 1489 8 1489 8 65
3520 2555 3524 3526 3527 3528 3467 3507 3412 3446 3513 2777 3451 3327
5 1377 2 2 1 1 82 14 391 163 9 1377 391 114
3520 2555 3556 3555 3412 3446 3513 2777 3451 3327
55 1472 1 8 310 60 103 1472 310 43
3586 2555 3590 3591 3412 3446 3513 2777 3451
14 1512 2 1 473 432 52 1512 473
3648 3586 2555 3638 3639 3451 3635 3412 3637 3446 3513 3640 2777 3642 3611 3645 3646 3647
1 273 1597 3 4 293 3 293 23 471 280 1 1597 5 93 2 2 2
3611 3586 2555 3658 3661 3412 3637 3446 3513 3640 2777 3674 3451 3678 3679
28 354 1203 33 15 781 12 391 354 311 1203 2 781 2 2
3611 3586 3451 3739 3749 3750 3658 3412 3637 3446 3513 3640 2777 2555 3754
129 424 751 1 1 1 44 751 5 565 424 336 1249 1249 1
3712 3586 3715 3716 3717 3718 3611 3640 3513 3660 3412 2777 2555 3685 3686 3694 3697 3700 3446 3704 3451 3710
20 704 1 3 1 1 100 256 704 93 697 1303 1303 6 4 8 39 33 300 16 697 6
3777 3586 2555 3780 3781 3782 3660 3766 3759 3700 3747 3412 3763 3446 3513 3640 2777 3451 3772 3775
13 520 1274 7 3 1 5 15 63 72 12 726 25 271 520 5 1274 726 8 7
3840 3586 2555 3844 3766 3849 3850 3851 3790 3843 3412 3446 3513 2777 3451 3839
1 713 1567 11 28 6 3 1 34 4 433 329 713 1567 433 1
3905 3586 2555 3766 3910 3911 3880 3865 3906 3412 3446 3513 2777 3451 3900 3902
16 512 1557 20 5 1 22 4 1 443 428 512 1557 443 7 17
3936 3513 3586 3451 3939 3929 3923 3412 3446 3865 2777 3930 2555 3932 3935
1 899 899 328 3 8 4 328 190 31 1672 2 1672 4 5
3586 2555 3973 3975 3977 3979 3970 3950 3971 3412 3446 3513 2777 3451 3967
505 1725 4 4 1 1 1 17 9 275 236 505 1725 275 3
4032 4033 3586 4003 4036 4010 3451 4034 4025 3971 3412 3446 3513 2777 2555 3996 4029
1 7 397 22 1 1 241 4 15 37 241 223 397 1759 1759 37 5
3586 4003 4081 4041 3451 4077 4046 4079 4049 4082 3971 3412 3446 3513 2777 4058 2555
310 38 4 6 57 2 24 13 21 1 22 57 40 310 1943 19 1943
4115 3586 3971 4105 4106 3451 4046 4111 4049 4003 3412 2777 3513 2555
5 355 69 2 8 194 220 12 69 58 194 1806 355 1806
3513 3586 2555 4136 4141 4046 4143 4155 4115 3412 4149 4119 2777 3451 4156 4157
189 189 1904 94 4 435 11 3 106 96 11 96 1904 96 2 2
3586 4172 4170 4174 4173 4046 4143 4115 4175 4149 3513 2777 2555
130 2 5 1 1 502 101 74 1 106 130 2000 2000
4192 4198 4201 4205 4046 4143 4149 2777 4218 2555 4222
139 13 17 24 680 161 61 2000 9 2000 3
4192 4225 4259 4198 4263 4264 4046 4143 4249 2777 2555 4253
204 3 27 10 15 1 625 205 10 2000 2000 7
4192 4303 4046 4143 4309 4310 4249 2777 2555
187 4 666 141 41 2 29 2000 2000
4192 4359 4361 4375 4046 4374 4249 4312 2777 4378 2555 4319
159 21 5 3 980 3 162 34 2000 3 2000 39
4192 4411 4387 4359 4362 4046 4413 4409 4249 4312 2777 2555 4412 4381 4414 4319
59 7 21 91 6 868 5 6 157 176 2000 2000 4 27 1 43
4192 4472 4387 4421 4454 4359 4456 4455 4046 4440 4468 2777 4312 4249 4471 2555 4473 4319
15 6 28 59 13 192 26 25 1062 44 6 2000 148 176 4 2000 1 84
4513 4387 4421 4359 4046 4502 4249 4312 2777 4506 2555 4508
2 9 77 138 1138 8 137 84 2000 11 2000 2
4359 4046 4529 4563 4566 4249 4568 2777 2555
42 1095 61 1 1 193 4 2000 2000
4608 4610 4601 4612 4613 4614 4046 4529 4249 2777 2555
3 1 2 13 1 2 1350 202 438 2000 2000
