4 40 42 44 45 49
113 21 18 17 22 2
4 72 73 76 82 79 50 91 92 63
244 43 17 31 2 21 45 1 1 92
4 101 103 72 76 114 78 50 110 100 122 63
89 6 31 6 16 2 36 341 5 13 3 34
130 4 133 134 135 114 144 50 152 100 123 156 157 158
1 17 8 16 5 21 21 305 21 10 10 3 1 2
199 200 201 210 174 50 211 212 213
6 11 24 1 5 478 6 4 3
263 201 274 267 268 269 270 272 273 50 275 265 216 219
5 64 1 2 8 2 3 2 2 501 4 12 71 5
320 330 291 294 327 201 298 332 333 269 337 50 278 311 216 314 335 316 338
6 1 22 27 11 65 49 5 3 24 2 519 111 32 155 6 2 6 2
384 385 374 390 391 392 201 298 395 396 50 278 216 378 389
5 6 17 1 3 1 14 143 2 1 560 184 51 5 1
298 402 398 408 50 278 216 409 414 415
157 49 19 1 303 168 49 41 1 6
480 481 482 483 484 485 50 463 402 467 278 216 475 476
6 1 1 3 5 1 116 29 126 3 62 5 11 20
545 546 50 402 278 537 542
4 4 10 237 356 2 9
278 587 588 590 591 402 566
353 10 1 3 1 220 21
611 566 615 619 626 622 624 402 595 590 278 605 606
7 3 12 12 2 12 2 472 5 54 407 2 2
673 615 690 622 687 688 689 402 691 628 590 278 692
28 5 25 19 13 1 4 881 1 71 88 583 1
741 742 590 719 402 723 628 278 696 733
1 1 12 44 1094 30 12 391 17 8
772 747 786 784 402 723 788 278 787
1 2 2 4 1189 27 2 335 3
811 818 784 402 723 788 789 278 823 793 827 829 830
17 11 30 900 20 72 11 328 1 19 5 1 3
864 834 835 854 841 811 818 402 867 788 278 793 859
1 142 128 3 42 158 56 1008 2 90 411 9 37
864 865 834 835 278 811 818 402 788 854 857 861
4 2 229 37 642 251 19 1034 18 5 10 5
834 871 873 811 818 402 883 278 882 863
385 41 8 79 6 791 2 704 14 32
834 907 900 278 871 811 909 911 402 916 917 918 895
267 2 36 635 66 222 2 33 850 5 2 1 13
834 811 900 935 972 871 967 942 911 402 971 278 964
257 60 21 133 4 51 20 18 10 1146 2 620 26
834 964 967 811 402 871 278 1016 1017
143 28 40 111 1148 43 361 9 2
1075 834 1067 1060 1029 871 811 967 1070 1071 1072 1073 402 1043 278 1046
4 165 10 3 58 58 1 89 5 8 8 1 1089 8 621 3
1120 834 871 1128 1132 1067 967 1070 1103 402 278 1116 1086
10 211 97 4 14 227 47 65 65 1015 660 22 66
834 1163 1162 1067 1132 1138 1165 402 1155 1140 1141 278 1086
103 10 3 80 30 9 4 953 3 15 23 632 4
1216 834 1227 1222 1224 1225 1226 1067 1132 1138 402 1141 278 1207 1208 1214 1205
21 82 1 3 3 2 1 37 9 44 854 39 588 10 1 18 22
1216 834 1270 1256 1067 402 1141 278 1207 1214 1269
62 20 2 9 33 801 100 537 17 140 3
1216 1313 1314 1287 1290 1278 402 1141 278 1214 1311
135 5 2 9 8 131 497 283 960 109 8
1216 1348 1350 1358 402 1363 1214 278 1368 1369 1370 1141 1341 1278 1365
190 62 78 36 721 2 270 934 3 1 2 156 101 105 10
1216 1408 1410 1398 1350 1383 1278 402 1141 278 1401 1341 1214 1407
331 6 1 19 331 9 77 775 325 994 4 159 374 6
1216 1441 1462 1350 1418 1214 402 1141 278 1465 1464 1401 1434 1341 1278 1461
116 45 6 116 17 206 507 332 1084 1 12 118 10 392 89 7
1216 1547 1462 1350 1543 1545 1527 1548 1214 402 1539 1141 278 1495 1502 1401 1533 1341 1278 1471
74 2 58 74 4 3 16 1 54 166 3 241 1176 84 2 1 5 658 186 60
1216 1350 1610 1612 1613 1533 402 1555 1556 1278 278 1495 1619 1341 1214 1141
92 92 15 5 3 45 245 43 118 259 1200 120 2 555 153 347
1216 1635 1636 1637 1350 1639 1640 1641 1642 1643 1214 402 1556 1141 278 1495 1341 1278
13 16 4 7 13 2 2 1 2 1 11 24 11 345 1519 75 457 521
1666 1654 1644 1674 1676 1677 1679 1141 278 1495 1694 1657 1341 1278 1661
25 86 33 13 60 7 23 273 1476 176 1 22 524 260 95
1725 1757 1654 1676 1661 1713 1747 1141 278 1495 1720 1754 1341 1278 1759
2 3 71 43 21 2 15 318 1604 16 42 7 396 296 2
1795 1772 1773 1141 278 1495 1720 1787 1341 1278
16 6 5 565 1814 13 62 7 186 226
1846 1831 1839 1842 1843 1844 1141 278 1816 1341 1278 1845
1 16 13 28 2 3 316 1721 5 279 243 5
1889 1886 1885 1831 1839 1141 278 1341 1278 1887
4 1 4 18 12 330 1691 309 260 2
1923 1924 1910 1894 1927 1885 1926 1141 278 1341 1278 1925
6 1 20 54 1 11 2 713 1685 315 288 1
1952 278 1926 1894 1938 1967 1968 1970 1971 1141 1910 1973 1341 1278 1957
17 1811 40 136 3 25 11 6 11 437 77 2 189 562 27
278 1894 2027 2028 2029 2031 2032 1926 1278 1910 2010 1967 1341 1982 1141
1847 19 2 1 2 1 3 1 365 100 4 6 153 141 506
2075 2052 278 2047 2057 2078 2062 1967 2076 1982 1910 2071 2072 2073 2063 2069 1341 1278 1141
1 5 1953 3 14 1 2 23 1 9 253 10 1 24 1 12 47 551 512
278 2089 2091 1967 2095 2099 2100 1141 1910 2105 2107 2108 1278
2000 21 6 39 1 13 15 827 9 6 5 2 121
2118 2126 2127 2101 278 1278 1141
12 15 1 13 2000 182 888
2176 2177 2178 2179 2182 2158 2126 2129 2163 1141 278 2172 2173 1278
18 1 5 5 2 1 10 65 35 693 2000 10 14 290
2176 2211 2213 2217 2219 2220 2189 2126 2129 1141 278 2202 2172 2173 1278
57 11 2 3 3 1 15 5 61 645 2000 5 43 104 414
2176 2241 2244 2248 2250 2251 2252 2189 2254 2253 2129 1141 278 2237 2173 1278
84 20 3 9 4 5 1 72 1 6 302 747 2000 29 179 346
2241 2294 2281 2316 2189 2287 2129 2253 2317 1141 278 2299 2173 1278
22 7 55 2 67 7 258 2 4 729 2000 7 201 129
2338 2372 2358 2353 2281 2253 2381 2129 1141 278 2359 2299 2173 1278 2373
27 3 18 3 92 42 4 98 592 2000 9 6 181 206 13
2432 2338 2281 2430 2253 2416 2129 2420 1141 278 2423 2427 2173 1278
4 1 66 4 35 33 35 61 883 2000 5 5 125 116
2489 2469 2281 2474 2430 2253 2416 2129 2482 2420 1141 278 2455 2452 2173 1278
1 60 62 12 4 96 117 96 5 102 888 2000 90 19 158 73
2560 2561 2505 2563 2550 2281 2253 2416 2129 2452 1141 278 2455 2420 2556 2173 2559
3 4 21 2 3 146 87 481 87 146 915 2000 13 98 8 294 6
2595 2281 2603 2604 2253 2416 2129 2420 1141 278 2452 2173
8 45 2 6 173 631 173 50 705 2000 45 81
2625 2595 2646 2281 2615 2253 2653 2416 2129 2642 2611 2420 1141 278 2647 2452 2650 2652 2173
53 56 3 3 14 101 1 761 101 12 6 76 389 2000 10 3 1 1 3
2688 2699 2701 2670 2253 2416 2129 2674 2675 2420 1141 278 2702 2686
1 9 10 133 1 950 1 57 134 40 678 2000 7 89
2704 2699 2670 2416 2706 2675 2420 1141 278 2708 2686
3 46 2 955 8 51 136 366 2000 1 119
2742 2707 2699 2416 2675 2420 1141 278 2747 2748 2751 2686 2750
3 39 104 933 100 90 298 2000 4 4 1 218 1
2768 2675 2758 2699 2767 2416 2769 2770 2707 2420 1141 278 2749 2686
2 91 2 139 19 852 1 2 64 139 458 2000 71 248
2814 2818 2820 2821 2707 2699 2416 2675 2420 1141 278 2800 2686
11 2 3 2 9 83 527 87 116 540 2000 7 50
2859 2853 2857 2858 2699 2860 2416 2675 2420 1141 278 2835 2842 2686
1 29 8 10 138 1 483 63 168 380 2000 36 47 38
2699 2416 2866 2420 1141 278 2903 2900 2686 2878 2901
235 159 88 95 304 2000 4 7 19 28 10
2960 2699 2958 2416 2961 2963 2420 1141 278 2937 2964
5 169 7 165 3 1 38 124 2000 17 7
2978 2983 2420 2699 2988 2989 2416 2964 1141 278 2937 2970
2 2 91 191 21 2 138 48 114 2000 37 1
3040 3056 3051 3013 2699 3021 3054 3055 2416 3057 2964 1141 278 3033 2420 3045
14 2 3 15 247 73 1 6 84 1 88 173 2000 25 39 2
3056 2699 3111 3120 3113 3114 3051 3116 3117 3107 3119 2416 3021 2964 1141 278 3033 2420
14 340 2 5 3 2 89 6 6 1 2 216 2 6 355 2000 29 73
3168 3051 2699 2416 2420 1141 278 3033 3165 3167
5 136 664 93 285 140 2000 72 4 4
3220 3051 2699 3190 3179 3215 2416 3219 2420 1141 278 3033 3167
2 90 532 8 32 11 107 1 157 290 2000 179 23
3248 3234 3051 3251 3241 2699 3246 2416 3250 3179 2420 1141 278 3033 3228 3231
1 18 69 1 2 574 1 227 4 7 57 600 2000 335 165 23
3297 3275 3284 3286 3302 3303 3304 2699 3051 2416 3299 2420 1141 278 3033 3290 3228 3300 3231
15 25 2 22 2 1 2 765 51 262 1 26 618 2000 357 22 243 2 5
3361 3366 3364 278 3334 3367 3336 3337 2699 3374 3375 2416 2420 1141 3286 3369 3033 3322 3228 3290
4 5 31 2000 50 4 12 85 937 2 1 345 37 605 134 2 437 96 168 58
3393 3286 3398 3399 3400 3337 2699 3405 3407 2416 3409 3410 2420 1141 278 3033 3322 3228 3290
19 190 1 8 5 135 1051 8 2 160 1 4 9 760 2000 708 100 52 294
3456 3393 3458 3467 3286 3457 3432 3337 2699 3464 2416 3441 2420 1141 278 3033 3290 3228 3322
7 28 24 6 41 1 3 149 1351 6 140 20 11 498 2000 386 367 112 93
3458 3492 3286 3337 3525 2699 3524 2416 3477 278 3033 3290 3515 3228 3322 3518 1141
37 42 42 326 1 1687 2 158 233 2000 118 457 3 37 63 31 155
3552 3545 3492 3286 3337 2699 3533 3458 2416 3554 3540 3477 278 3543 3033 3290 3228 3322 3518 1141
3 27 65 62 365 1578 31 99 197 3 63 214 2000 81 126 471 99 33 40 225
3458 3588 3589 3591 3337 3594 2699 3477 278 3228 3492 3518 3540 3286 3543 3033 3290 3552 3557 2416 3569 1141 3574 3322
274 4 11 7 342 2 1420 395 2000 274 7 304 54 53 115 53 289 53 113 253 45 327 43 14
3458 3337 2699 3596 3477 278 3608 3610 3228 3621 3626 3627 3633 3637 3639 3640 3518 3540 3286 3543 3033 3290 3552 3557 2416 1141 3574
606 364 1188 114 399 2000 15 3 606 2 18 14 2 1 2 4 319 25 55 37 55 219 55 109 151 661 19
3458 3337 2699 3596 3477 278 3228 3626 3518 3646 3685 3667 3540 3286 3033 3290 3675 3679 3552 3557 3687 3688 3689 3690 2416 1141
801 193 1053 249 603 2000 801 145 193 11 2 34 74 22 22 174 4 21 22 77 2 1 1 3 124 823
3458 3721 2699 3596 3725 3477 278 3228 3741 3744 3745 3746 3747 3626 3337 3518 3724 3540 3290 3557 2416 1141
908 19 979 206 10 371 2000 908 2 1 2 1 6 204 15 15 3 142 349 207 113 908
3744 3458 3557 3782 3721 3626 2699 3596 3725 2416 3540 1141 278 3785 3290 3228 3477
6 710 221 12 27 103 1053 84 17 237 86 710 2000 2 307 710 434
3808 3809 3458 3557 3782 3815 3626 2699 3596 3725 3822 2416 3477 278 3831 3833 3290 3228 1141
16 8 640 102 100 3 19 1033 150 112 1 327 463 2000 3 3 102 640 640
3458 3876 3557 3782 3626 2699 3596 3725 3869 2416 3850 3894 1141 278 3842 3290 3228 3882 3477
676 6 131 289 50 1051 389 389 5 273 1 3 676 2000 38 131 676 8 337
3458 2699 3596 3725 3477 278 3228 3869 3626 3893 3899 3905 3909 3782 3911 3912 3913 3914 3290 3557 2416 1141
587 1322 215 215 365 2000 587 1 151 3 107 2 1 330 1 1 2 2 201 201 91 587
3458 3963 3557 3782 3964 3626 2699 3596 3725 2416 3955 3926 3477 278 3959 3956 3290 3899 3228 1141
162 1 91 350 7 81 1661 81 81 177 14 11 430 2000 12 12 91 89 162 162
3458 3967 3557 3782 3626 2699 2416 3985 3987 3477 278 3992 3290 3899 3228 1141
87 38 82 508 87 1703 210 21 1 614 2000 2 82 285 87 87
3458 2699 3985 3987 3477 278 3228 4038 3626 4025 3899 4029 3782 4040 4042 4043 4045 3290 3557 2416 1141 3967
14 1933 5 137 864 2000 14 5 14 5 699 15 797 3 9 1 1 41 41 53 14 11
4101 3782 4040 2699 4046 2416 4049 3987 3477 278 4087 4025 3899 4029 4094 4095
1 802 23 1975 51 25 33 114 917 2000 19 37 802 63 6 9
4166 3782 4103 4040 4169 2699 4173 4046 4049 3987 4148 3477 278 4087 4025 4145 3899 4029 4094
8 747 29 104 9 2000 10 5 11 10 27 1184 2000 324 196 4 747 5 189
3782 4103 4040 2699 4205 4206 4208 4209 3477 278 4087 4025 3899 4094
1130 150 236 2000 9 2 1 1 1329 2000 199 167 1130 2
3782 4103 4040 2699 4240 4244 3477 278 4087 4249 4025 3899 4247 4221
692 79 108 2000 17 3 1193 2000 501 1 42 692 10 152
4288 4290 3899 3782 4103 4040 2699 4267 4285 4291 3477 278 4087 4025 4251 4284 4221 4287
4 1 584 584 267 251 2000 43 1 1 928 2000 344 1 117 29 41 2
4251 4324 4342 3782 4103 4040 2699 4349 4339 3477 278 4087 4344 4345 4346 3899 4284 4317
49 2 3 664 466 59 2000 1 2 822 2000 158 2 2 2 664 74 22
4424 4385 3899 4373 3782 4103 4040 4425 4407 2699 4426 3477 278 4087 4251 4284 4317 4405
1 19 640 66 640 234 26 1 34 2000 1 937 2000 297 273 30 78 31
3899 4373 3782 4103 2699 4467 4465 4435 3477 278 4087 4443 4251 4284 4317 4405
901 5 901 54 2000 2 20 7 978 2000 77 2 126 47 235 138
4251 3782 4103 4508 2699 4507 3477 278 4503 3899 4491 4317 4405
31 1298 42 1 2000 3 1298 2000 12 1298 6 272 94
4539 3782 2699 4529 4531 3477 278 4503 4504 4538 3899 4317 4405
3 1286 2000 21 4 1286 2000 26 165 4 1286 88 76
4544 3782 2699 4541 3477 278 4503 4504 4538 3899 4317 4542 4543
1 1630 2000 4 1630 2000 226 133 30 1630 5 1 1
4580 3782 2699 4560 3477 278 4503 4504 4538 3899
1 1721 2000 214 1721 2000 253 58 20 1721
