39 41 43 44 46 48 22 24 27 30
5 1 1 3 12 1 3 37 11 2
65 71 79 80 50 56 30
1 12 3 1 29 3 70
128 161 162 163 71 136 138 140 50 152 153 154 156 30 159
11 1 1 1 49 36 1 36 31 23 6 8 3 109 3
168 173 50 152 187 188 30 191
2 4 99 30 3 6 104 5
230 202 236 237 238 209 50 222 234 30
11 42 3 1 4 19 107 25 23 27
271 209 50 275 276 30
2 45 202 10 5 41
228 209 50 250 251 252
21 118 183 2 1 1
256 229 242 235 274 209 50 275 281 282 283 285
80 43 47 53 5 104 204 14 1 5 3 1
256 288 242 333 209 50 340 341 329 345 348 349
33 6 26 15 20 107 8 8 15 1 2 8
392 364 398 400 50 403 372 373 341
23 105 1 4 105 2 18 48 105
448 418 470 431 433 372 469 438 441 409
16 57 16 14 6 97 32 54 11 41
512 418 520 523 525 526 496 372 409 507 508
11 49 8 10 6 2 8 19 23 18 17
512 418 548 561 552 555 556 557 558 496 529 562 563 537
9 67 11 3 7 11 2 1 1 13 16 2 1 13
418 583 584 585 586 552 537
54 89 34 21 1 80 163
418 583 552 617 622 623 592 584 626 627 600 537 602
60 4 40 15 13 3 50 7 1 3 33 96 17
635 677 679 552 592 680 658 627 537 666 667 668
4 14 2 10 119 2 7 165 116 2 9 16
707 716 719 592 721 722 627 724 725 726 537 701
13 2 7 218 2 1 194 1 2 1 127 17
768 763 773 775 776 780 719 592 785 786 627 537 731 701
7 2 31 7 1 14 59 97 2 1 162 244 29 72
833 838 780 719 592 627 788 793 537 828 701 830 831
2 2 45 106 150 152 41 7 231 6 77 3 7
864 879 871 875 876 878 719 880 881 882 627 857 537 883 701
5 1 12 7 5 3 47 2 1 2 156 3 297 3 140
934 936 939 946 627 950 953 952 537 955 925
21 33 10 5 73 1 1 1 40 2 26
994 963 997 998 999 1000 627 981 537
14 18 6 2 3 2 111 47 71
994 1027 1029 1030 1031 1000 1032 627 537 1021 1011
129 11 5 9 1 23 1 21 2 2 12
994 1027 1000 1048 1049 1050 1052
161 6 139 3 12 5 1
994 1112 1078 1000 1111 1101 1105 1075 1110 1049 1080 1081 1114 1087
42 1 1 46 10 6 6 63 10 14 1 80 3 2
994 1124 1157 1000 1154 1075 1177 1178 1149
29 52 54 111 4 212 16 2 14
1000 1226 1227 1229 1198 1075 1204 1211 1214
268 54 1 1 3 171 52 3 24
1255 1256 1226 1000 1075 1204 1244 1214
3 4 41 11 192 169 15 195
1253 1267 1226 1260 1266 1075 1268 1269 1244 1258 1214
18 1 81 5 8 58 4 1 29 1 121
1318 1226 1323 1324 1075 1302 1308
5 41 3 1 159 19 3
1344 1318 1360 1075 1364 1365 1366 1367 1338
40 24 110 93 23 1 8 5 6
1424 1387 1360 1075 1364 1367 1432 1428 1435
44 16 270 67 175 71 13 21 1
1477 1480 1483 1484 1459 1360 1075 1364 1462 1367 1464
4 6 1 1 13 351 25 173 22 29 1
1472 1360 1459 1364 1462 1497 1500 1501
2 332 6 143 85 7 4 4
1564 1360 1553 1364 1462 1560 1561 1500 1565 1566
3 124 13 105 93 2 14 61 1 3
1602 1604 1605 1606 1613 1615 1360 1617 1618 1364 1462 1594 1500 1597
36 31 3 9 11 7 202 2 2 123 51 3 222 18
1648 1605 1643 1644 1360 1364 1462 1500 1597 1630
5 137 6 10 358 69 102 105 139 10
1605 1462 1703 1679 1360 1649 1684 1654 1687 1364 1500 1597
79 30 3 8 99 77 32 59 4 9 64 14
1729 1732 1605 1734 1735 1709 1360 1684 1654 1688 1500
3 1 53 3 4 14 53 64 1 70 14
1605 1360 1784 1684 1783 1688
125 125 1 60 2 166
1808 1796 1605 1360 1684 1815 1688 1812
4 7 280 280 64 6 42 1
1872 1605 1864 1869 1870 1360 1873 1874 1684
1 124 1 9 1 124 3 2 2
1889 1922 1924 1605 1360 1907 1910 1911 1913 1915 1916 1918 1919
36 1 2 56 56 7 10 2 3 2 2 2 2
1889 1922 1605 1985 1960 1930 1986 1360 1942 1940 1910 1974 1976 1973 1978 1979 1982 1983
112 16 62 3 36 36 2 62 36 25 11 45 8 3 3 1 2 6
2016 1889 1922 1605 2017 1960 1930 1991 1360 2001 2003 2004 1942 1976 1940 2012 2013 2014 2015
1 82 127 109 2 40 23 1 109 28 8 25 23 86 1 7 4 3 2
1889 1922 1605 2064 2023 2028 2026 2060 2061 2031 1360 2001 2066 2004 1976 2063 2053
55 117 257 1 23 24 37 7 3 19 257 200 1 39 117 3 5
1605 2091 2028 2094 1360 2001 2004 2070 2109 2111
179 4 17 7 179 242 34 59 16 2
2146 1605 2151 1360 2001 2162 2163 2004 2168 2171 2172
10 284 104 284 190 2 15 161 1 10 9
1360 1605 2246 2151 2209 2241 2219 2252 2253 2254 2192 2001 2004 2200 2228 2224 2247
106 106 1 55 37 8 59 2 1 3 46 551 235 30 3 6 4
2192 1605 2281 2284 2254 1360 2001 2290 2004 2293 2200 2292
71 59 23 14 33 59 447 8 278 1 106 2
1605 2321 2345 2346 2284 2353 2254 1360 2001 2354 2355 2004 2293 2329 2200 2297 2333
15 3 9 4 56 3 76 15 774 1 3 273 11 32 98 161 16
2368 2379 2391 2284 2382 2383 2384 2001 2004 2390 2361 2200 2297 2329 2366
25 2 1 167 11 2 3 1049 421 1 39 167 326 81 75
2432 2424 2436 2437 2438 2439 2420 2284 2001 2004 2297 2200 2361 2426 2366 2425
4 14 4 3 4 1 3 90 882 869 310 90 340 13 6 11
2424 2468 2469 2439 2472 2476 2284 2478 2479 2448 2001 2450 2480 2004 2297 2200 2361 2481 2425
24 73 25 195 20 4 55 4 2 27 731 39 2 1071 207 55 530 1 138
2468 2501 2502 2439 2284 2448 2001 2450 2004 2486 2425 2424 2361 2200 2297 2494
27 7 4 125 28 48 698 4 1232 36 77 12 739 28 197 13
2468 2534 2439 2536 2537 2535 2532 2448 2001 2004 2297 2361 2523 2525 2494 2425
31 3 16 1 4 4 36 92 652 1284 449 1018 5 25 110 213
2562 2532 2577 2569 2589 2448 2001 2578 2547 2004 2590 2361 2425 2586 2297 2525 2494
10 6 3 11 2 11 538 8 6 1462 6 1129 634 4 409 46 361
2656 2657 2562 2627 2660 2661 2658 2594 2001 2004 2654 2646 2297 2361 2586 2652 2525 2494 2425
2 3 109 48 3 6 1 33 521 1479 24 3 315 1161 27 3 36 290 621
2720 2562 2683 2713 2594 2001 2004 2690 2297 2361 2719 2716 2494 2425
1 16 4 10 7 305 1695 4 192 1349 4 3 241 779
2758 2761 2762 2001 2004 2741 2742 2425 2361 2297 2494 2750
11 6 4 147 1853 25 18 1241 1532 88 179 12
2784 2788 2807 2800 2001 2004 2741 2806 2297 2361 2810 2811 2494 2425
44 102 1 61 79 1921 12 34 53 1585 4 3 171 1408
2784 2850 2851 2788 2824 2841 2829 2800 2001 2835 2004 2852 2297 2361 2843 2494 2425
33 7 1 108 11 5 19 83 150 42 1850 1 121 1519 3 97 1422
2784 2883 2788 2897 2889 2890 2892 2800 2001 2004 2361 2900 2425 2874 2297 2494
73 7 65 4 1 14 18 184 202 1798 1462 2 1443 19 202 19
2784 2907 2788 2953 2954 2955 2800 2001 2004 2425 2361 2297
60 44 113 5 4 2 138 146 1854 1291 1291 146
2784 2976 2788 2986 2991 2800 2995 2004 2425 2361 3004 3005
65 3 138 40 20 74 5 2000 1509 1509 1 3
3041 2788 3014 3015 3050 3055 2800 3058 3059 2004 2425 2361 3036 3007
6 64 27 7 1 4 27 2 1 2000 1785 1785 98 230
3075 2788 3077 3014 3079 3081 3082 3083 2800 2004 2425 2361 3036 3070 3007
3 146 2 83 4 2 2 2 83 2000 1854 1854 40 1 82
2788 3119 3121 2004 3125 2425 2361 3036 3124
280 36 11 2000 3 1720 1720 412 11
2788 3143 3148 3149 3150 3119 2004 2425 3128 2361 3151 3036
292 13 1 20 2 138 2000 1708 26 1708 2 49
3200 3201 2788 3191 3180 3149 3119 2004 2425 3192 2361 3197
3 1 653 7 61 85 24 2000 1347 17 1347 2
3257 3291 2788 3237 3149 3247 3248 3283 2004 2425 3284 2361 3119
4 2 529 44 106 39 6 1 2000 1471 5 1471 244
3330 3299 2788 3332 3306 3149 3119 3316 2425 2361 2004
4 4 316 4 8 5 275 13 1684 1684 2000
3299 2788 3316 3332 3119 3377 2004 2361 3384 2425 3354 3386 3385
1 273 43 35 190 7 2000 1727 39 1727 24 3 6
3424 3425 3394 3427 2788 3316 3426 3119 3409 3412 3413 2425 3384 2361 2004 3421
13 2 71 1 285 7 2 358 61 16 4 1715 78 1715 2000 5
3456 3458 3459 2788 3449 3119 3409 2004 2425 2361 3452 3453 3454 3455
1 4 1 215 2 283 3 2000 1785 1785 2 6 3 1
3513 3460 3463 3119 2004 3509 3510 2425 2788 2361
6 56 31 412 2000 3 4 1654 346 1654
3545 3523 3460 3525 3526 3532 3119 3536 3539 2004 2788 3510 2425 2361 3517
1 6 26 9 3 1 494 6 13 2000 242 14 1758 1758 18
3592 3587 2788 3525 3590 3526 3593 3460 3595 3588 3119 3569 3571 2004 3598 2425 3576 2361 3517
3 15 312 76 11 27 4 2 2 8 290 35 11 2000 1 1688 5 1688 41
2788 2361 3633 3625 3525 3119 3632 3569 2004 3638 3639 3640 2425 3631 3517 3621
504 1496 2 14 21 73 3 70 2000 5 1 4 1496 1 37 38
2788 3685 3687 3688 3689 3691 3692 3693 3694 3517 3569 2004 2425 3673 3663 3119 2361
473 9 6 8 8 3 2 5 1 13 23 2000 1527 97 2 74 1527
3745 3746 3747 2788 3725 3119 3569 2004 3734 3673 2361 3738 3740 2425 3743
2 1 1 75 19 108 52 2000 2 86 1925 2 13 1925 1
3777 3796 3787 3725 3790 3794 2004 3797 3798 2425 2361 3770 3740
10 1 15 10 2 12 2000 3 1 2000 2000 7 7
3811 3819 3816 3787 3820 3828 3822 3831 3827 2004 3829 3830 2425 2361
5 9 13 41 6 4 9 1 1 2000 1 2 2000 2000
3872 3875 3876 3787 3859 2004 2425 2361
1 8 2 72 12 2000 2000 2000
3915 3932 3914 3787 3918 3919 3921 3927 3859 2004 3926 2425 2361 3930 3900 3933
11 3 18 43 6 4 5 2 92 2000 11 2000 2000 7 29 4
3915 3996 3787 3981 3984 3953 3986 3859 2004 3989 2361 3960 3993 3900 2425
3 9 147 29 1 54 34 107 2000 7 2000 16 19 180 2000
4000 4001 4011 4004 4005 4007 4010 3787 3981 3953 3859 2004 2425 2361 3900
64 2 4 1 1 2 8 102 35 79 50 2000 2000 2000 168
4000 3953 3787 4044 3981 4046 4017 2004 2425 2361 3900
97 81 17 22 22 3 154 2000 2000 2000 65
4000 4017 3981 3953 4083 2004 4085 2425 4056 2361 3900
152 117 26 107 26 2000 1 2000 128 2000 68
4000 4099 4017 4105 4111 4112 3953 2004 2425 4056 2361 3900
204 16 286 12 5 3 199 2000 2000 99 2000 43
4000 4163 4164 4017 4105 4167 4111 3953 4099 2004 2425 4056 2361
405 3 13 335 10 10 107 295 3 2000 2000 27 2000
4000 4198 4177 3953 4209 4105 4167 4111 4208 4017 2004 2425 4056 2361 4207
298 2 131 133 5 98 14 76 7 349 2000 2000 101 2000 4
4000 4244 4177 4056 4236 4111 4208 4017 4242 2004 4245 2361 4216 4249 4250 3953 4222 2425
459 12 172 63 16 40 58 123 3 2000 1 2000 66 7 8 65 127 2000
4000 4265 4017 4274 2361 4285 4291 4292 4293 4294 4295 4297 4299 4300 4302 4305 4307 2004 4177 4208 4216 2425 4222
523 30 11 12 2000 6 9 14 12 9 8 24 2 2 1 3 1 2000 392 11 142 2000 90
4000 4292 4357 4328 4265 4332 4365 4367 4368 4177 4274 2004 2425 4216 2361 4297 4361 4222 4293
322 15 95 16 106 60 32 1 6 530 81 2000 2000 251 2000 17 4 69 62
4000 4432 4293 4357 4421 4392 4265 4426 4365 4430 4431 4368 4177 4274 2004 2425 4216 2361 4410 4222 4389
246 2 18 84 4 20 138 31 103 3 2 11 278 2 2000 2000 103 2000 11 427 4
4000 4449 4484 4357 4481 4265 4439 4365 4368 4177 4452 2004 2425 4216 2361 4474 4475 4476 4222 4293
261 122 6 263 2 66 13 37 52 461 5 2000 2000 205 2000 10 4 6 409 29
4000 4449 4515 4484 4357 4518 4519 4265 4521 4523 4368 4177 2004 2425 4216 2361 4222
410 70 15 15 142 18 3 84 3 1 54 566 2000 2000 132 2000 218
4000 4576 4578 4580 4357 4265 4567 4564 4559 4368 4177 2004 4574 2425 2361 4581 4541 4222 4575
258 1 1 3 202 44 3 2 58 191 755 2000 16 2000 2000 1 49 241 2
