39 40 42 43 45 47 48 21
17 18 3 9 3 2 5 37
39 77 47 83 92 95
1 26 18 40 1 2
128 131 133 102 135 109 77 144 146 83 117 150 151 153 154 143 125
4 5 27 7 4 12 59 14 2 156 44 1 1 3 5 3 1
145 83 117 77 143
5 218 19 129 53
192 161 195 196 172 77 174 143 83 182 184 190
4 20 3 1 60 9 18 26 296 32 12 4
226 172 77 240 241 83
11 119 255 35 4 3
172 300 77 302 83 308 309 297 312 313 314 315
156 16 252 8 58 5 4 16 1 4 1 1
363 356 358 327 360 297 362 359 172 77 336 83 345 314 348 351
2 1 2 34 6 12 2 4 29 55 14 7 22 14 1 1
385 418 327 425 359 429 430 336 433 434 432 314 382
9 3 141 8 22 2 2 22 4 4 5 18 31
327 359 461 462 493 336 466 500 501 438 504 505 442 506
177 10 17 18 35 10 16 1 2 21 3 2 33 2
544 327 555 556 493 462 535 505 442 543
8 223 1 1 97 71 44 66 44 14
327 585 588 462 559 565 535 505
310 4 1 1 71 29 53 65
327 616 619 621 622 559 625 626 627 596 629 630 535 628 623
585 16 63 4 2 79 1 5 2 30 1 1 20 1 2
675 677 327 680 682 679 684 685 654 559 688 657 628 622 535 687 636
1 6 369 2 13 5 1 1 34 159 2 23 59 17 56 1 62
706 740 741 327 753 749 750 559 752 657 691 628 654 751 636 733
38 17 4 410 1 7 13 35 4 133 49 20 107 2 49 6
800 801 706 837 806 327 777 654 559 657 822 829 733 766
8 11 201 1 24 500 64 97 136 165 7 3 7 38
706 327 872 777 878 559 880 657 654 879 860 881
121 485 19 58 13 54 3 150 380 3 1 2
706 933 934 327 936 777 930 654 559 657 884 921 916
25 29 2 635 1 20 9 350 60 53 25 34 1
961 706 933 327 971 973 654 559 657 884 974 967 987 988
6 80 76 588 6 51 166 56 53 80 7 7 2 2
961 706 933 998 327 654 1008 1009 1011 884 1013 1014 1012
133 97 351 98 589 620 45 1 4 97 2 1 3
1024 961 933 998 327 1062 1063 654 1008 1041 1043 1030 1051
72 6 432 76 170 2 5 607 39 67 7 6 8
1024 1120 933 1030 327 654 1071 1008 1041 1110 1051 1116 1117 1118 1119
65 1 414 33 295 605 120 50 36 8 122 1 3 4 15
1024 1136 933 1030 327 1128 654 1071 1008 1041 1138 1110 1143 1144 1145 1051
45 5 503 39 352 30 662 96 45 31 1 43 3 2 1 180
1154 1157 1030 654 1169 1174 1051 1182 1183 1187 1189 1190 1192 1193 1198 1071 327 1179 1110 933 1128 1131 1008
1 30 36 679 2 2 146 7 8 11 3 4 4 2 8 217 122 1 8 292 96 14 96
1248 1249 1250 1187 933 1030 327 1128 1255 654 1071 1008 1201 1234 1209 1051 1224 1256 1182 1157
20 3 3 11 570 4 4 274 4 1057 303 11 13 9 37 113 38 1 21 71
1248 1249 1275 933 1255 1128 1279 654 1071 1201 1270 1051 1157
17 164 23 601 71 411 3 1247 372 243 28 64 4
1281 1288 654 1300 1301 1302 1303 1307 1310 1313 1051 1316 933 1319 1071 1201 1317 1248 1249 1255 1128 1270 1275
42 31 1463 98 18 29 2 25 19 2 20 7 422 3 402 150 2 17 103 62 142 1 3
1249 1051 933 1255 1361 1324 654 1071 1201 1300 1368 1339 1372 1373 1342
142 39 265 30 31 24 1112 296 100 208 3 37 1 1 15
1414 1249 1416 1419 933 1382 1201 1384 1417 1255 1420 1421 654 1071 1409 1361 1300 1422 1391 1342
48 214 7 5 386 114 114 83 3 110 2 3 1230 381 4 35 70 1 25 110
1249 1474 1476 933 1414 1255 1384 1382 1478 1453 654 1071 1201 1473 1391 1300 1342 1432 1455 1438
307 1 2 578 52 128 155 12 1 21 1256 211 12 8 11 185 128 63 30 46
1536 1249 933 1414 1255 1384 1516 1485 654 1455 1528 1300 1342 1526 1527 1432 1529 1518 1533 1438 1525
1 104 653 19 126 311 12 17 1295 22 7 134 126 1 2 179 3 2 2 130 3
1249 933 1255 1384 1548 1549 654 1551 1342 1432 1534 1550 1438 1541
36 672 215 527 8 10 1482 2 215 193 43 2 273 58
1249 1602 1571 933 1255 1384 654 1576 1438 1601 1432 1342 1541
51 2 73 660 368 258 1145 71 201 12 200 368 27
1634 1635 1636 933 1255 1384 1640 1624 1622 654 1637 1617 1576 1630 1438 1641 1432 1628 1629 1342 1631
13 12 6 552 355 447 1 98 66 1160 1 17 22 36 53 1 240 18 17 355 5
1697 1698 933 1638 1255 1384 1624 1671 654 1680 1617 1688 1685 1622 1687 1432 1576 1692 1629 1342
2 2 758 14 220 643 156 7 1401 12 104 8 8 130 1 151 13 3 55 220
1732 933 1255 1384 1738 1703 654 1617 1432 1622 1624 1722 1342
100 1087 255 352 6 5 1439 16 135 200 93 45 255
1732 933 1255 1384 1737 1735 654 1736 1622 1432 1342
34 893 231 361 6 9 1254 1 188 230 231
1793 933 1255 1384 654 1782 1781 1622 1783 1432 1757 1342 1797
4 943 194 483 1426 14 10 262 29 47 2 194 1
1846 933 1830 1255 1384 654 1808 1800 1843 1845 1622 1782 1432 1342 1829
1 1272 11 32 206 1478 4 89 3 1 194 9 89 32 3
1889 1890 933 1255 1384 1865 654 1864 1878 1622 1880 1882 1884 1885 1342
1 1 1426 52 187 13 1613 9 1 226 1 3 4 2 52
1955 933 1958 1255 1384 1932 654 1904 1907 1950 1622 1943 1915 1342
13 1302 6 76 223 13 1525 119 1 2 326 2 11 76
1988 933 1384 654 1967 2002 2003 1622
8 1681 264 1945 13 13 4 322
933 2023 1384 2028 2034 654 2033 2002 2003 2037 1622 2039 2041 2042 2046 2047
1858 13 142 30 29 2000 5 95 116 16 470 1 8 23 2 1
2080 2082 2083 933 2023 1384 2090 2092 654 2095 2002 2003 2094 1622 2072
7 3 3 1940 61 60 3 7 2000 1 41 83 2 347 10
2131 933 2023 1384 2090 2123 654 2127 2129 2003 2133 1622 2135 2138 2139 2142
5 1751 188 249 22 21 2000 7 7 29 5 346 1 6 3 1
933 2151 1384 2090 2023 654 2160 2164 2158 1622 2140 2165
1668 15 332 11 235 2000 5 4 6 263 23 4
2212 933 2182 2023 1384 2217 2218 2189 654 2221 2222 1622 2200 2204
5 1609 8 206 391 33 4 96 2000 2 1 158 15 8
2273 933 2023 1384 2217 2282 654 2280 1622 2204 2270
3 1713 67 287 1 4 2000 2 592 23 15
2337 2338 1622 2342 1384 654 2335 2326 2331 2204 933
1 1 699 1 284 2000 2 1 2 12 1716
2400 2401 2402 2404 933 2406 1384 2350 2408 2387 654 1622 2391 2394 2397 2398 2399
8 7 5 7 1679 6 321 26 2 17 2000 412 2 3 4 13 5
2404 933 2438 1384 2441 2444 2445 654 2440 2419 1622
36 1725 15 275 14 1 2 2000 8 8 426
2404 933 1384 2473 2475 2476 654 2478 1622 2456
6 1852 148 5 10 1 2000 1 755 53
2496 2528 2531 933 2534 2535 1384 2505 2539 654 2536 1622 2537 2456 2533
9 3 2 1827 1 1 173 1 2 2000 3 700 3 62 5
2592 933 1384 2601 2597 2574 654 1622 2456 2587 2591
1 1922 78 4 2 38 2000 802 83 6 13
2658 933 1384 2574 2674 654 1622 2456 2587 2652 2670 2597
46 1907 93 130 4 2000 922 24 59 22 2 81
2690 933 2696 2739 2574 2742 2737 2706 2707 2708 654 1622 2456 2587 2735 2741
36 2000 19 1 214 1 12 65 8 14 2000 1194 225 142 3 2
2753 2690 933 2758 2696 2764 2574 2767 2706 2771 2708 654 1622 2456 2746 2587 2773
25 41 2000 1 25 9 144 2 85 1 26 2000 1347 308 20 284 2
2690 933 2792 2795 2797 2574 2808 2706 2708 654 1622 2456 2804 2778 2587 2814 2805
29 2000 11 30 5 50 14 50 18 2000 1301 450 3 9 179 7 10
2848 2690 933 2850 654 1622 2456 2587 2853
8 49 2000 26 2000 1269 570 5 1
2850 2883 933 2890 2891 2690 654 2895 2902 1622 2456 2905 2906 2907
34 24 2000 8 7 21 2000 4 1 1056 794 1 1 1
2850 933 2891 2690 2958 2966 2961 2962 2964 654 1622 2456 2939 2941 2965
30 2000 46 37 33 1 4 2 1 2000 1029 877 17 9 2
2690 3011 933 2987 3021 2958 3023 3024 2995 654 1622 2456 3033
39 8 2000 1 18 209 4 24 21 2000 997 964 5
2690 3075 933 3078 3079 3080 3082 2958 3023 3024 654 1622 2456
18 12 2000 3 3 4 2 397 4 106 2000 1005 977
3104 3105 3075 933 2958 3087 3024 3089 3107 654 1622 3095 2456 3093 3101 3103
4 7 18 2000 218 31 108 42 2 2000 1354 42 646 4 4 6
3170 3107 3172 933 3145 654 3024 3089 3171 3156 2958 1622 3095 2456 3158 3165
3 35 7 2000 5 2000 76 7 1 7 94 1652 5 348 38 7
933 3208 3214 3212 3213 2958 654 1622 2456 3194
2000 18 2 7 5 31 2000 1829 171 22
3264 3266 933 3270 3276 3274 1622 654 3222 2456 3226
17 9 2000 6 1 9 1928 2000 71 72 129
933 3238 1622 654 3248 2456 3253 3222 3255 3256 3226 3259
2000 34 1996 2000 2 4 10 148 8 2 68 2
3222 3238 1622 654 3279 3286 3289 3226 3291 3290 933
69 3 2000 2000 3 10 7 318 2 2 2000
3329 3334 3332 933 3302 3335 3336 3305 3307 1622 3330 654 3222 3226 3293 3327
22 6 4 2000 17 1 2 26 15 2000 3 2000 57 242 44 14
3393 3396 933 1622 654 3349 3222 3383 3385 3226 3389 3397
3 10 2000 2000 2000 12 34 19 7 387 8 3
3428 933 654 3448 3445 1622 3414 3226 3450
20 2000 2000 1 19 2000 75 478 1
3456 933 3463 654 3472 3474 3475 3476 3445 1622 3448 3226
249 2000 33 2000 9 12 1 5 56 2000 30 215
3456 933 654 3506 3475 3445 1622 3502 3226
80 2000 2000 4 10 13 2000 5 415
3456 3552 933 3532 654 3535 3506 3475 3445 1622 3226 3547 3550 3525
39 3 2000 63 2000 45 67 77 10 2000 653 5 3 53
3456 3589 3588 933 3559 3532 654 3535 3506 1622 3226 3551 3582 3525
8 7 5 2000 14 34 2000 154 154 2000 771 31 39 87
3642 933 3606 3638 3637 654 3535 3506 3614 1622 3640 3641 3226 3551 3626 3582 3525
1 2000 5 11 7 2000 27 27 23 2000 6 7 784 59 21 89 77
3680 3675 3525 3721 3722 3711 654 3535 3717 3665 3506 3707 3646 1622 3657 3640 3226 3551 3582 933
48 27 162 6 5 4 2000 137 11 25 137 1 33 2000 13 14 470 88 32 2000
3525 3766 3767 3756 654 3535 3665 3506 3764 3758 1622 3735 3226 3551 3741 3646 933
114 10 3 34 2000 320 48 320 2 2 2000 105 76 6 32 39 2000
3777 933 3783 3756 3789 654 3535 3665 3506 1622 3735 3525
34 2000 2 2 17 2000 498 42 498 2000 200 22
3777 3843 933 3857 3817 3863 3789 654 3535 3856 3665 3506 3861 1622 3735 3864 3832 3862
137 4 2000 2 100 3 65 2000 630 12 53 630 2 2000 458 2 6 6
3920 3777 3874 933 3905 3817 3927 3916 3789 654 3535 3856 3506 3926 3925 1622 3735 3928 3929 3919
2 404 18 2000 24 41 1 8 12 2000 866 18 866 1 2 2000 297 1 1 8
3968 3777 933 3969 3789 654 3535 3985 3506 3956 1622 3735 3986
3 254 2000 19 113 2000 450 4 450 14 2000 245 2
3969 4027 933 3777 4017 4007 3789 654 3535 4025 3506 3988 1622 3735 4020 3993 4026 3995
18 1 2000 241 2 9 122 2000 467 4 467 39 2000 125 6 32 6 32
3777 4066 933 4082 4073 4044 3789 654 3535 3506 4083 3988 1622 3735 4057 4020 4084
138 3 2000 2 21 50 239 2000 138 138 2 42 2000 326 13 14 5
3777 3789 4100 933 4119 4114 654 3535 3506 4117 1622 3735 4124 4125
79 13 96 2000 3 12 2000 79 79 15 2000 494 4 2
3777 4132 933 4151 654 3535 3506 4117 1622 3735 4152 4100 4154 4159 4156 4158 4149
174 12 2000 3 2000 174 174 39 2000 194 5 50 4 1 5 6 8
4224 3777 4226 4132 933 4225 4201 654 3535 3506 1622 3735 4217 4100
1 127 1 75 2000 2 13 2000 127 127 2000 203 8 118
3777 4132 933 4234 4247 654 3535 3506 4243 1622 3735 4248 4100 4249 4246
16 48 2000 14 1 2000 16 16 39 2000 298 4 39 2 5
4259 4132 933 4269 654 4272 4243 1622 3735 4260 4255
8 30 2000 2 2000 7 2 2000 189 9 13
4323 933 4326 4328 4300 4301 654 4325 1622 4314 4287 4255
31 2000 1 2 31 3 2000 19 2000 17 13 41
933 4360 4363 4364 4365 654 4367 4368 1622 4347 4255
2000 8 8 4 1 2000 6 4 2000 25 27
933 4394 654 4367 4400 4405 1622 4407 4408 4347 4255
2000 22 2000 198 24 15 2000 2 8 66 93
4459 933 4453 4455 4460 4461 654 4367 4405 1622 4347 4255
3 2000 17 3 1 1 2000 125 114 2000 119 117
4453 4495 4517 654 4367 4511 4405 1622 4255 933
88 14 2 2000 123 15 252 2000 123 2000
4544 4453 4551 4522 4555 4556 654 4527 4367 4495 4405 1622 4558 4532 4255 933
52 71 3 35 2 9 2000 114 74 19 278 2000 3 22 36 2000
4544 4609 4610 4603 933 4453 654 4527 4592 4405 1622 4607 4367 4604 4255
216 1 2 3 2000 21 2000 216 11 145 2000 3 21 2 103
4544 933 4646 4615 4645 654 4527 4592 4405 1622 4636 4255
55 2000 1 144 1 2000 55 104 8 2000 35 84
933 4615 4650 4653 654 4592 4658 4659 4660 4661 1622 4255
2000 396 8 23 2000 22 1 5 5 1 2000 24
