32 33 35 37 39 9 13 19 25 27 31
12 6 9 6 1 15 4 11 35 26 12
55 46 48 50 19 53 57 25 58 60 31
3 1 15 9 47 6 1 59 1 2 137
112 103 109 110 48 113 19 25 31
2 3 12 2 12 1 117 206 119
160 187 167 136 169 138 172 174 145 178 19 116 119 152 25 123 156 185 31
24 2 10 35 3 22 19 9 7 1 116 80 51 54 184 60 3 2 136
160 225 136 169 234 172 174 239 248 19 116 213 247 152 25 250 189 31
97 7 8 22 30 27 33 16 3 117 62 1 5 30 190 1 33 100
160 256 260 285 297 298 301 174 253 306 19 116 25 303 189 31
48 114 103 16 7 3 3 59 103 1 244 20 229 10 59 59
256 321 260 285 353 328 331 174 189 337 338 19 116 341 352 25 351 253 31
103 25 282 1 2 28 7 212 212 17 11 16 47 1 1 220 2 282 212
256 386 260 405 362 395 366 189 400 337 19 174 374 409 408 25 253 31
212 9 191 41 42 6 91 131 11 6 84 131 39 2 11 70 191 131
256 448 260 454 467 439 366 464 19 436 405 471 472 25 253 469
166 16 84 1 1 1 50 14 23 20 95 1 1 23 84 3
256 515 518 519 520 492 19 405 504 478
48 3 9 1 1 42 29 64 28 13
256 518 522 523 526 528 530 531 405 504
43 296 6 2 3 2 4 1 121 121
578 579 581 518 583 584 558 564 405 566 504 570 540 574 565
2 2 7 187 3 1 63 13 281 5 281 4 23 10 23
642 518 615 565 622 632 405 630 504 602 574 637 638 639
2 157 45 9 29 3 31 3 31 24 7 2 8 3
674 644 677 518 679 681 682 652 405 662 504 676 602 637 565
5 10 6 139 3 1 3 14 95 8 95 3 5 23 21
737 738 518 718 721 405 694 504 730
3 3 384 30 7 79 53 79 5
768 769 770 771 518 746 760 763 764 765 766
1 1 1 1 604 79 1 2 13 1 1
834 803 838 518 839 777 821 810 814 817 789 837 823 764 829 831
6 27 3 650 6 16 4 1 40 7 6 2 11 2 3 6
896 803 518 870 777 814 847 884 823 891 893 895
3 17 354 14 120 109 46 3 189 2 1 1
932 518 936 777 814 913 946 947 950 823 952 956 958
49 122 19 163 59 22 17 6 11 216 4 1 1
932 998 518 999 1000 777 814 913 978 823
193 3 7 2 4 169 25 23 60 229
1024 1057 1058 1059 932 1046 1032 777 1034 823 1040 913 978 1014 1047 1060 1052
13 1 2 2 51 15 7 50 32 449 6 31 121 26 7 2 1
1024 1089 1058 932 1095 1065 1074 978 1108 823 1113 1114 1116 1118 1119
7 24 154 31 8 123 26 205 10 307 10 2 1 5 3
1154 1152 1058 1155 932 1126 1065 978 1137 1074 823 1146 1119
18 11 268 1 7 56 23 87 4 36 487 24 10
1152 1153 1058 1159 1162 1175 1074 1167 1165 1169 978 1171 1173 823
27 166 165 4 12 3 59 5 3 3 59 6 7 387
1185 1058 1159 1221 1153 1212 823 1165 1230 1234 1237 1238 1239 1240 1180
41 407 46 12 115 35 436 5 20 8 9 1 4 2 73
1185 1058 1254 1159 1153 1289 1292 1230 1297 1298 1299 1300 1302 823 1212
59 402 20 136 47 15 3 85 11 2 2 4 1 296 153
1344 1345 1058 1347 1348 1254 1185 1289 823 1230 1335 1336 1212 1341
1 3 427 2 1 35 4 66 306 27 5 1 113 3
1408 1409 1058 1349 1289 1367 823 1368 1402 1212
3 2 293 165 144 14 148 29 4 99
1440 1058 1379 1349 1382 1416 1289 1421 1427 1429 823 1434 1404 1413
2 106 10 229 47 22 38 27 6 4 33 18 12 6
1440 1473 1058 1475 1349 1382 1289 1421 1474 1427 1461 823 1470
3 1 141 1 265 8 40 125 2 105 5 88 33
1058 1349 1421 1453 1427 1460 823 1455
328 389 221 7 8 7 198 4
1505 1058 1475 1349 1479 1421 1485 823 1453 1498 1470
1 221 30 286 6 300 38 186 32 2 29
1570 1058 1475 1349 1547 1421 1485 1552 1571 1558 823 1453 1562 1563 1567
1 205 71 325 26 390 56 34 2 3 124 68 5 2 3
1601 1058 1475 1349 1605 1608 1609 1610 1547 1611 1485 1582 1421 1603 1607 1590 823 1453 1593 1599
19 237 231 422 1 1 1 2 37 1 86 96 237 1 1 14 243 17 1 6
1632 1601 1058 1475 1349 1547 1421 1614 1615 1620 1582 1590 823 1485 1613 1631
2 29 287 222 355 31 87 24 37 1 32 7 222 76 44 2
1058 1699 1349 1706 1707 1485 1614 1613 1421 1615 1659
370 3 179 1 1 122 31 52 159 29 62
1729 1058 1723 1349 1719 1421 1710 1485 1685 1698 1720 1615 1659 1725 1613
4 123 6 405 1 98 3 98 26 4 20 59 176 3 38
1058 1763 1349 1772 1485 1742 1421 1782 1720 1785 1659 1790
73 72 433 17 72 10 72 37 205 24 135 3
1846 1058 1349 1831 1772 1838 1840 1848 1843 1844 1782 1849 1720 1785 1850 1659
2 8 346 25 44 11 6 2 8 4 33 2 126 31 1 277
1892 1349 1894 1831 1864 1899 1902 1905 1906 1720 1881 1659
6 555 13 59 20 30 4 2 4 137 27 129
1349 1894 1831 1962 1944 1720 1946 1659
376 28 95 3 3 90 4 116
1349 1831 2012 2003 2009 2010 2011 1980
420 218 2 3 3 5 4 2
2016 2020 1349 1831 2028 2045 2032 2010 2043 2044 2013
24 34 321 436 7 1 34 62 3 1 50
2083 2020 1349 1831 2092 2093 2094 2066 2073 2010 2075
19 41 100 318 8 1 2 56 14 14 21
2144 2083 1349 1831 2129 2066 2106 2105 2073 2010 2075 2141 2117 2143
3 26 28 332 20 108 40 72 85 85 26 16 4 8
2177 2083 2180 1349 2182 1831 2185 2154 2188 2190 2159 2066 2106 2073 2010 2075 2186
3 19 6 34 2 429 4 26 4 1 55 92 50 106 106 37 8
2240 2224 2083 2244 1349 2214 1831 2185 2154 2247 2192 2193 2226 2219 2251 2233 2073 2010 2075 2207
26 7 7 3 53 9 619 53 9 9 27 1 25 4 8 12 67 67 35 68
2240 2304 2244 2309 1831 2312 2154 2311 2305 2192 2073 2010 2300
62 11 8 2 609 1 22 1 11 53 78 78 12
2368 2371 2372 2374 2343 2376 2377 2154 2379 2380 2381 2382 2192 1831 2322 2325 2244 2331
6 3 8 6 37 10 5 7 5 7 1 1 41 818 7 9 3 86
2459 2374 1831 2453 2454 2456 2331 2460 2429
3 8 812 3 1 1 166 2 27
2507 2471 2506 1831 2508 2509 2510 2512 2331
2 1 2 400 1 3 1 3 169
2561 2562 2564 2565 1831 2331
51 4 1 2 279 120
2561 1831 2572 2575 2576 2578 2331
203 453 22 4 2 1 102
2561 1831 2602 2603 2605 2606 2582 2617 2331
153 373 5 7 6 8 38 7 51
2561 2626 2663 2632 2667 2668 2669 2670 1831 2582 2650 2331
293 30 1 5 7 2 3 3 305 79 6 4
2561 2692 2725 1831 2728 2729 2730 2667 2704 2582 2650 2331 2716 2714
166 28 2 31 10 37 24 52 14 30 16 23 18 2
2784 2561 2755 2788 2790 1831 2760 2785 2769 2582 2743 2779 2749
9 52 83 4 2 13 21 4 43 13 165 5 2
2561 2755 2822 1831 2857 2855 2796 2864 2769 2851 2582 2743 2841 2860
175 116 30 30 4 4 30 1 34 1 30 252 17 6
2561 2755 2822 2895 2769 2900 2902 2743 2905 2906 2908 2909
105 159 44 2 87 5 11 109 9 5 1 1
2944 2561 2755 2966 2822 2920 2923 2924 2909 2960 2769 2952 2964 2933 2902 2743 2968 2969 2941 2965
16 111 229 1 65 13 3 10 19 3 128 27 6 4 32 81 1 2 8 3
2976 2561 2755 2981 2822 2941 2952 2985 2983 2988 2987 2909 2769 2984 2743 2920 2973
4 23 170 2 75 15 37 7 1 2 1 22 94 1 87 15 89
2561 2755 2822 3018 2989 3024 2973
202 223 68 60 40 2 10
3091 2561 2755 3078 2822 3018 3084 3053 3055 3089 3059 3082
1 108 208 3 213 39 2 6 19 4 9 10
3136 2755 3140 3141 2822 3115 3125 3129 3135
4 265 3 1 464 57 5 2 9
2755 3173 2822 3176 3177 3178 3115 3151 3125
273 5 228 18 2 2 71 158 9
3232 3233 2755 3173 2822 3115 3181 3151 3216 3219 3197 3206
2 5 495 40 320 152 43 181 14 11 49 4
2755 3173 2822 3115 3181 3151 3219 3287 3288 3289 3290
505 86 44 115 142 87 60 12 2 2 3
3297 2755 3173 3339 3340 3181 3115 3219 3350 3287 3292
12 276 86 7 8 156 2 53 3 2 202
3362 2755 3173 3181 3377 3219 3385 3292 3390 3391
49 105 281 20 47 11 2 190 7 10
3181 3377 3378 3423 2755 3406 3412 3413 3292 3173 3429 3430 3431 3433 3434 3436 3437 3438 3439 3440 3441 3442
20 10 12 4 90 11 6 1 302 485 4 7 2 5 2 1 6 4 2 2 1 2
2755 3173 3494 3463 3465 3498 3499 3469 3438 3377 3491 3477 3497 3292
26 714 4 8 14 3 4 12 35 12 2 6 6 350
3552 3497 3522 2755 3173 3543 3292 3499 3533 3438 3535 3465 3544 3547 3548 3550 3551
4 8 9 45 752 1 317 27 11 105 30 52 3 2 16 3 5
3585 2755 3173 3591 3597 3438 3599 3602 3604 3605 3292
82 11 946 36 22 77 20 4 1 1 104
3617 3618 3619 3620 3173 3591 3597 3438 3292 3615
45 7 1 1 1006 7 23 31 67 14
3680 3681 3682 3173 3665 3669 3675 3292 3677 3678
2 2 1 1014 13 3 1 15 5 6
3713 3173 3721 3722 3725 3727 3730 3732 3704 3737 3739 3740 3742 3743
13 736 12 7 14 50 3 1 51 7 2 3 7 2
3776 3713 3746 3173 3751 3721 3778 3760 3765 3766 3767 3704 3737 3777
6 95 2 669 12 38 2 5 6 4 5 190 16 3
3713 3810 3173 3751 3721 3783 3820 3824 3704 3760
4 6 598 25 20 3 3 6 128 2
3704 3848 3721 3173 3839
277 15 27 591 17
3873 3173 3848 3896 3880 3888 3889 3891 3704 3887 3871
20 522 82 5 23 12 14 2 262 12 19
3873 3939 3940 3173 3943 3848 3887 3880 3704 3932
99 3 6 648 4 256 3 55 457 61
3873 3173 3848 3996 3982 3984 3988 3989 3991 3704 3993 3994 3995 3932 3997 3999
33 988 248 2 4 4 9 1 2 399 4 2 1 95 1 1
3873 3173 4039 4040 3848 4052 4053 3704 4059 4030
202 883 11 19 69 11 13 582 1 1
3873 3173 4039 3848 4106 4107 4052 3704 4089 4090 4063 4069
335 731 52 49 12 1 52 1085 1 24 12 41
3873 3173 4168 4171 4142 4176 4177 4181 3704 4156 4069
464 1188 5 1 9 1 5 3 795 3 6
3873 3173 4231 3704 4220 4189
563 731 1 1269 46 23
3873 3173 4253 4272 4280 4275 3704 4281 4189
610 696 60 9 6 8 1304 1 49
3873 4355 4357 3173 4348 4330 4335 4272 4312 4338 4339 4351 4343 3704 4314 4319 4316 4253 4325
731 2 1 367 9 19 13 19 9 12 3 3 6 1633 4 13 7 113 20
4384 3873 3173 4393 4330 4396 4397 4398 4335 4312 3704 4378 4253 4319
4 706 787 3 28 2 2 1 83 73 1213 6 12 19
3873 4419 3173 4417 4393 4398 4335 4312 4438 3704 4442 4253 4446 4421
794 40 581 60 54 111 90 101 14 1419 5 111 2 13
3873 4419 4452 3173 4417 4398 4335 4497 4312 4462 4502 4503 3704 4505 4476 4253 4501
900 59 2 435 42 59 77 4 28 64 2 2 1565 2 53 59 3
3873 4419 3173 4551 4554 4417 4557 4462 4545 4398 3704 4476 4253 4533
878 141 387 7 5 13 1 59 1 2 1613 59 2 2
3873 4419 3173 4554 4556 4557 4462 4559 4568 4565 3704 4569 4570 4476
705 106 257 13 4 8 136 2 1 2 1743 5 1 136
3873 4419 3173 4583 4604 4462 4609 3704 4607 4476 4605 4575
901 104 71 16 9 253 5 1929 6 253 1 23
3873 4642 4419 4612 4645 4583 4650 4652 4462 4624 3704 4644 4476
887 1 355 18 2 5 3 1 131 7 2000 2 131
4704 3873 4419 4680 4700 4462 4656 4689 4707 4692 3704 4476 4701 4702
1 1055 151 31 3 31 7 3 6 14 2000 31 2 3
4736 3873 4738 4419 4715 4718 4722 3704 4729 4735
4 1437 1 157 83 19 30 2000 34 10
4768 3873 4419 4772 4778 4715 4754 4722 4787 4790 3704 4729 4762 4795 4764 4794
76 1677 50 5 31 50 39 178 40 2 2000 226 8 1 11 1
4768 3873 4419 4828 4805 4833 4809 4715 4722 4787 4821 4825 3704 4729 4795 4764 4832 4799
67 1379 144 65 52 1 128 144 167 67 33 9 2000 434 94 67 1 1
