16 20 22 23
10 1 4 2
33 36 62 65 55
8 76 4 22 23
109 113 114 116 117 85
14 14 5 6 1 25
130 131 165 134 167 170 114 163 85 150 151 152 158
6 21 1 44 5 3 111 2 225 20 37 7 4
193 196 197 134 174 114 179 180 181 183 187 188 190 85
1 2 1 15 17 206 19 12 7 2 5 2 4 237
228 235 236 237 239 240 114 213 220 85
3 3 4 7 2 2 213 28 3 322
266 268 237 269 114 213 247 85
2 2 10 1 183 8 17 153
326 329 330 114 308 85 247 285
2 3 4 142 2 135 52 46
359 337 114 247 285 351
5 4 198 322 68 15
385 423 430 431 337 114 371 247 351
34 4 6 1 21 146 1 17 152
385 485 487 490 463 114 467 468 479 351
46 5 10 4 1 153 7 31 1 87
547 548 519 114 468 537 539 351
4 1 34 54 16 10 4 53
576 578 581 583 586 587 588 570
3 2 4 7 3 2 1 18
608 611 612 614 595 572
28 3 6 1 29 36
642 665 622 659 662 663 633 572
62 1 45 2 4 10 49 128
706 707 708 680 697 642 692 694 695 633 572 669
9 4 1 36 19 33 13 10 6 14 250 21
736 706 714 715 642 718 723 572
5 8 1 13 18 13 4 453
769 642 771 742 779 715 780 755 756 572
2 39 8 10 1 37 4 62 23 352
769 642 771 805 828 715 786 803 756 824 826 572 829
26 41 50 4 2 316 101 44 19 4 7 230 2
896 769 898 771 805 902 903 904 905 906 715 845 786 899 756 572
5 66 4 116 5 1 2 2 1 2 248 5 106 11 125 182
769 898 771 929 903 715 912 913 786 756 919 922 923 572 927
73 10 22 2 25 137 18 7 3 175 3 1 4 59 1
961 964 965 903 968 956 715 912 756 967 572
22 5 2 56 2 28 1 11 127 1 170
964 903 1000 1002 1004 980 1005 756 984 996 572 991
26 57 16 6 2 8 3 156 90 2 23 20
903 1040 1041 1042 756 984 1018 572 1021 991
77 1 1 2 154 85 41 97 12 58
1088 1090 1091 903 1065 1068 1069 1084 1072 756 1077 1079 984 572 991
2 3 1 10 52 36 4 13 4 225 5 7 45 77 10
1093 1094 1095 1097 1098 1068 1100 756 984 572
19 10 2 2 1 12 1 410 65 11
1126 1127 1128 1097 1098 756 984
13 2 1 216 50 588 127
1184 1185 1186 1187 1169 1097 1098 1133 1167 984 756 1141 1176 1178 1147 1181
6 1 4 2 3 560 32 18 2 66 609 14 57 1 35 2
1216 1243 1097 1235 756 1237 984 1147 1246
22 11 292 1 1044 15 11 106 10
1249 1251 1097 756 1237 1271 1272 1273 1274 1276 1278 1279
11 52 82 1355 12 7 4 1 2 5 2 2
1122 1123 1097 1099 756 1115 1118
1 1 48 53 1171 9 4
1097 1099 1164 1169 756 1178
100 92 4 6 1141 6
1189 1191 1097 1099 756 1205 1206 1182
5 4 67 54 945 5 1 106
1251 1254 1255 1256 1097 1258 756 1182 1257 1246
17 5 1 1 71 1 578 81 1 66
1297 1288 1097 1292 1262 1296 1265 1299 756 1269 1300 1182
21 15 6 25 61 11 30 1 759 26 1 180
1334 1325 1262 1296 1265 756 1269 1302 1182
8 4 43 186 168 1186 97 21 262
1346 1357 1262 1296 1265 756 1269 1334 1369 1364 1371 1182
20 14 146 415 66 1577 34 48 2 7 3 303
1424 1418 1262 1423 1296 756 1269 1334 1182
4 11 259 22 299 1611 107 5 453
1456 1444 1449 1418 1453 1262 1455 1296 1458 1459 756 1269 1182
4 79 5 4 6 143 2 87 6 2 1615 264 839
1473 1460 1262 1296 1456 756 1269 1494 1497 1492 1500 1501 1182
16 22 279 200 20 1689 91 26 1 13 2 1 563
1552 1262 1551 1296 1553 756 1269 1561 1562 1565 1182
4 176 9 315 3 1694 15 3 7 6 320
1600 1601 1604 1606 1609 1610 1580 1262 1296 756 1591 1562 1182
6 14 17 5 1 1 7 127 370 1494 14 82 280
1634 1635 1604 1637 1642 1643 1645 1262 1296 1619 756 1591 1562 1182
63 47 22 23 15 8 1 48 543 31 1522 28 131 105
1634 1635 1668 1637 1702 1671 1692 1296 1699 756 1654 1562 1660 1661 1701
39 53 39 176 1 1 4 584 4 1381 3 199 23 6 8
1634 1635 1637 1766 1767 1743 1296 1746 1763 756 1562 1660 1765
33 175 129 2 2 20 579 38 6 1243 84 72 1
1808 1794 1635 1805 1637 1799 1802 1803 1804 1746 1743 1296 1809 1778 756 1562 1807 1660 1790 1797
1 20 140 2 120 2 1 3 12 132 46 375 2 70 1201 326 1 70 66 28
1825 1635 1797 1862 1864 1866 1867 1778 1296 1746 1843 756 1845 1562 1660 1840 1790 1637
31 82 130 4 7 2 1 9 123 167 4 737 11 561 9 14 70 9
1296 1635 1797 1840 1905 1746 1907 756 1911 1880 1913 1562 1884 1882 1790
21 21 92 129 11 283 7 337 6 5 5 316 10 5 10
1797 1950 1840 1746 756 1941 1945 1562 1947 1884 1949 1790
128 1 75 560 344 12 7 344 6 21 3 21
1968 1797 1958 1964 1965 1840 1746 1971 756 1972 1562
3 150 28 3 10 171 800 1 214 2 214
1840 1988 1797 2023 2024 2026 2027 2028 1965 1998 2029 1968 2001 1746 1972 2008 756 1562 2031 1980 2021
160 51 49 2 4 10 1 3 27 112 3 42 23 637 81 4 162 162 1 16 6
1968 2083 1988 2086 2096 2091 2092 2093 1998 2063 1840 2097 1746 756 2094 1972 1562 2095
39 12 4 30 2 2 1 3 233 92 97 1 633 97 1 15 97 1
2147 2150 2086 2151 1998 2063 1840 1746 756 2133 1562 2095 2140
16 7 36 1 250 102 115 622 115 40 115 3 30
2177 2179 2172 1998 1840 1746 756 2169 2164 1562 2140 2173 2174
1 3 1 323 85 871 85 11 35 85 188 2 3
2214 2183 2236 2220 1998 1840 1746 756 2229 2196 1562 2235 2140 2238
46 39 8 7 147 105 862 105 21 55 105 2 238 1
2273 2277 2278 2183 2268 2279 1998 1840 2257 1746 2254 756 2261 2265 2196 1562 2140 2269 2229
9 3 1 173 6 6 108 335 44 928 25 335 11 11 168 335 216 16 12
2273 2310 2183 2323 2313 2311 2316 1998 1840 1746 2291 756 2325 2294 2265 2196 1562 2140 2301 2303
50 23 219 2 22 18 4 268 137 1051 29 137 4 59 26 88 137 226 7 184
2337 2341 2183 2316 2317 1998 1840 1746 2196 2294 756 1562 2140 2330 2334 2303
2 1 74 2 56 430 74 1308 33 150 74 74 605 6 12 170
2384 2183 2369 2346 1998 1840 1746 2387 756 2382 2294 2393 2392 2196 1562 2363 2140 2303
4 88 1 17 167 168 1304 3 168 7 88 1 7 60 168 49 991 61
2464 2448 2466 2183 2445 1998 1840 2465 1746 2449 756 2421 2294 2196 1562 2363 2140 2426 2463
1 7 1 127 29 182 125 1 1314 2 125 50 78 44 125 61 1030 11 1
1840 2512 2502 2183 2504 2509 1998 2511 2480 1746 756 2294 1562 2491 2140
20 1 21 230 2 2 186 1 26 1592 20 186 20 9 1309
2534 2502 2183 1998 1840 1746 2547 2516 2517 2294 756 1562 2491 2140 2533
16 132 186 106 199 1615 7 59 16 106 199 199 42 1441 1
2560 2565 2502 2183 2539 2572 1998 1840 1746 756 2574 2294 2516 1562 2140
4 28 289 341 77 27 43 279 1380 279 2 43 54 279 1168
2608 2565 2502 2183 2539 2516 1998 2612 1840 1746 2611 756 2606 2294 2583 2617 1562 2140
2 2 416 416 62 3 33 17 241 1343 16 241 4 33 5 2 241 969
2657 2658 2502 2183 2140 2539 1840 1746 2643 756 1562 2620 2653
2 1 601 601 1087 67 100 1299 14 100 100 100 5
2502 2183 2140 2539 2706 1746 2707 2678 2620
184 184 1675 16 4 1816 2 110 87
2689 2716 2692 2693 2502 2183 2620 2539 2695 1746 2678 2712 2713 2714 2715 2140 2718
13 2 13 86 255 255 19 70 9 1745 50 7 5 2 6 1699 4
2692 2757 2502 2183 2760 2762 2539 2732 2726 1746 2745 2140
73 17 111 111 2 2 54 2 23 1889 11 1889
2787 2692 2789 2502 2183 2539 2802 2801 1746 2804 2805 2140
111 41 26 22 22 18 23 1 1978 7 1 1978
2787 2852 2853 2502 2183 2539 2802 1746 2854 2836 2692 2140 2845
100 5 3 109 109 13 91 1891 1 7 7 1891 11
2787 2502 2183 2857 2890 2891 2892 2802 2894 2895 1746 2883 2874 2140 2877
316 167 167 72 6 6 5 56 4 1 1833 1 14 1833 14
2787 2502 2183 2857 2925 2927 2928 1746 2921 2802 2140 2877
220 232 232 110 26 12 1 1768 4 1 1768 110
2787 2502 2183 2857 2925 2927 1746 2931 2933 2936 2938 2939 2140 2877 2942 2943
469 137 137 46 11 12 1863 8 19 4 2 2 1863 46 3 1
2787 2981 2502 2183 2857 2962 2990 2993 1746 2996 3002 2140 2877
191 2 8 8 19 90 18 3 1992 5 1 1992 19
2787 3044 3013 2857 3050 3051 2962 1746 3043 2140 2877
250 33 31 74 1 2 37 2000 33 2000 74
3104 2787 3108 2857 3115 3116 2962 3085 3088 1746 3075 3092 3061 3113 3065 2140 2877
8 133 8 219 1 1 84 35 3 2000 9 4 19 1 46 2000 219
3104 2787 3144 2857 3146 3148 2962 3150 3149 3088 1746 3065 2140 2877
20 36 8 272 4 4 267 2 2 25 2000 87 2000 272
3184 2787 3154 3144 2857 3179 2962 3088 1746 3189 3192 3065 2140 2877
3 3 41 101 291 2 155 8 2000 1 3 84 2000 291
3172 3186 3176 2857 3180 2962 3182 3183 3184 1746 3065 2140 2877
1 1 3 233 6 45 8 1 2 2000 163 2000 233
3233 3235 2857 2962 3182 3216 1746 3224 3065 2140 2877 3231
3 8 216 51 16 43 2000 21 87 2000 216 8
3264 3235 3250 2857 3245 3261 3216 1746 3065 3263 2140 2877 2962 3231
1 77 10 604 70 1 15 2000 145 2 2000 604 70 11
3235 2857 3319 3245 3311 1746 3324 3318 3273 3320 3321 3322 3323 2140 2877 3231
120 229 1 169 9 2000 1 12 35 2 4 8 2 2000 229 92
3394 3235 3396 3354 3399 3368 2857 3402 3404 3245 3405 1746 3381 3318 3401 3322 2140 2877 3390 3231
6 224 4 11 6 10 494 2 1 38 2 2000 4 68 1 89 2000 494 7 144
3456 3460 3463 3464 3468 3469 3470 3471 3472 3473 3231 3235 2857 3245 3381 2877 3390 3406 1746 2140 3432 3318 3322 3454
18 6 14 16 2 2 1 5 4 1 129 216 252 204 16 252 48 109 2000 2000 16 201 189 1
3463 3464 3471 3231 3235 3492 2857 3498 3245 3508 2877 3390 3520 3521 3524 3525 3526 3528 3406 1746 2140 3318 3322
70 24 45 320 145 49 442 2 47 18 442 113 3 32 2 4 1 1 47 2000 2000 200 145
3521 3492 3542 3463 2857 3245 3406 3471 3574 1746 3572 3573 3318 2140 2877 3231
35 198 47 47 359 12 12 22 1 2000 11 1 82 2000 359 468
3617 3492 3542 3622 3463 2857 3626 3623 3245 3406 1746 3318 3607 3577 2140 2877 3231
4 158 29 4 60 192 5 5 4 4 2000 200 33 70 2000 192 627
3681 3650 3686 2857 3693 3694 3645 1746 3318 3607 3695 2140 2877 3231
3 114 5 94 1 1 105 2000 359 125 1 2000 94 656
2857 3722 3725 2877 3728 1746 3701 3318 3607 3704 3705 3727 2140 3645 3231
25 7 3 25 1 2000 10 607 31 44 25 6 2000 72 746
3776 3780 1746 3318 3607 3704 3705 2140 3645 3231
12 2 2000 382 14 321 7 2000 56 536
3811 3813 3816 3817 3786 3820 3822 3823 3824 3825 1746 3318 3799 3704 3818 2140 3645 3231
43 4 3 3 42 5 4 2 3 2 2000 337 17 365 1 2000 8 472
3840 3874 3875 3847 3850 3799 3856 1746 3861 3318 3863 3704 3871 2140 3231
5 2 1 40 20 48 2 2000 49 123 15 789 4 2000 430
3840 3847 3850 3861 3863 3231 3879 3881 3883 3887 3890 3898 3899 3900 3901 3904 3907 3908 1746 3799 2140 3318 3704
12 159 108 196 12 230 3 16 20 32 13 3 11 3 11 2 5 2 2000 108 2000 207 1026
3941 3847 3912 3881 3850 3883 3953 1746 3955 3861 3318 3799 3704 3930 3935 2140 3898 3231
5 18 30 55 55 53 1 2000 1 116 145 99 978 54 19 2000 25 87
4001 4002 4003 4004 3912 3883 3979 3989 3983 1746 3861 3318 3799 3704 3999 3930 3231 2140 3997 3935
15 10 6 2 51 13 84 7 2 2000 49 131 134 909 5 49 64 2000 7 99
4001 4054 4053 2140 3979 3989 4049 1746 4056 3861 3318 3799 3704 3930 4055 4028 4029 3231
298 2 14 2000 19 25 6 2000 1 98 250 72 856 98 4 55 2 28
4001 4098 4099 4100 4069 4075 3979 4080 4081 1746 4084 3989 3318 3799 3704 3930 3231 2140 3861
398 2 4 1 12 5 3 1 37 2000 6 113 69 38 578 39 13 2000 39
4001 4099 4069 1746 3861 3799 3704 3930 2140 4125 4126
349 14 5 2000 52 29 705 52 2000 7 5
4001 4161 4138 4173 1746 4179 4180 4182 3704 4185 2140 4126
283 5 13 16 2000 6 2 3 446 2 2000 60
