39 42 44 45 16 17 29
17 24 3 4 7 7 4
98 92 101 103
2 12 2 1
132 101 134 137 138 140 110 145 92
15 123 8 9 1 4 19 1 3
101 134 204 205 206 151 159
93 15 5 3 3 87 111
101 241 232 234 204 209 248 159
101 4 9 15 24 74 4 29
290 293 296 297 299 204 269 270 301 304 209 308 159
7 5 5 3 6 22 23 46 1 3 113 1 22
337 331 332 333 270 335 336 209 338 307 334 310 313 314 309
1 16 20 10 24 1 4 146 3 4 2 21 8 73 8
386 387 393 363 332 270 336 402 371 398 314 403 348 378 351
3 2 2 6 74 61 239 4 16 1 142 1 5 18 28
449 450 421 332 270 336 401 437 438 439 314 411 445
4 2 8 79 308 239 57 24 24 12 93 28 5
480 481 485 489 332 270 336 401 314 476
11 1 2 4 209 462 192 59 209 13
540 332 270 336 314 539 476 542 543
1 291 363 137 291 11 35 3 1
592 577 332 589 270 591 336 593 314 539 557
3 1 202 9 337 2 246 5 202 85 1
545 546 547 548 332 270 336 314 539 540 541
3 1 1 2 350 275 464 350 25 3 11
549 550 583 553 599 332 270 336 598 585 600 314 539
113 73 19 128 6 190 464 266 2 16 2 190 95
610 539 549 550 553 332 270 336 625 658 654 632 314 635 636 638 661
85 8 100 211 169 421 528 29 30 3 10 1 421 73 16 57 2
270 539 673 549 553 684 685 713 697 314 699 701 702 705 706 707 709 712 332 715 716 635 636
694 6 44 100 292 2 26 3 9 5 22 5 17 6 7 2 4 4 5 1 2 58 152
736 673 732 549 737 553 746 749 270 753 697 730 636 733
34 46 20 161 10 215 9 7 679 1 1 10 303 9
673 804 549 553 810 791 814 787 788 270 793 697 636 798
44 5 182 328 6 4 16 142 14 959 28 14 449 37
864 865 835 868 869 839 553 844 270 815 814 787 862 857 863 636 798 549
3 1 22 1 6 68 307 27 1055 10 4 435 16 7 3 712 128 36
879 869 839 553 887 876 270 815 787 798 873 878 863 636 862 549
3 101 99 468 2 3 1030 26 274 46 30 1 36 431 26 131
869 839 553 919 908 549 270 787 916 918 905 920 921 922 923 636 901
68 12 334 3 3 13 873 341 9 5 7 2 2 2 4 526 17
901 839 553 270 946 787 905 921 636 869
33 34 73 934 67 689 77 66 861 59
960 992 869 993 968 553 951 988 270 976 946 787 948 905 921 636 990 991
53 2 12 1 39 134 37 8 1086 19 242 935 8 42 13 952 6 2
960 1008 1051 1028 992 1040 1052 968 553 1010 270 976 946 787 951 921 1019 636 1053
22 1 1 12 4 2 1 166 20 28 827 37 131 807 5 79 43 807 1
960 1062 1052 968 1033 1010 270 976 946 787 1038 1047 1048 921 636 1054 1055
66 5 9 150 20 81 808 28 98 808 16 30 2 364 808 23 14
960 1106 968 1010 1038 946 787 270 921 636 1117 1109 1087
84 9 544 125 91 134 711 711 180 711 7 6 53
960 1154 968 1162 1163 1010 270 946 787 1038 921 636 1087
53 10 886 6 9 8 438 8 438 53 175 438 175
960 1205 968 1193 1200 1197 270 921 787 1204 1038 1206 1175 1177 636 1087
31 10 910 14 10 37 379 71 379 1 105 2 39 26 379 71
960 1205 1222 968 1212 1227 1197 270 1229 787 1038 1208 921 636 1213 1214 1087
18 4 6 959 1 5 48 242 2 242 129 5 66 242 14 2 66
960 1269 1286 1255 968 1289 1290 1291 1197 1038 1262 787 270 921 636 1288 1087
3 10 1 130 678 4 1 1 65 269 9 178 178 145 178 1 145
1344 1301 1255 968 1308 1324 1197 270 787 1038 921 1343 636 1341 1342 1087
1 16 74 642 2 18 64 97 97 421 8 1 97 1 3 8
1394 1255 968 636 1390 1324 1197 1358 1392 1352 270 787 1038 1371 1372 1301
3 168 678 2 2 36 2 42 2 95 2 2 366 2 10 87
1255 968 1324 1358 1352 1427 1428 1038 1431 1301
5 368 114 123 115 9 3 339 2 121
1472 1480 1477 1352 1481 1324 1038 1456 968 1427 1358 1301 1439
2 5 4 399 1 4 266 22 223 54 34 145 46
1539 1540 1542 968 1481 1516 1038 1519 1352 1490 1427 1301 1531 1500 1534 1439
13 2 2 221 10 2 241 1 103 10 14 139 8 79 1 19
1568 1569 1543 968 1546 1038 1551 1352 1427 1301 1559 1561 1562 1500 1565
2 1 9 290 7 254 45 7 51 35 1 3 4 75 6
968 1578 1579 1580 1038 1618 1587 1621 1590 1631 1629 1630 1599
492 18 5 87 253 12 80 15 12 1 1 1 10
968 1579 1580 1038 1647 1618 1590 1655 1629
368 5 156 345 50 66 39 2 2
1696 1698 1699 1700 1702 968 1580 1038 1647 1681 1618 1686 1692 1661 1662
3 14 6 3 2 166 35 480 281 8 281 38 10 32 19
1713 968 1739 1740 1741 1038 1647 1744 1681 1618 1686 1725
4 204 31 31 1 487 242 5 46 242 7 14
1793 1799 968 1801 1739 1038 1647 1681 1618 1806 1713 1807 1791
27 9 98 15 95 567 210 41 210 2 18 2 1
1872 1793 1871 1889 1888 968 1801 1739 1868 1038 1647 1840 1681 1618 1870 1865 1880 1883 1821 1887
3 45 3 1 1 57 147 91 8 546 302 10 188 302 10 39 11 5 11 3
1936 1923 1865 1937 968 1801 1930 1927 1932 1933 1038 1647 1872 1681 1618 1934 1929
2 38 2 3 331 62 36 2 1 1 804 222 24 48 222 3 8
2017 2018 2019 1988 2021 1990 968 1801 1962 1981 1038 1647 1872 1681 1618 2007 2009 1980 1930 1951
7 3 2 25 2 4 263 82 121 16 1206 187 7 37 187 6 2 18 119 15
1988 2023 968 1801 1930 2060 2066 1038 1647 2064 2056 1618 2067 2068 2069 1681 2043 1962 1951
44 11 239 3 156 29 1 1048 254 4 9 254 2 2 1 54 4 128 11
2109 2113 2114 1988 968 1930 2098 1038 1647 2096 2056 1618 2099 2101 2105 2095 1962 2111
1 1 1 30 281 313 4 989 86 3 32 86 10 1 8 3 127 1
2145 2146 2161 968 1930 2158 1038 1647 2056 1618 2099 2154 2152 2159 1962
19 10 1 628 252 3 849 25 34 25 73 3 11 4 241
2210 2214 2215 968 2217 1930 1038 2216 2099 2190 2171 1962
2 5 3 865 2 123 906 3 123 23 90 203
1930 1038 2214 1962 2248 2099 2231 2241 968 2253 2256 2257 2258 2263 2265 2273 2274 2276 2278 2281 2282 2171
196 1128 44 250 34 196 19 68 872 38 45 28 51 18 7 1 4 3 3 3 2 26
2304 2307 2310 2313 1930 2316 2317 1038 1962 2248 2099 2231 2241 968 2253 2256 2258 2276 2282 2284 2171 2300 2301
1 18 1 2 241 6 1 1113 61 30 241 46 233 887 39 177 233 177 32 177 21 31 23
2241 2276 2309 2342 968 2348 1962 2284 1038 2256 2248 2258 2099 2231 2300 1930 2312
293 175 202 46 520 17 67 175 1480 175 103 293 293 17 16 293 7
2309 2312 1930 1038 1962 2248 2099 2241 968 2382 2256 2258 2390 2400 2276 2407 2409 2284 2416 2419 2421 2300
69 149 484 1578 63 58 484 484 422 61 193 484 1 2 193 18 9 193 2 8 7 32
2241 2434 2276 2309 2438 968 2441 1962 2284 2440 1038 2256 2312 2258 2099 2382 2446 2444 2248 1930 2437
524 16 320 16 2 701 6 343 320 3 1299 320 320 524 524 343 2 2 38 524 10
2437 2438 2312 1930 2443 2445 1038 1962 2440 2099 2442 2241 968 2382 2256 2258 2446 2390 2392 2397 2402 2276 2284 2419 2425
9 24 224 401 2 10 1527 249 3 401 9 401 473 249 224 401 2 61 68 72 9 224 224 1 13
2312 1930 2445 1038 2469 2471 1962 2475 2476 2477 2478 2479 2099 2241 968 2382 2256 2258 2390 2392 2397 2276 2284
230 961 83 1639 85 17 131 10 1 13 3 5 961 961 361 131 230 961 95 122 23 230 230
2518 2312 1930 2445 1038 2469 1962 2475 2525 2099 2496 2241 2499 968 2508 2382 2256 2513 2514 2516 2390 2392 2522 2397 2276 2284 2258
4 256 958 36 1742 123 2 27 2 958 5 958 1 258 57 2 256 4 10 4 185 36 3 77 256 256 958
2392 2241 2276 2469 2535 2312 2508 1930 2284 2445 1038 2560 2256 968 2258 2099 2390 2552 2553 2525 2558
95 1249 328 26 18 328 38 1249 328 95 1672 4 328 328 1249 1249 133 19 5 27 2
2592 2241 2276 2469 968 2284 1930 2603 2508 2445 1038 2576 2312 2258 2099 2390 2392 2602 2256
10 1162 218 6 218 218 1162 1 143 46 1782 101 218 1162 1162 84 46 11 218
2312 1930 2445 1038 2576 2392 2609 2099 2620 2623 2241 2626 2630 968 2508 2256 2258 2643 2390 2648 2640 2276 2284
219 1074 14 1781 108 14 27 1074 5 4 1074 15 12 219 85 219 1074 2 159 2 3 219 219
2241 2626 2627 2276 2609 968 2284 1930 2256 1038 2576 2312 2258 2099 2390 2650 2508 2655
1179 128 65 364 35 364 364 1179 364 1636 73 364 1179 1179 31 29 56 2
2241 2626 2276 2390 2695 968 2700 1930 2284 1038 2256 2312 2258 2099 2708 2709 2576 2713 2682 2650
1152 20 330 85 21 330 14 1152 330 1670 330 330 1152 1152 2 8 121 1 16 13
2752 2241 2626 2276 2746 2730 968 1930 2284 1038 2576 2256 2312 2258 2099 2390 2753 2717
7 1402 32 222 1 14 222 1402 222 1778 48 222 222 1402 1402 162 1 48
2241 2818 2276 2822 2823 968 2761 1930 2284 2802 1038 2717 2256 2312 2258 2099 2824 2390 2778 2576 2730
1528 3 171 1 2 171 24 1528 171 33 1829 5 171 171 1528 1528 2 128 16 37 136
2848 2241 2850 2276 2855 968 2761 1930 2858 2284 2802 1038 2576 2256 2312 2258 2099 2862 2390 2857 2730
1 1699 13 72 4 72 23 1699 1 72 20 1928 40 72 72 1699 1699 1 14 2 116
2312 2924 1930 1038 2576 2730 2099 2868 2877 2241 968 2761 2256 2258 2276 2921 2922 2284 2925 2926 2927 2802
173 2 1648 1827 34 71 1648 61 24 1648 173 10 173 1648 173 2 12 173 7 4 1 166
2312 2953 1930 2956 1038 2959 2965 2968 2969 2970 2099 2868 2877 2241 968 2256 2258 2958 2276 2284 2802 2941
414 19 1406 5 1586 4 3 3 1 1 1406 14 5 1406 414 414 1406 32 414 414 163 5
2241 2276 3009 968 2985 1930 2983 2284 2802 1038 2256 2312 2258 2099 2868 2999 3000 2996 3002 3001
1120 574 10 574 12 1120 22 574 343 1426 574 574 1120 1120 6 25 8 9 3 15
2241 2276 2983 2312 3052 1930 2284 2258 1038 3053 2256 968 2802 2099 2868 3000 3038
1120 715 139 715 4 1120 715 1120 1285 5 715 715 342 1120 71 26 1
2241 2276 2983 968 3084 1930 2284 2258 1038 3085 2256 2312 2802 2099 2868 3080 3000 3066 3067
932 891 49 891 1 932 891 932 1109 1 891 891 362 932 91 23 52 95 23
2241 2276 3141 3142 968 3145 1930 2284 2802 1038 3151 2256 2312 2258 2099 2868 3154 3067 3109
1023 719 7 5 719 10 1023 719 334 1281 14 719 719 1023 1023 111 11 11 60
3202 3205 3206 2312 1930 3211 3213 1038 3109 2099 2868 3210 2241 3141 968 3151 2256 2258 3172 3167 2276 3177 2284 2802 3067 3196
3 3 1 860 964 2 2 1140 33 964 143 3 964 95 860 52 860 964 28 20 860 56 860 303 103 7
2312 1930 1038 3269 3246 3248 3272 2099 2868 3253 3256 3262 2241 3266 3268 3141 3271 968 3151 2256 2258 2276 2284 2802 3067
514 1401 1486 5 8 20 2 1401 85 50 4 5 1401 1 1 24 1 514 30 514 1401 514 514 443 550
2241 2276 968 2284 1930 2256 2258 1038 3280 2312 2802 2099 2868 3253 3314 3319 3320 3316 3067 3317
1522 393 393 393 1522 393 1522 1607 154 393 525 1522 85 52 4 4 2 8 205 2
3280 2241 2276 3377 968 1930 3378 2284 2258 1038 2256 2312 2802 2099 3348 3253 3382 3383 3380 3067 3381
323 1928 72 7 72 1928 24 72 1928 1928 72 72 729 1928 16 74 5 3 4 88 10
3456 3457 3458 2312 1930 1038 3442 3378 2099 3380 3381 3253 2241 968 3401 2256 2258 3422 3280 3427 2276 3432 2284 2802 3067 3452 3454
2 3 3 19 1981 1981 4 41 1981 57 38 19 1981 19 98 19 1981 68 471 32 19 16 19 773 118 1 1
2241 3427 3493 3494 3495 3432 3497 1930 3378 3468 2802 1038 3280 3496 2258 2099 3380 3381 3499 3422
2000 15 14 6 4 10 3 2000 117 28 785 2000 614 1 2000 2000 21 73 2 225
2241 3545 3529 1930 3468 3378 1038 3533 3280 2258 2099 3540 3550 3543 2802 3422 3551
2000 14 27 2000 127 158 2000 12 1090 2000 2000 6 8 4 146 67 1
3552 2241 3586 3589 3594 3591 1930 3595 3468 2802 1038 3597 3280 2258 2099 3574 3577 3599 3581 3422
16 2000 24 20 1 1 2000 1 85 350 2000 2 1422 2000 2000 14 20 3 51 73
2241 3586 3654 3649 3656 3625 1930 3655 2802 1038 3599 3280 2258 2099 3637 3639 3626 3422 3647
2000 13 2 7 1 1 2000 2 247 2000 90 1466 2000 2000 8 3 5 2 2
3712 2241 3683 3713 1930 2802 1038 3280 3665 2258 2099 3709 3711
1 2000 2 1 2000 481 2000 1360 11 2000 2000 6 10
3744 2241 3747 3748 1930 2802 1038 3280 3665 2258 2099 3740
2 2000 2 1 2000 503 2000 1495 102 2000 2000 38
2241 3789 3782 3777 3784 1930 3787 3756 2802 1038 3791 3280 3665 2258 2099 3790 3768 3793 3740
2000 1 4 9 2 2000 8 57 512 2000 3 1488 45 2000 2000 1 8 1 23
2241 3843 3844 3793 3816 1930 3756 2802 1038 3280 3665 2258 2099 3824 3836 3837 3838 3839
2000 4 1 66 67 2000 117 302 2000 1698 73 2000 2000 3 17 5 3 1
2241 3877 3878 3816 3881 1930 3756 2802 1038 3280 3665 2258 2099 3861
2000 2 6 60 2 2000 36 212 2000 1788 21 2000 2000 135
3904 2241 3905 3816 1930 2802 1038 3887 3280 2258 2099 3861
2 2000 2 37 2000 222 2000 7 1778 2000 2000 239
2241 3876 1930 3883 3884 3885 1038 3280 3889 2258 2099 3861 2802 3866 3882
2000 40 2000 4 10 10 2000 1832 1 2000 2000 141 168 25 2
2241 3876 3941 3937 3913 1930 3883 3884 2802 1038 3280 2258 2099 3861 3932
2000 50 3 16 31 2000 15 43 231 2000 1769 2000 2000 296 23
2241 3975 3952 1930 3883 2802 1038 3997 3280 2258 2099 3988 3861 3996 3995 3932 3965 3998 3999
2000 34 33 2000 3 118 2000 1 1882 2000 2000 7 548 2 4 1 14 2 4
2241 4072 3975 4040 1930 2802 1038 4093 3280 4081 2258 2099 3861 4087 4088 4089 4090 3995 3965 4062
2000 15 108 5 2000 84 2000 1 1916 6 2000 2000 890 11 5 1 3 2 117 14
4128 2241 4132 4145 4141 4135 4136 1930 3975 2802 1038 3965 3280 4081 2258 2099 3861 4120 4143 4142 4125
1 2000 4 2 2 5 6 2000 33 60 2000 65 1940 90 2000 2000 904 19 1 4 9
2241 4197 4198 1930 2802 1038 4175 3280 4081 2258 2099 3861 4186 3965
2000 5 8 2000 25 2000 4 1975 1 2000 2000 1337 5 8
4224 2241 4211 4227 4229 4199 4233 1930 4203 4236 4206 1038 3280 2258 2099 4235 3861 4228
10 2000 53 1 5 22 2 2000 121 3 3 2000 2000 2000 2000 1 1421 2
2241 4211 4267 4199 1930 4203 1038 3280 2258 2099 4276 3861 4281
2000 22 6 94 2000 193 2000 2000 2000 2000 3 1134 2
4320 2241 4199 1930 4203 1038 4317 3280 4305 2258 2099 3861 4313 4314 4315 4298
3 2000 120 2000 283 2000 5 2000 2 2000 2000 1345 3 1 8 67
4352 2241 4199 4329 1930 4203 4364 1038 3280 4376 2258 2099 3861 4375 4298 4330 4373
19 2000 283 9 2000 187 36 2000 2000 1 2000 2000 1488 6 26 97 23
2241 4199 4393 1930 4203 1038 4413 3280 2258 2099 3861 4298 4330 4414 4415
2000 404 26 2000 143 2000 1 2000 2000 2000 1584 19 153 4 2
2241 4450 4459 4462 4199 1930 4203 4461 1038 4463 3280 2258 2099 3861 4435 4440 4330 4442 4298
2000 23 8 2 233 2000 147 2 2000 2 2000 2000 2000 1634 11 7 41 8 25
4480 2241 4450 4483 4486 4497 4199 4489 1930 4203 4498 1038 4495 3280 4465 2258 2099 3861 4472 4330 4496
32 2000 69 1 2 1 216 29 2000 17 4 2000 8 2000 18 2000 2000 1557 86 38 3
4480 2241 4450 4528 4199 1930 4499 1038 3280 4536 2258 2099 4544 3861 4472 4537 4538 4545
31 2000 180 10 179 2000 91 2000 2000 4 2000 2000 3 1682 107 3 18 1
