64 69 72 73 76 15 57 60 62 63
1 8 1 2 1 5 18 23 28 17
128 129 130 63
3 1 2 30
160 177 178 179 180 181 182 183 185 156
10 1 2 5 3 1 1 1 2 2
232 238 239 178 245 251
5 13 8 116 3 1
257 264 242 238 241 178 243 251 252
5 5 12 77 17 119 10 8 5
295 297 299 300 302 303 238
60 2 3 4 4 3 203
304 326 305 332 238 336 337 339
39 50 7 11 201 10 16 4
358 326 363 364 365 238 304 340 366
16 33 10 32 1 51 255 40 1
417 358 422 385 424 425 426 363 364 238 304 401 408
8 49 11 10 1 2 2 82 13 3 64 38 19
385 358 464 468 469 471 472
24 98 10 3 2 1 2
484 522 523 524 529 531 532 501 533
37 51 7 9 2 8 5 3 1
544 576 578 484 549 582 584 585 529 501 541 575
31 4 2 56 84 6 7 1 21 21 121 4
549 529 593 626 501 631 632 633 541
15 67 38 22 67 4 3 2 139
673 647 541 529 501 638 670 671
5 94 183 170 170 28 7 5
720 529 723 724 501 541 703
18 378 2 1 378 106 79
738 772 777 782 783 529 754 501 703 735
60 10 11 10 9 174 16 174 21 17
848 835 772 843 782 783 816 529 501 847
2 3 84 6 16 83 29 274 274 4
897 772 873 875 816 529 501 885 895 863
1 53 23 15 35 203 203 18 8 79
863 939 941 910 816 529 885 895 501
79 12 9 131 21 168 63 20 168
1001 1003 1004 910 1007 529 501 885 954 987 986 863
3 10 6 21 2 196 196 23 83 7 82 130
1060 1029 1055 1004 910 529 1061 885 954 863 986 501
3 13 3 30 26 277 1 44 81 110 81 277
1088 1091 1066 1004 529 1076 501 885 954 1087 1084 986 863
8 2 8 8 438 24 438 15 3 20 54 3 21
1136 1122 1147 1098 1099 1100 954 986 529 1106 1108 501 1142 885 1146 1135 1084 1117 1109
6 27 1 99 15 23 31 31 304 10 23 304 1 20 2 8 128 18 50
1184 1191 1098 1195 1100 1197 529 1108 885 1174 1172 1194 501
6 13 117 1 64 3 9 78 58 49 4 1 9
1218 1254 1256 1257 1098 1202 1236 1108
29 1 3 3 71 67 43 35
1280 1290 1292 1294 1295 1297 1202 1236 1108 1098
1 12 4 1 1 1 43 33 140 5
1315 1323 1294 1202 1108 1365 1366 1367 1342
79 41 14 50 147 2 10 3 29
1323 1294 1202 1395 1108 1397 1401 1402 1406 1407
51 68 60 11 360 4 6 3 2 1
1408 1440 1294 1202 1108 1429 1431 1434 1439
20 1 287 103 451 1 10 1 3
1474 1507 1510 1511 1512 1513 1515 1506 1294 1202 1108 1493 1500
21 12 2 2 1 2 1 2 355 9 444 14 35
1572 1574 1578 1579 1294 1521 1108 1525 1500
18 9 7 1 248 196 402 9 34
1572 1624 1294 1521 1108 1592 1595 1630
23 14 28 417 671 19 28 6
1572 1671 1294 1521 1108 1624
24 6 32 380 1219 47
1572 1701 1294 1521 1682 1715 1108 1624 1723 1725 1726 1727
140 15 66 483 24 8 870 4 3 4 2 3
1744 1572 1701 1738 1740 1778 1774 1776 1521 1294 1747 1108 1749 1753
17 384 87 106 29 4 10 10 528 8 40 528 22 67
1572 1701 1738 1803 1817 1521 1747 1108 1813 1812 1815 1811 1753 1818
573 286 136 7 1 573 191 568 1 4 5 1 165 2
1857 1858 1859 1572 1701 1738 1521 1747 1108 1845 1753 1851
9 4 1 533 258 275 607 301 732 10 334 11
1572 1701 1894 1905 1738 1904 1521 1747 1108 1909 1910 1911 1880 1753 1907 1884
974 551 30 13 423 12 170 110 521 5 1 1 29 281 5 6
1572 1701 1894 1905 1961 1738 1963 1521 1747 1108 1926 1880 1753 1914 1947 1948 1962
1403 730 71 9 15 673 1 81 81 281 5 44 189 30 4 135 5
2016 1572 1701 1894 1993 1738 2012 1962 2000 1521 1994 1747 1108 1753 1948 2013
3 1057 648 102 10 409 8 2 4 138 2 138 235 82 90 8
2048 2049 1572 1701 1894 1738 1521 1747 1108 1753 2042 2043 1948
2 2 848 621 104 227 281 281 258 98 10 5 90
1952 1953 1572 1701 1961 1738 1965 1521 1747 1108 1976 1753 1981 1957
5 29 1205 1187 14 18 9 304 304 21 6 21 1 2
1953 2018 1572 1701 2017 1961 1521 1747 2014
22 1 1592 1592 9 30 149 149 7
2048 2067 1572 1701 2065 1961 1521 2066 1747 2068 2069 2071
4 11 1735 1735 9 73 209 4 209 11 1 1
2113 1572 1701 2129 1961 2123 2125 2126 2128 1521 1747 2072 2116 2108
15 1788 1788 2 8 6 1 5 6 161 161 19 11 25
2113 1572 1701 2153 2123 2157 1521 1747 2170
122 1649 1649 17 7 14 76 76 5
2113 1572 1701 2224 2193 2227 2201 2207
56 1646 1646 5 12 3 55 54
2272 2113 1572 1701 2249 2201 2271 2207
1 107 1476 1476 16 12 16 12
2113 2308 1701 2280 2313 2314 2318 2322 2326 2327 1572 2271
39 3 1380 21 18 9 14 10 1 1 1380 15
2113 2370 1572 1701 2375 2376 2379 2348 2350 2364
118 6 1849 1849 5 2 1 37 1 6
2432 2434 2435 1572 1701 2348 2421 2429 2430 2405
1 6 2 1925 1925 222 8 2 1 59
2464 2465 2467 1572 1701 2441 2475 2348 2469 2468 2405
2 29 1 1930 1930 122 2 281 4 10 90
2465 2498 1572 2469 2405 2518 2441 2348 2509 2511 2512 2486 2519 1701
7 34 1829 9 12 9 138 127 12 8 6 5 2 1829
2498 2531 1572 1701 2567 2568 2441 2348 2518 2405
234 88 1948 1948 1 1 94 128 12 4
2498 2531 1572 1701 2441 2348 2611 2613 2614 2615 2616 2618
100 19 2000 2000 112 151 2 10 3 1 2 1
2656 2498 2659 1572 1701 2631 2664 2441 2663 2348 2658 2660 2611 2615 2649 2650 2622
7 446 1 2000 2000 24 3 39 20 121 7 7 3 16 136 47 13
2498 1572 1701 2694 2631 2700 2698 2663 2348 2706 2615 2649 2650
419 2000 2000 24 128 7 4 37 300 1 9 160 276
2498 1572 1701 2726 2631 2348 2732 2737 2739 2709 2649 2650 2718
549 2000 2000 14 320 87 12 1 12 55 118 451 37
2752 2785 2498 1572 1701 2631 2760 2348 2709 2774 2650 2779
11 5 741 2000 2000 204 81 24 9 37 462 6
2752 2816 2498 1572 1701 2631 2760 2348 2650 2779 2821
48 7 308 2000 2000 348 21 149 649 80 40
2848 2752 2498 2847 1572 1701 2631 2760 2857 2348 2831 2832 2856 2851 2853 2839 2650 2779 2816 2821
6 10 629 3 2000 2000 222 23 1 165 2 65 4 11 5 46 550 220 5 53
2498 2851 1572 1701 2631 2907 2903 2348 2896 2897 2901 2871 2904 2905 2650 2779 2876
705 70 2000 2000 26 3 5 122 29 8 12 86 1 1 772 324 51
2498 1572 1701 2931 2903 2348 2925 2926 2937 2896 2930 2935 2932 2933 2871 2916 2650 2779 2876
784 2000 2000 1 45 168 4 2 3 80 11 15 13 4 126 41 598 326 2
2976 2498 1572 1701 2985 2871 2348 2896 2999 3001 2650 2779 3002
4 654 2000 2000 27 149 267 25 30 3 643 278 8
3009 2498 3011 1572 1701 2999 2348 3010 3013 2871 3012 2650 2779 3004 3005 3007
5 489 3 2000 2000 213 583 7 1 315 2 457 208 11 27 16
2498 1572 1701 3048 3050 2999 2348 3057 3058 3059 3061 3063 2871 3064 2650 2779 3005 3038 3007
478 2000 2000 16 2 252 613 1 4 4 2 2 332 1 405 478 263 144 41
2498 3107 1572 1701 2871 2348 3106 2999 3097 2650 2779 3100 3005 3038
745 2 2000 2000 186 584 1 303 2 407 745 10 228 23
2498 1572 1701 3159 3112 2999 2348 3165 3120 3142 3130 3162 3157 3158 2871 2650 2779 3100 3005
742 2000 2000 8 8 277 373 13 108 2 37 8 4 3 29 783 742 14 43
2498 1572 1701 3226 2871 2348 3120 3218 3158 2999 3224 3225 2650 2779 3162 3167
853 2000 2000 4 76 257 81 12 176 257 6 4 761 853 31 6
2498 1572 1701 3276 2871 2348 3266 3278 3279 3120 3218 3158 2999 2650 2779 3162
883 2000 2000 14 12 266 18 2 1 210 55 291 266 839 883 156
3296 2498 3323 1572 1701 3305 2348 3308 3310 3120 3218 3286 3158 2999 3320 3322 3162 2779 2650
21 1097 1 2000 2000 24 343 11 32 76 4 10 335 343 8 2 226 1097 560
3372 3162 1572 1701 3366 3367 3368 3371 2348 3373 3374 3375 3120 2999 2498 3158 2650 2779 3365 3305 3322 3323
7 124 2000 2000 31 14 4 7 66 6 3 2 7 66 1392 535 542 1392 11 4 23 16
2498 3419 1572 1701 3366 3367 3401 3415 2348 3373 3409 3412 3390 3158 2999 2650 2779 3420 3421 3422
1058 1 2000 2000 67 42 44 5 33 63 12 3 3 573 33 909 1058 2 2 3
2498 1572 1701 3366 3463 3367 2348 3373 3458 3469 3470 3415 3158 2999 2650 2779 3450
848 2000 2000 166 24 39 25 68 33 7 2 12 618 25 1127 848 23
2498 1572 1701 3366 3367 3469 3534 3373 3158 2650 2779 3450 3533
742 2000 2000 69 60 104 7 46 588 1258 742 6 2
2498 3579 1572 1701 3367 3561 3373 3469 3158 3577 2650 2779 3580 3578
245 4 2000 2000 25 33 66 53 106 6 1755 245 1 2
2498 1572 1701 3628 3373 3631 3634 3635 3636 3637 3158 2650 2779
399 2000 2000 4 174 16 1 4 2 2 85 1601 399
2498 1572 1701 3687 3689 3373 3697 3699 3669 3158 2650 2779
501 2000 2000 7 29 260 2 1 13 74 1499 501
3744 3745 2498 1572 1701 3689 3711 3373 3714 3158 3737 2650 2779 3749
1 6 387 2000 2000 1 43 257 38 121 38 1613 387 9
3792 2498 1572 1701 3783 3786 3788 3373 3760 3714 3737 3780 2650 2779 3158
1 301 2000 2000 2 30 5 110 30 125 3 25 1699 301 191
3865 2498 3867 1572 1701 3786 3833 3820 3714 3855 3760 3862 3797 3158 3863 3373 3780 2650 2779 3866 3861
1 273 2 2000 2000 155 17 41 253 11 128 2 9 263 6 10 51 1727 273 2 9
3905 2498 1572 1701 3912 3786 3714 3918 3760 3921 3892 3158 3908 2650 2779
33 690 2000 2000 5 201 131 4 35 3 18 690 2 1310 690
3936 3905 2498 1572 1701 3969 3786 3714 3918 3968 3158 2650 2779 3964 3962 3966 3967
14 272 470 2000 2000 3 135 263 71 3 470 1530 470 3 1 10 1
3936 3905 2498 1572 1701 3786 3714 3984 3989 3158 3991 3992 2650 2779
195 210 540 2000 2000 145 127 17 8 540 3 2 1460 540
3936 3905 2498 4027 1572 1701 4038 4008 3786 3714 4052 3158 4054 2650 2779
74 29 407 16 2000 2000 7 55 96 324 1 407 2 1593 407
3936 3905 3714 1572 1701 4097 4008 3786 2498 4093 4083 3158 4088 2650 2779 4061 4094
82 73 580 2000 2000 5 61 95 317 28 28 317 31 1683 317 32 6
3936 3905 3714 1572 1701 4008 3786 4150 2498 4145 4146 4138 4149 3158 4152 2650 2779 4061 4126
188 81 743 2000 2000 83 201 4 331 5 3 17 5 331 1 1669 331 83 18
3936 4160 2498 4195 1572 1701 4199 4201 4138 3714 4202 4189 4180 4126 3158 2650 2779 3786 4194 4197
106 22 218 11 2000 2000 3 2 39 807 3 18 50 5 218 1782 218 119 14 6
3936 4160 2498 1572 1701 4226 3786 3714 4237 4241 4243 4244 3158 2650 2779 4246
217 33 338 2000 2000 24 85 471 7 3 12 3 338 1662 338 1
3936 2498 4227 1572 1701 4231 4234 3714 4238 4239 3158 2650 2779 3786
181 269 8 2000 2000 19 2 615 1 1 269 1731 269 3
3936 2498 1572 1701 3714 4270 4272 4273 3158 4249 2650 2779
75 220 2000 2000 714 24 26 3 220 8 1780 220
3936 3714 1572 1701 4326 4329 4300 2498 4303 4272 3158 2650 2779
176 729 2000 2000 2 1 52 278 7 36 278 1722 278
3936 4368 2498 1572 1701 4300 3714 4384 4272 4371 3158 2650 2779 4378 4382 4357
295 8 470 2000 2000 63 840 1 44 11 470 1530 470 13 3 2
3936 3714 4406 1572 1701 4392 4300 2498 4272 4401 4402 4403 3158 2650 2779 4382
161 1262 3 2000 2000 39 18 214 7 17 4 2 214 1786 214 135
3936 3714 4443 1572 1701 4422 4426 2498 4272 4382 3158 4441 2650 2779 4446
139 1633 1 2000 2000 71 48 139 21 35 139 15 1861 139 25
3936 3714 1572 1701 4426 2498 4431 4433 4434 4429 3158 2650 2779
93 1649 2000 2000 166 93 8 1 1 2 93 1907 93
3936 4481 3714 1572 1701 4489 4426 4491 4492 2498 4495 4496 4497 4498 3158 2650 2779
145 10 1668 2000 2000 16 98 1 1 145 4 3 3 1 145 1855 145
3936 4545 3714 1572 1701 4552 4426 2498 4557 4564 4565 3158 2650 2779
24 14 1893 2000 2000 9 76 24 3 2 1 24 1976 24
3936 3714 4571 1572 1701 4551 4566 4426 2498 4559 4565 3158 2650 2779 4570
113 1725 5 2000 2000 38 17 162 113 5 6 113 1887 113 7
