8 14
18 4
37 14 47 19 55 24 58 15 60 61 62
5 59 11 68 1 5 10 5 5 2 4
71 104 109 14 19 110 88 58 93
5 5 7 138 31 1 126 80 71
109 14 88 120 122 93
32 10 135 22 1 45
131 169 142 163 149 88 121 158
15 4 24 2 19 73 31 2
131 167 173 142 207 208 209 210 149 88 121 188
39 45 110 75 13 2 1 4 15 95 125 75
167 236 173 142 207 240 248 242 238 215 88 121 251 188 253 254 245
6 3 55 24 54 2 3 11 7 213 280 50 5 92 1 1 5
167 296 298 299 300 173 238 207 280 242 301 88 188 255
113 1 6 2 3 192 22 307 7 22 3 275 307 3
352 353 354 355 356 167 173 238 207 336 344 242 88 188
5 3 5 2 1 19 226 98 156 9 16 33 382 156
389 391 392 173 238 207 400 401 242 373 398 88 397 399 188
1 6 5 360 300 247 1 1 60 26 14 162 1 3 247
384 388 389 173 238 207 373 88 188 381
4 1 4 241 241 259 3 389 259 7
423 173 238 207 433 435 436 437 88 429 188 415
3 408 408 71 12 4 1 1 457 6 71 55
449 451 452 458 173 238 207 472 435 438 88 473 474 188 445 415
8 17 33 6 463 463 113 5 89 61 660 1 3 113 32 134
505 516 535 522 523 173 238 207 520 435 532 534 503 88 452 188 415
3 23 2 3 4 327 327 203 1 52 1 2 19 643 15 203 123
571 516 572 556 173 238 207 563 565 567 88 569 570 559 188 415
1 6 1 1 436 436 238 3 2 8 291 2 4 33 238 63
583 587 588 173 238 207 600 598 599 88 188 589
9 10 5 284 284 177 2 2 2 604 177 7
653 610 648 617 652 173 238 207 649 88 655 188
5 11 1 26 12 267 267 192 9 987 5 192
685 678 617 173 238 207 691 660 686 681 88 692 655 188
7 14 43 133 133 86 1 5 5 20 1085 2 61 86
731 740 744 617 745 716 173 238 655 727 88 207 188 733 719 735
19 2 12 12 1 99 105 105 9 36 1077 72 72 5 2 29
802 803 716 173 238 207 754 88 731 188 733 799
1 2 5 100 100 220 81 1123 116 220 48 3
846 806 849 841 844 173 238 207 817 754 814 88 731 188 733 831
1 118 2 4 1 188 188 5 5 187 21 1408 219 5 114 26
835 806 839 840 173 846 847 238 754 814 823 88 731 845 831
4 55 8 5 22 3 1 22 59 99 6 1462 122 4 4
864 891 806 903 904 906 908 909 814 754 887 88 731 860
21 1 65 3 27 3 6 2 76 65 1 1491 65 68
960 961 814 932 942 947 949 88 953 860 959
1 1 1 45 6 3 13 1491 1 73 2
994 998 999 1001 1002 1003 814 952 942 982 88 991
5 1 4 4 4 3 19 114 71 5 1406 6
1026 1028 1001 1037 942 1007 952 814 1046 88 1049 1050 1051 1045
3 69 8 47 61 22 227 27 3 1476 2 1 1 2
1120 1026 1028 1094 1073 1001 942 952 1107 88 1113 1115 1116 1119
1 3 90 18 4 157 59 230 13 1610 6 2 5 3
1026 1028 1001 1130 1132 942 952 1143 88 1112 1149 1150
81 99 563 5 1 151 201 17 1586 37 3 1
1152 1026 1028 1001 942 1176 952 1173 88 1177
25 148 184 384 216 5 6 10 1446 2
1152 1026 1028 1189 1224 1001 942 1244 1237 88 1242 1179 1180
11 163 414 42 16 354 420 1 4 1702 1 20 284
1026 1028 1254 1255 1257 1258 942 1263 1236 1262 1001 88 1179 1180
174 457 15 16 11 2 189 5 11 3 192 1629 59 184
1026 1283 1028 1319 1288 1001 1322 942 1321 88 1307 1179 1180
591 42 351 2 13 32 2 17 7 1227 13 231 32
1026 1307 1028 1351 1352 1001 1359 1368 1364 1340 1366 1367 88 1337 1179 1180 1365
552 2 527 8 51 46 1 1 5 7 2 3 1184 25 388 46 5
1408 1409 1026 1179 1028 1413 1414 1351 1352 1412 1410 1391 1400 1411 88 1337 1307 1405 1406 1407
4 1 736 493 367 2 1 139 14 5 6 7 11 4 1113 13 111 18 7 8
1472 1473 1026 1179 1028 1351 1451 1476 1475 1429 88 1433 1307 1469
2 2 862 820 187 33 35 1 1 33 1058 37 288 4
1473 1026 1307 1028 1351 1451 1517 1540 1501 1429 88 1433 1530 1179 1533
46 737 95 152 38 62 22 2 37 38 1161 93 12 737 7
1026 1028 1541 1551 1429 1433 1179 1566 1307 1607 1582 1583 1586 1591 1600 1473 1603 1351 1609 88 1501 1517 1530
823 40 143 36 12 16 823 14 95 1 14 63 1 20 6 82 11 12 2 1088 11 17 18
1473 1026 1179 1541 1641 1643 1646 1583 1624 1635 1652 1653 88 1307
124 790 790 291 29 3 4 89 31 49 4 2 1210 389
1728 1473 1026 1179 1541 1703 1583 1624 1714 1635 1726 88 1307 1724 1711 1694 1727
1 12 427 427 529 22 220 5 5 135 2 1573 621 7 15 11 1
1755 1761 1026 1635 1732 1541 1734 1730 1583 1179 1764 88 1759 1307 1760 1758 1765
3 7 367 446 5 451 51 24 192 367 1 1633 5 846 15 7 2
1026 1635 1732 1541 1734 1767 1794 1583 1795 1179 88 1787 1307
296 435 63 562 8 191 8 174 3 296 1704 29 853
1846 1026 1787 1796 1541 1767 1831 1836 1583 1841 1635 1179 1845 1814 88 1307 1822
1 345 54 42 828 279 6 10 59 2 378 345 2 108 1655 725 24
1026 1179 1796 1541 1767 1836 1858 1583 1635 1859 1814 88 1860 1787 1307
378 378 101 827 508 21 28 143 175 6 179 1622 24 50 652
1026 1179 1796 1541 1767 1933 1929 1930 1935 1858 1934 1583 1635 1814 88 1922 1787 1307 1923 1918 1919
357 357 236 527 160 1 3 5 1 33 2 86 187 119 1643 2 31 1030 1 11 3
1026 1179 1796 1541 1958 1959 1967 1962 1767 1965 1583 1963 1635 1814 88 1787 1307 1951
258 258 112 665 12 11 3 18 287 3 111 1 226 45 1742 32 966 59
2032 1026 1787 1796 1541 1767 2011 2027 2030 1583 2031 2033 1635 88 1307 1179 1980 2019
1 402 132 88 679 163 4 5 7 47 5 1 151 1598 872 402 153 12
2081 1026 1307 1796 1541 1635 1767 2057 2090 2027 2093 1583 2091 2066 2051 1179 88 1787 1980 2078 2053
24 173 662 4 1097 144 317 46 1 96 3 68 3 12 51 173 1827 99 138 41 12
1026 2051 1541 2057 2066 1179 1307 2094 1583 1980 2117 2129 2131 88 2138 2141 2142 2143 1635 1767 2027 1787
102 33 1041 52 10 102 824 37 33 216 17 12 1 1898 1 4 1 3 34 381 220 85
1026 2051 1541 2183 2185 2191 2192 2193 2066 2195 2197 1179 1307 2094 1583 2057 1980 2129 2155 88 1635 1767 2153 2154 2027
92 46 847 15 5 4 2 3 91 1 2 92 1015 6 46 168 40 211 30 1908 8 493 21 11 216
2155 1541 1767 2216 2057 2027 2222 2129 2066 2243 2249 88 1307 2183 2247
175 1063 576 16 357 361 15 492 18 3 3 2000 937 179 3
2155 1541 1767 2057 2027 2286 2288 2129 2299 2295 88 2297 2298 1307 2268 2296 2279
88 650 214 191 382 5 8 801 1 1 2000 1 2 1350 60 4 18
2155 1541 2342 1767 2312 2057 2027 2349 2129 2325 88 2298 1307 2268 2335
11 253 1 34 15 34 149 2 1183 13 2000 146 1747 44 1
2392 2400 2370 1541 1767 2312 2057 2027 2375 2385 2129 2387 2388 2390 2391 88 2298 1307 2268 2397 2398
2 1 16 376 85 15 85 211 7 1 851 2 4 9 3 2000 286 1624 11 3 1
2433 2434 2027 1541 1767 2057 2442 2375 2129 2388 88 2298 1307 2429
15 28 33 405 337 337 8 184 789 4 2000 498 1595 9
2375 2491 1541 1767 2057 2027 2129 2483 2452 2486 2487 88 2298 1307 2490 2495
2 6 398 391 391 7 728 4 1 5 10 2000 626 1602 6 3
1541 2584 1767 2057 2572 2559 2576 2129 2581 2582 2583 88 2298 1307 2524 2556 2501
546 1 546 546 1 5 8 622 1 5 2 2000 431 1454 22 32 46
2608 1541 1767 2600 2057 2606 2524 2576 2129 2610 2612 2609 2601 88 2298 1307 2556 2589 2559
2 708 708 1 708 1 39 159 223 2 4 1 5 2000 688 1292 39 21 127
1541 2665 1767 2057 2670 2576 2129 2673 88 2649 2298 1307 2684 2655
996 1 996 996 10 336 22 2 2000 3 620 1004 2 4
1541 1767 2705 2057 2698 2700 2670 2703 2576 2129 2706 2677 2680 88 2298 1307 2686
1074 1074 2 1074 11 2 115 2 499 99 1 9 4 2000 571 926 45
2736 1541 1767 2057 2670 2576 2129 2739 2742 88 2745 2298 1307 2746 2686
116 1394 1394 1394 35 717 22 9 8 2000 3 547 606 1 7
2576 2753 1541 2779 1767 2057 2759 2776 2670 2767 2736 2129 2772 2742 2775 88 2298 1307 2780
694 7 1092 2 1092 1092 46 3 66 14 71 63 3 57 9 2000 779 908 1
2816 2736 2820 1541 1767 2824 2057 2826 2759 2670 2576 2821 2742 88 2804 2298 1307 2817 2815
4 206 12 1214 1214 6 1214 6 8 136 608 2 153 2000 4 650 786 2 16
2736 2850 2889 1541 1767 2057 2890 2887 2670 2576 2834 2742 2871 88 2298 1307 2844 2877 2878 2815
200 208 1 1543 1543 1543 1 2 42 561 82 114 1 2000 415 457 3 4 13 63
1541 2951 2057 2954 2955 2956 2957 2959 2576 2834 1307 2850 2736 2742 2953 88 2909 1767 2670 2298 2939 2940 2815
1611 5 1611 2 4 1 2 2 730 55 389 274 57 35 15 2000 5 1611 42 347 45 3 83
1541 2057 2576 2834 1307 2850 2982 2985 2736 2993 2742 3011 3013 3016 3018 3019 88 1767 2670 2298 2939 2940 2815
1526 1526 594 68 474 358 2 23 85 10 57 3 4 4 1 1 2000 1526 63 411 6 23 40
3072 1541 2057 2576 2834 1307 2850 2985 2993 2815 3025 88 3040 3044 1767 3049 3050 2670 3057 3060 3065 2298 3067 3069 3071
1 1673 1673 712 16 327 291 119 23 62 27 2000 3 65 1673 41 15 36 55 5 3 291 2 1 2
1541 2057 3083 3086 2576 2834 1307 3105 2850 2985 3114 3118 3119 2993 3122 3124 3127 3128 3129 3131 3106 88 1767 3050 2670 3113 2298 2815
1562 1562 6 33 501 7 438 17 279 78 13 7 4 83 5 5 8 1 4 1 59 2000 1562 88 83 6 355 96
2850 1541 1767 3176 2057 3050 3083 3118 2576 3185 3186 3155 3188 3182 2985 88 2298 1307 3114 2815
356 1565 1565 6 1565 29 3 142 568 1 1 4 4 5 19 2000 435 435 20 153
2850 1541 3238 1767 2057 3050 3243 3118 2576 3221 3223 88 2298 1307 2815
140 1536 7 1536 1536 7 6 70 429 4 43 2000 464 464 94
2850 1541 3270 1767 2057 3050 3275 3118 2576 3283 3284 3273 88 2298 1307 2815
286 1711 1 1711 1711 77 4 136 610 5 3 9 2000 289 289 113
3312 2850 3299 1541 1767 2057 3050 3118 2576 88 2298 1307 3324 3326 2815
3 25 35 1742 1742 1742 461 25 940 2000 258 258 16 1 107
3367 1541 1767 2057 3050 3371 2576 3377 88 2298 1307 3326 2815
5 1936 1936 1936 529 10 1164 2 2000 64 64 32 77
3360 1541 3334 1767 2057 3050 3371 3343 2576 3345 3350 88 3370 2815
49 2000 75 2000 2000 399 1 15 1066 7 12 2000 9 136
3360 3392 3395 1541 1767 2057 3050 3404 2576 3424 3408 3350 88 3417 3423 3390 2815
5 14 33 2000 2000 2000 248 2 1171 1 28 24 2000 18 3 15 8
3458 3459 3460 1541 3462 3463 2057 2576 3350 3461 3390 88 3421 3426 3429 1767 3050 3431 3436 3440 3442 3444 3454
8 10 1 2000 3 3 2000 1317 33 2 1 2000 79 43 29 2000 229 36 18 3 25 5 3
3426 3523 3524 1541 3526 1767 2057 3050 3350 2576 3506 3509 3510 88 3514 3516 3421 3518 3525
14 1 1 2000 2 2000 2000 33 55 1210 9 71 23 2000 16 3 85 1 1
3585 3426 1541 3590 1767 2057 3591 3350 3567 2576 3566 3542 88 3421 3550 3589
2 102 2000 2 2000 2000 2 58 79 1323 52 53 2000 158 44 2
3585 3426 1541 1767 2057 3628 3630 3567 2576 3635 3350 88 3421
135 113 2000 2000 2000 18 12 240 1255 5 9 2000 141
3648 3585 3426 1541 3680 1767 2057 3659 3628 3567 2576 3672 3681 88 3673 3642 3421 3646
41 154 2 2000 2 2000 2000 4 74 363 1086 1 2 2000 5 2 120 24
3648 3585 3741 1541 1767 2057 3567 2576 3736 3735 88 3739 3740 3421 3742
92 300 1 2000 2000 2000 631 1329 10 8 2000 1 4 251 1
3648 3585 1541 1767 2057 3567 2576 3800 3781 3785 88 3809 3421 3806 3807
105 287 2000 2000 2000 483 1247 27 13 14 2000 4 464 11 21
3648 3585 3869 1541 1767 2057 3850 3863 3567 2576 3800 3858 3785 88 3866 3868 3421 3807
13 185 3 2000 2000 2000 17 9 122 1105 9 10 119 2000 2 4 356 19
3904 3585 3920 1541 1767 2057 3882 3927 3885 3886 3567 2576 3921 3923 3924 3926 3785 88 3900 3421
17 239 7 2000 2000 2000 23 3 17 72 7 1064 3 2 3 4 102 2000 9 492
3904 3585 1541 1767 3976 2057 3975 3980 3982 2576 3985 3986 3785 88 3421 3941
124 318 2000 2000 3 2000 3 9 2 1228 5 1 29 2000 701 14
3904 3585 4048 1541 1767 2057 4055 4044 4001 2576 4049 4051 4046 4054 4057 88 4004 4058 4028 3421 3941
65 277 29 2000 2000 2000 1 90 4 830 6 35 3 4 1 2000 15 1 85 550 19
4096 3585 4100 1541 4104 2057 4111 2576 4114 4115 4101 4004 4028 3904 4044 4051 88 3421 4112 4069 1767 4073 4074 4078 4085
1 243 2 2000 13 2000 20 909 6 1 57 48 75 262 69 40 2000 591 2 29 2000 40 54 6 21
3904 3585 4073 4004 1541 1767 2057 4147 2576 4145 4051 4148 4150 4137 88 4153 4154 4028 3421 4069
327 134 6 11 2000 2000 2000 8 1082 6 89 7 11 6 2000 2 2 7 755 11
3904 3585 4164 1541 1767 2057 4174 2576 4177 4178 4051 4148 4182 88 4180 3421 4159
269 202 70 2000 2000 2000 4 587 35 1 4 3 1 2000 2 318 3
3904 3585 4164 1541 4198 1767 4193 2057 4202 2576 4177 4210 4211 4212 4213 4214 88 4196 3421
194 250 9 2000 1 2000 1 2000 7 511 109 2 1 2 2 1 2000 7 317
3904 3585 4259 1541 1767 2057 4256 4269 2576 4177 4273 88 4249 4250 3421 4222
314 399 28 2000 2000 2000 1 3 409 274 1 2000 4 6 95 12
3904 3585 4323 1541 1767 4296 2057 4330 4300 4333 4334 4335 2576 4177 4307 4332 4329 88 4313 4259
449 132 4 2000 2000 89 2000 2 13 1 1 3 449 365 9 3 3 2000 8 5
3904 3585 4387 4388 1541 1767 4392 2057 4394 4391 4300 2576 4177 4393 88 4383
290 42 5 27 2000 2000 5 2000 2 8 20 290 308 4 2000 4
3904 4448 4450 4451 1541 4177 1767 3585 2057 4426 4430 2576 4440 4404 4405 88 4444 4445
301 5 1 2 2000 179 2000 23 2000 30 71 301 41 52 47 2000 9 5
3904 4472 4483 4484 1541 4486 1767 2057 4490 4492 4430 2576 4177 3585 4494 4489 88 4440 4475 4445
562 19 1 6 2000 3 2000 2000 9 4 83 562 37 37 2 1 2000 5 20 118
3904 3585 4536 1541 1767 2057 4522 4524 4430 2576 4177 4530 88 4505 4475 4445
346 57 7 2000 2000 2000 30 3 309 346 47 7 2000 32 95 32
3904 4545 1541 1767 4583 2057 4551 4430 2576 4177 4594 4593 3585 4592 88 4505 4475 4574 4581
290 103 2000 2000 2 2000 26 320 290 215 1 2 193 2 2000 71 81 14 3
3904 3585 1541 4551 4583 2057 1767 4620 4621 4430 2576 4177 4545 4625 88 4505 4607
367 253 2000 78 156 2000 2000 8 15 130 367 219 30 1 2000 114 20
3904 3585 4632 1541 4551 4583 2057 1767 4430 2576 4177 88 4505 4634 4635 4637
154 561 5 2000 42 407 2000 2000 111 154 50 2000 48 1 2 2
3904 3585 1541 1767 4664 2057 4583 4430 2576 4177 4672 4654 4649 88 4505 4668 4669 4670 4671
85 422 2000 2000 5 2000 369 412 85 125 3 18 33 2000 85 3 9 2 3
