68 72 43 78 79 62
5 9 36 2 1 4
116 130 131 68 104 43 111 113 84 117 132 120 89 125 126
21 2 3 94 21 22 16 11 29 19 1 4 10 9 4
139 68 165 170 43 142 144 113 153 126 159
20 60 13 3 77 55 12 12 147 32 30
197 199 202 175 181 153 165
3 8 2 14 70 166 8
224 257 256 240 243 153 251 254 223
11 4 1 2 5 247 12 2 54
289 291 296 297 301 302 304 305 306 307 280 153 223
4 4 11 2 3 3 6 1 2 2 11 252 38
225 258 227 264 265 266 267 268 247 153 223
120 7 66 7 19 4 1 3 10 347 26
225 227 265 301 302 306 307 278 280 153 223
124 24 101 21 5 3 1 15 24 522 64
225 356 325 326 327 265 331 366 335 368 369 370 339 153
16 12 157 28 34 299 83 27 5 2 1 1 28 262
325 326 327 265 391 428 429 430 432 339 153 410 421
90 13 90 711 23 5 12 2 1 13 124 1 2
473 452 265 468 469 471 153 442 475 446
3 20 1213 25 30 7 39 6 3 51
481 488 265 490 489 472 479
3 2 1539 3 1 28 4
512 513 517 518 520 265 522 523 503 504 505
12 18 2 9 3 1387 8 1 66 54 65
546 549 265 503 533 537 504 505
1 1 1419 44 17 8 160 4
265 589 590 592 593 503 504 569
1303 12 24 2 2 47 101 139
613 265 589 596 503 504 569 602 603 604 606
4 1616 141 43 86 14 54 68 29 29 23
672 673 674 569 647 616 265 589 665 656 659 660 606 503 596 602 603 604 638
5 1 1 1 4 15 1770 65 3 31 14 18 71 49 1 92 5 339 42
704 707 710 265 589 689 638 503 602 604 606
1 1 2 1815 62 59 121 119 69 350 346
740 265 754 755 606 503 731 604 638 735
9 1967 5 3 181 45 34 565 160 3
768 772 265 781 783 638 758 503 763 604 606 767
20 2 2000 1 1 121 16 146 16 158 282 7
772 265 812 820 606 758 503 763 638 821
50 2000 82 85 167 204 305 204 48 1
859 772 838 841 265 875 812 877 878 879 880 820 876 758 503 763 606 853
9 82 20 8 2000 4 12 1 2 3 1 103 5 101 266 101 152 7
928 772 934 265 907 820 758 503 763 924 606
58 22 2 2000 34 128 404 260 404 14 19
992 928 996 1014 998 999 968 265 907 772 1008 1011 820 1013 758 503 1012 763 988 959
22 107 4 1 13 7 10 2000 57 10 2 2 198 4 152 322 4 152 91 21
992 928 1026 1051 772 998 999 265 1031 1037 1052 1012 758 503 820 1050 763 988 1049
30 77 17 1 9 19 64 2000 8 4 1 15 39 484 134 2 39 1 25
928 772 998 1096 265 1097 820 758 503 1049 763 1085
52 32 94 3 2000 7 3 43 284 23 43 17
1121 1122 1123 998 265 1110 503 1112 1119
30 7 3 73 2000 41 269 21 5
1152 1121 998 265 1133 1166 1167 1169 1110 503 1112
14 4 96 2000 10 1 1 1 15 397 35
1152 1186 998 1192 265 1195 1201 1203 503 1182
203 40 111 40 2000 28 6 2 419 1
1152 1186 1254 998 265 503 1260 1230 1257
154 27 11 98 2000 492 2 34 10
1152 998 265 1292 1296 1297 503 1289
308 21 2000 3 4 5 536 5
1152 1367 1355 1348 1382 1384 265 503 1361 1364 1335 1369 1372 1353 1375
205 7 4 46 5 1 2000 284 50 8 36 23 10 33 1
1152 1348 1384 265 1428 503 1369 1353
304 39 8 2000 91 467 51 12
1152 1472 1348 1465 265 1459 1428 1461 503 1369 1468 1470 1439
196 1 33 4 2000 3 333 4 643 46 16 3 2
1152 1537 1541 265 1546 1548 1549 1550 1521 1428 1504 503 1369 1468
85 54 7 2000 6 2 1 3 28 589 1 707 97 99
1152 1537 1572 1574 265 1588 1551 1554 1428 1590 503 1369 1468
42 219 14 19 2000 4 56 36 701 3 743 102 156
1152 1537 1643 1605 1607 265 1610 1639 1644 1428 503 1369 1468 1642 1630
60 136 3 11 27 2000 35 11 3 754 814 104 142 8 68
1152 1665 1537 265 1428 1681 1684 1687 1690 1693 1697 1700 1701 1703 1468 1610 1369 1630 1643 1652 503 1657 1662
50 45 108 2000 681 10 4 16 16 8 2 6 2 1 23 29 169 100 240 14 731 80 46
1152 1665 1762 1739 1769 1537 265 1643 1703 1774 1750 1777 1428 1718 503 1369 1657 1722 1630
46 80 7 8 11 34 2000 12 8 6 2 1 625 57 671 232 132 25 106
1152 1665 1799 265 1802 1783 1428 1790 1718 503 1369 1789 1630 1791
71 46 2 2000 3 11 678 20 9 749 64 9 115 13
1152 1665 1832 265 1834 1835 1837 1839 1840 1809 1428 503 1369 1630
137 53 2 2000 4 1 1 2 2 13 545 682 53 91
1152 1888 1890 1878 1665 265 1838 1871 1872 1875 1428 1846 503 1876 1369 1883 1630 1887
407 4 2 8 20 2000 52 41 33 3 654 87 1061 10 20 3 125 2
1152 1665 1920 1904 265 1903 1872 1428 1846 503 1369 1917 1630
555 27 1 6 2000 24 59 488 65 1043 27 17 183
1152 1957 265 1975 1964 1903 1872 1971 1428 1973 1846 503 1976 1978 1979 1630
851 12 2000 2 12 158 242 2 181 39 21 1032 3 2 1 275
1152 2000 1986 2032 265 2026 1995 1964 1903 1872 2033 1428 1973 503 2041 2045 2031 2044 2046 1630
685 165 20 18 2000 11 25 74 63 206 24 214 90 899 2 2 10 1 1 343
1152 2000 2051 2032 265 1995 1964 1903 1872 2033 1428 1973 503 2068 2031 2044 1630
1079 89 17 53 2000 40 127 58 208 15 170 170 1249 3 159 30 52
1152 265 1428 2069 2074 2031 1964 1973 2106 2109 2110 2115 2117 2120 2122 1995 2000 1630 1872 1903 2033 503 2044
955 2000 204 55 63 231 35 204 13 7 9 7 1 1 2 41 74 26 172 108 72 1159 80
1152 2159 2152 265 1995 1964 2158 2031 1872 2033 2155 1428 2069 503 2135 1903 2044 2074 1973
672 4 12 2000 230 72 5 226 289 38 11 65 335 737 51 33 248 28 65
1152 265 2188 2196 2069 2200 2201 2202 2159 2207 2210 2211 2212 2213 2214 1964 2167 1995 1872 2135 2172 2155 2031 2033 2164 2166 503 2044
966 2000 9 21 267 2 2 7 9 3 7 7 3 1 3 198 60 101 263 1 64 71 367 37 71 81 966 204
1152 2240 1995 265 2155 1964 2031 1872 2033 2226 2164 2069 2166 503 2234 2167 2044 2237 2238 2207
715 6 37 2000 23 23 461 286 45 8 23 329 37 715 9 51 390 9 2 45
1152 2304 2274 1995 2276 265 2282 503 1964 2031 1872 2258 2155 2164 2069 2166 2167 2296 2281 2044 2302
581 2 10 116 19 2000 17 581 1 350 196 30 1 1 99 116 105 7 10 515 4
1152 2369 2315 2372 2309 265 2282 2167 2348 1995 2031 1872 2069 2166 503 2330 2363 2044
778 5 14 6 50 2000 169 207 121 50 279 348 30 50 778 14 22 320
1152 2416 1995 2309 2412 265 2282 2167 2348 2413 2031 1872 2417 2415 2069 2166 503 2396 2393 2411 2044
986 6 42 25 8 2000 65 209 190 2 96 554 2 6 61 42 986 43 14 25 297
1152 2497 2496 2501 2471 265 2282 2167 2476 2487 2031 1872 2482 2452 2069 2348 503 2044 2485
1144 14 8 1 13 2000 223 373 84 2 223 211 31 4 185 153 1144 422 7
1152 2544 265 2282 2167 2348 2031 1872 2515 2452 2069 503 2548 2476 2044 2538
1230 100 2000 249 800 16 249 149 16 32 9 1230 6 22 372 3
1152 2569 2565 2566 2568 265 2282 2167 2476 2031 1872 2452 2550 503 2044 2348 2558
1077 2 16 19 2 2000 273 409 8 273 465 29 109 1077 185 29 15
1152 2625 2632 265 2282 2167 2348 2605 2031 1872 2613 2550 503 2624 2044
1266 5 2 2000 45 1004 7 14 45 556 8 174 1266 1 133
1152 2640 2690 2667 2678 2689 265 2167 2605 2638 1872 2674 2550 503 2681 2688 2044 2687
1288 82 1 3 4 1 2000 1099 6 31 438 51 265 1288 3 6 274 2
1152 2688 2690 2695 2696 2697 2711 2723 2730 2731 2732 2739 2740 2741 2742 265 2167 2640 1872 2550 503 2044
1600 19 7 39 35 51 6 15 2 15 2 4 3 2 1 2000 1316 134 282 61 1600 118
1152 2768 2731 2788 2789 2695 2792 265 2794 2167 2791 1872 2550 503 2776 2697 2793 2751
1592 19 46 39 14 16 5 2000 1 1475 2 408 35 1592 7 5 1 102
1152 2848 2850 2849 265 2167 2799 1872 2802 2550 503 2842 2844 2845 2751
1120 3 2 1 2000 948 110 880 26 35 1120 1 8 1 173
1152 2902 265 2167 2799 1872 2897 2802 2550 503 2904 2906 2875 2908 2910 2751
1191 9 2000 1095 63 809 23 1 80 1191 13 7 19 2 2 7
1152 265 2956 2957 2958 2969 2973 2979 2984 2985 2993 2994 2996 2997 2998 3000 2875 503 1872 2910 2918 2799 2167
1517 2000 2 63 5 20 7 5 11 4 3 12 1 3 3 2 4 1517 483 9 85 128 1376
1152 2979 3012 3030 2918 265 2167 2957 3022 2799 1872 3026 3031 503
1495 184 39 2 14 2000 1256 79 30 26 505 18 3 1495
1152 3073 3090 2979 3012 3045 3088 3079 3080 265 503 3084 2957 3087 1872 3089 3026 3075 3083 2167
1585 15 1 102 30 44 2 8 3 2000 1585 3 53 5 415 5 30 11 1 1446
1152 2979 2984 265 2167 2957 1872 2985 503
1384 236 6 2000 1315 117 616 4 1384
1152 3056 2979 3046 3047 2984 265 2167 2957 3022 1872 2993 3059 3060 3031 503 3035
1103 1 207 2 11 3 2000 1103 44 36 897 26 3 5 9 1103 11
1152 3107 3078 265 2167 3116 1872 3089 3113 503 3115 3102
1085 4 28 2000 1085 1 915 26 1 1085 1 13
1152 3152 3138 3158 3078 3143 265 2167 3151 1872 3122 3124 3157 3145 503 3160 3130 3119 3162 3159
951 6 3 1 22 21 2000 951 21 1049 12 192 2 19 951 3 115 12 2 2
1152 3201 3202 3078 265 2167 3151 1872 3124 503 3197
1113 1 2 2 2000 1113 133 887 75 1113 29
1152 3234 3235 3236 3237 3238 3207 265 2167 3212 3151 1872 3218 3124 503 3220 3239
1068 13 2 1 3 2 22 2000 1068 120 19 932 8 167 1068 18 1
1152 3280 3234 3272 265 3243 3282 3278 1872 3281 3218 3283 3124 3285 503 3284 2167
1141 19 23 30 2000 134 5 16 859 3 30 2 156 1 1141 3 1141
1152 3280 3299 3272 265 3243 3342 1872 3352 3124 503 3320 3348 3354 2167 3355
920 3 11 165 2000 165 38 1080 10 164 920 12 14 2 920 2
1152 3243 3272 265 2167 1872 3352 3124 503 3320 3418 3419 3420 3389 3423
1115 36 36 2000 1115 885 101 103 1115 101 7 2 25 20 3
1152 265 2167 3437 3471 1872 3352 3124 503 3320 3481 3420 3455
980 2000 980 70 12 1020 114 115 980 114 2 35 8
1152 265 3471 3352 3484 3486 3493 3500 3506 3124 3512 3531 3519 3520 3521 3523 3526 3529 3530 2167 3532 3533 1872 3420 3437 503 3320
879 2000 20 38 8 46 2 21 9 161 7 1 5 10 12 33 19 4 2 879 2 7 1121 29 59 879 38
1152 3520 3523 265 2167 3500 3568 3565 1872 3124 3573 3574 503 3512 3577 3579
899 36 9 2000 899 15 35 22 1101 183 10 4 899 99 1 5
1152 3520 265 3594 2167 3596 3565 1872 3124 3573 503 3512 3580
1136 42 2000 11 1136 3 37 864 126 53 1136 99 11
1152 3520 3651 265 3594 2167 3662 3663 1872 3124 3573 503 3512 3641 3664
1328 160 38 2000 160 1328 9 2 672 22 11 1328 51 17 2
1152 3520 265 3594 2167 3694 1872 3124 3702 503 3680 3706 3707
1290 4 2000 4 1290 28 710 140 1 1290 64 4 4
1152 3680 3748 265 503 3724 3694 1872 3124 2167 3768 3769 3728 3775
1204 223 26 2000 1204 3 31 796 152 1204 11 2 67 1
1152 3680 3748 265 2167 3821 3799 1872 3793 3124 3822 503 3807 3775
997 227 34 2000 997 1 3 1003 3 172 1 997 3 52
1152 3680 3846 265 3850 2167 3853 1872 3825 3124 503 3860 3866 3867 3870 3775
1386 431 26 2000 3 1386 7 614 9 318 1386 9 5 4 2 16
1152 3680 3682 265 2167 1872 3699 3124 3701 503 3696
1256 288 11 2000 1256 744 4 492 1 1256 7
1152 3696 3756 3755 3721 265 3754 2167 3724 3757 3758 3759 1872 3124 3734 503 3736 3680
1076 57 6 2 22 2000 3 1076 227 3 2 1 924 776 10 1076 5 125
1152 3680 3696 3796 265 3785 2167 3724 1872 3124 3765 503 3769
1379 163 41 1 2000 12 1379 102 621 605 73 1379 119
1152 3680 3814 265 503 3724 1872 3793 3124 3765 2167 3800 3769 3803 3824 3696
1383 348 13 2000 1383 6 617 6 579 183 1383 26 75 20 1 36
1152 3680 3837 3847 3814 3841 265 2167 3855 1872 3892 3890 3891 3124 3765 503 3800 3769 3866 3834 3871
1205 328 16 74 81 57 2000 1205 19 795 1 5 4 795 169 1205 38 55 22 71 57
1152 3841 3947 3680 265 503 3952 3855 1872 3895 3891 3124 3765 2167 3800 3769 3834 3951 3837 3871
1245 101 2 272 2000 1245 4 22 755 50 21 755 79 1245 27 99 6 1 54 101
1152 3841 3941 3680 3921 265 2167 1872 3895 3124 3765 3926 503 3800 3769 3932 3934 3871
1260 111 3 38 4 2000 1260 740 6 740 6 21 1260 298 28 19 5 111
1152 3841 3970 3979 3977 265 3978 3959 3980 1872 3960 3124 503 3800 2167 3932 3871
1456 38 10 5 4 2000 6 105 1 544 47 544 1456 265 1456 1 38
1152 503 265 3800 3997 3124 4025 4030 4034 4037 4042 3959 4045 4047 1872 4050 4052 4054 4055 4056 2167 3960
1253 1253 2000 382 87 747 74 20 3 20 10 100 8 5 747 3 6 2 2 2 1253 38
1152 4037 265 2167 4052 3997 1872 3960 3959 3124 4054 503 3800 4025 4122 4124 4119
1375 52 2000 1375 1 3 625 92 9 625 42 1375 697 95 4 3 7
1152 4160 4037 265 4170 2167 1872 3959 3124 4169 503 3800 4025
1342 2 96 2000 3 1342 658 228 658 15 1342 804 145
1152 4192 4194 4196 4180 265 2167 4174 1872 3959 3124 503 3800 4025 4183 4188 4186 4191
1448 7 15 1 38 2000 1448 36 552 366 552 1448 738 71 12 8 7 21
1152 265 503 1872 4025 3959 3124 4213 2167 3800 4180 4220 4221 4217
1497 2000 1497 503 23 448 503 5 1497 719 124 5 2 2
1152 4288 4290 4292 4260 4180 4291 4289 265 503 1872 4242 4275 3124 3959 3800 4025 4282 2167 4286 4293
1613 15 2 1 10 78 1 3 2000 1613 387 100 7 387 751 455 134 9 1613 2 2
1152 265 4242 3124 4025 4282 2167 4288 4293 4296 4297 3959 4300 4304 4180 4310 3800 4316 1872 4322 4325 503
1709 2000 120 291 50 37 1709 11 48 74 2 919 4 17 2 22 308 4 291 2 3 1709
1152 4356 4357 4358 265 4363 4364 4365 4242 3124 4361 4025 2167 4293 4296 3959 1872 4310 3800 4336 4342 503 4345 4347 4350
1821 50 2 8 2000 6 6 2 28 179 3 3 1821 33 114 1351 179 59 232 54 7 1821 24 30 30
