1 3
3 3
20
2
1
2
0 1
1 1
3
1
3 4 5
1 1 1
2
2
0
1
0 2 3
1 4 1
2 4 5
2 1 1
1
2
1
2
6
4
0 2
1 2
0
1
17 11 14
3 4 2
2 3
2 1
8 9
1 2
11 14
1 1
16 18 15
1 2 1
1 2 4 5
4 1 2 1
1
1
3 5 6
2 6 1
20
1
5 7
1 1
0
3
0
1
2 4
1 1
11 5
2 3
1
2
2 3 5
5 1 1
2
2
0 3 4
2 1 2
1 2
2 4
8 4
1 5
0
3
1 2 3 4 5
1 3 1 2 1
1 2
1 4
14
1
5 6 7
1 1 2
8 9 10 7
1 1 2 1
4
2
10
3
9 4 6
3 1 3
0
2
3
1
9 2 3 6 7
1 1 1 2 2
0 1
3 1
0 2
1 1
0
1
2 3
1 1
0 1
1 1
0
3
0
2
1
1
1
1
0
2
11 17 19
1 1 2
3
1
0
1
3
1
5
1
5
1
2 5
2 1
2 7
1 1
2 3 4
3 1 1
16 3 15
1 2 3
6
3
4
3
2 4
2 2
