65 2 67 68 69 71 66 46 45 52 56 60
4 47 4 1 1 2 3 2 5 4 18 4
2 136 138 140 130 84 119 60
143 6 5 1 2 19 82 12
193 194 196 165 138 2 191
8 2 3 21 22 85 4
2 232 202 206 240 241 212 245 244
267 46 20 39 21 7 45 2 5
288 289 2 283 292 293 294 232 202 290 206 241 274 291 212 277 278 276 250 251 287
22 10 240 2 3 1 3 99 13 1 93 75 13 3 44 7 12 12 133 3 5
289 2 232 332 333 206 241 212 311 250 251
145 534 77 2 1 3 188 131 9 43 25
289 2 355 327 330 354 241 212 311 250 349 351
125 893 1 44 79 19 47 413 64 79 14 21
409 289 2 419 420 391 397 418 402 212 405 406 311 404 414 383
4 43 896 19 1 3 23 1 25 368 2 25 9 2 10 15
289 2 426 445 432 466 467 212 406 474 477
110 886 56 7 35 2 11 556 159 1 1
512 289 2 515 516 517 426 495 212 406 504
2 49 1463 14 3 6 4 5 1129 233 9
289 2 515 528 212 406 541 542
68 1716 43 27 1347 59 14 1
289 2 551 212 565 406 569
28 1700 26 1350 3 33 36
2 579 613 616 617 621 624 212 406
1768 21 28 17 8 3 2 1276 47
2 643 645 651 653 654 579 212
1709 30 5 1 2 5 175 912
704 2 579 708 710 679 680 713 683 711 687 212 697 701
2 1509 266 5 2 47 33 1 54 1 2 910 6 17
768 2 579 679 680 748 778 780 783 786 212 789 777 788 731 735
5 1583 121 121 252 3 1 8 2 1 899 1 11 1 22 23
2 579 679 680 777 810 812 813 814 808 212 796 735
1783 79 79 70 73 1 1 1 1 28 1269 47 35
2 680 777 844 846 847 848 808 212 841 796 735
1929 19 130 2 1 5 1 19 1537 8 96 82
2 913 680 796 907 873 909 847 808 883 212 777 860 861 735
1899 2 86 107 1 19 14 76 86 35 1388 33 170 43 134
2 931 945 680 777 941 860 847 944 808 883 212 950 943 796 735
2000 139 10 133 202 6 32 113 16 133 34 1062 1 1 30 27
2 931 996 680 777 1002 1005 847 944 808 1010 1011 212 1007 796 958
2000 3 23 54 255 6 2 43 49 54 3 1 1097 9 114 45
2 680 777 1034 1069 1070 1072 808 212 1077 1078 1016 796 958
2000 42 184 41 4 11 3 42 1447 3 4 360 67 26
2 1123 1124 1125 1126 680 1070 1103 808 212 1016 796
2000 4 4 3 2 46 4 10 46 1521 246 61
2 1157 1127 1160 1161 1162 1134 212 1016 1147 796
2000 3 26 3 8 4 22 1094 158 6 9
2 1127 1212 212 1016 796 1213 1214 1215
2000 12 9 1478 153 102 2 5 2
1249 2 1127 1227 1233 212 1269 1016 1268 796
14 2000 70 6 48 1253 2 5 12 56
2 1127 1233 1332 1333 212 796
2000 256 2 6 3 1454 26
2 1127 1384 1392 1395 212 1397 1401 1400 1337 1403 1375
2000 258 18 1 5 1405 2 2 3 76 2 21
1441 2 1127 1431 212 1429 1337 1433 1435 1436 1437
1 2000 265 5 1499 4 123 2 12 29 1
2 1127 1481 1492 1486 1489 1491 212 1493 1494 1495 1496 1337 1436
2000 176 32 3 4 4 1 1471 1 8 2 2 176 24
2 1127 1481 1538 1565 1519 1553 212 1564 1337 1562 1500 1532 1566 1567
2000 86 43 5 1 13 14 1602 3 86 5 39 29 3 1
2 1604 1605 1127 1500 1588 1553 212 1337 1532
2000 1 1 134 14 24 81 1526 134 81
2 1637 1638 1127 1644 1661 1553 1650 1620 1652 212 1657 1532 1337 1662 1663
2000 24 16 16 43 1 44 9 106 24 1751 3 44 16 1 4
2 1702 1638 1127 1704 1705 1706 1707 1708 1710 1711 1620 1652 212 1686 1337
2000 10 35 35 1 3 1 1 2 5 2 2 19 1803 32 35
2 1638 1127 1735 1751 1745 212 1753 1337
2000 69 69 27 2 10 1971 4 69
2 1797 1804 1812 1809 1811 212 1814 1753 1817 1786 1822
2000 14 2 1 14 1 2000 6 5 2 6 4
2 1862 1866 1868 1826 1809 212 1877 1846 1880 1849 1884 1885 1822
2000 2 8 1 120 15 2000 1 24 5 3 6 1 57
2 1833 1826 1839 212 1846 1847 1848 1849 1850
2000 20 104 2 2000 1 2 4 2 1
2 1901 1864 1833 1898 1899 1900 1826 1903 212 1848 1885
2000 5 38 1 12 1 4 11 4 2000 102 29
1952 1953 2 1956 1957 1927 1898 1954 1935 1937 1939 212 1848
16 4 2000 2 1 27 50 2 11 25 20 2000 182
1969 2 1927 1992 1993 1994 1991 1937 212 1848
32 2000 24 1 1 1 3 155 2000 54
2 2022 1991 2025 2026 1937 212 1848 2013 2015
2000 14 9 11 2 235 2000 6 6 17
2 2051 2054 2057 2058 2060 2061 2062 2031 1937 212
2000 14 5 5 5 4 1 1 221 27 2000
2083 2 2051 2088 2092 2031 2096 2097 2099 212 2102 2103 2104 2079
4 2000 8 16 7 212 6 5 2 2000 3 1 3 41
2 2156 2155 2092 2031 212 2153 2142 2079
2000 2 7 256 321 2000 4 14 62
2 2179 2079 2186 2092 2031 2184 212 2168 2170 2171 2175
2000 32 11 1 117 242 2 2000 4 10 40 18
2209 2 2211 2213 2214 2092 2031 212 2201 2175
6 2000 12 2 1 139 144 2000 10 53
2 2252 2268 2248 2217 2092 2031 2256 212 2229 2230 2232 2265 2236 2269 2175
2000 6 5 16 4 177 107 23 2000 2 22 2 2 60 1 190
2 2307 2248 2315 2092 2031 212 2230 2303 2300 2175
2000 3 162 2 190 94 2000 81 41 20 281
2 2307 2341 2374 2375 2248 2380 2378 2379 2092 2031 212 2230 2175 2334 2303
2000 39 17 15 13 25 3 1 2 220 50 2000 57 250 14 27
2 2307 2410 2092 2414 2427 212 2390 2431 2428 2429 2430 2175
2000 140 26 12 13 2 2000 6 2 10 1 5 505
2 2307 2442 2443 2414 2435 212 2420 2175
2000 43 5 5 2 27 2000 3 149
2 2499 2503 2504 2474 2446 2481 2307 212 2487 2175
2000 17 1 2 5 9 15 9 2000 10 20
2 2533 2474 2573 2574 2575 212 2521 2523 2175
2000 26 8 1 5 1 2000 120 26 42
2 2533 2601 2576 212 2521 2523
2000 157 9 12 2000 46 157
2 2533 2576 212 2582 2583 2523
2000 93 122 2000 9 3 93
2640 2 2628 2533 2626 2633 2605 2639 2576 2643 212 2645 2617 2586 2523
4 2000 7 127 3 14 52 5 24 10 2000 2 37 4 127
2 2533 2663 2667 2605 2576 2676 2675 212 2678 2617 2681 2682 2523
2000 395 23 3 147 94 1 2 2000 1 30 6 4 395
2 2533 2726 2663 2728 2698 2727 2732 2605 2576 212 2523 2730
2000 444 83 95 1 3 3 1 47 8 2000 444 5
2 2788 2533 2726 2663 2760 2761 2795 2769 212 2807 2808 2809 2778 2523 2783
2000 7 358 55 59 18 38 37 70 2000 1 3 3 9 358 21
2817 2 2533 2726 2663 2857 2858 2834 212 2808 2778 2523 2845 2847
15 2000 373 41 9 6 1 17 2000 34 4 373 8 6
2881 2 2533 2726 2887 2892 2897 212 2808 2900 2523 2910 2911
37 2000 497 14 18 4 9 2000 7 3 497 5 1
2945 2 2533 2887 2963 212 2523 2881
106 2000 695 47 3 2000 695 15
2945 2 2533 2982 2887 2984 2985 2994 2995 212 2996 2523 2973
16 2000 595 5 53 38 8 1 1 2000 2 595 57
2 3043 2533 2887 2984 3049 3037 3042 3023 3025 212 3048 3030 3032 2523 2973
2000 3 660 241 12 1 8 8 30 12 2000 1 4 23 660 51
2 2523 2533 2887 3088 3025 212 3093 3096 3095 3032 3097 3099 2973 3070
2000 554 554 160 21 42 2000 4 3 3 23 4 2 2 15
3136 3137 2 3141 3140 2533 3142 2887 3115 3138 3139 3088 3123 212 3134 3130 2523 3133 3070 3135
3 1 2000 2 1 465 2 25 36 2 1 42 47 2000 1 19 465 5 13 2
3136 2 2533 3176 3177 3115 3170 3182 3183 3184 212 3130 2523
72 2000 177 40 9 11 9 9 3 2 2000 116 177
3136 3233 2 3235 3204 2533 3177 3115 3182 3184 3224 3187 212 3192 3130 2523
50 7 2000 2 2 182 22 14 26 130 3 28 2000 85 72 182
3136 3265 2 3301 3300 2533 3297 3280 3298 3184 212 3294 3287 3192 3289 3130 2523 3293 3262 3295
4 28 2000 3 1 216 20 8 11 397 2000 5 1 11 1 173 216 1 1 5
3265 2 3331 3333 2533 3334 3297 3336 3330 3184 3314 212 3332 3130 2523 3324 3295
5 2000 4 4 194 3 5 3 3 371 2 2000 1 46 194 14 21
3360 3376 2 2533 3371 3184 3379 212 3353 3130 2523
12 10 2000 151 12 311 3 2000 45 35 151
2 2533 3432 3184 212 3447 3448 2523
2000 109 16 501 2000 3 1 109
2 3523 3524 3525 3526 3495 3477 3490 3184 212 3486 3511 3512 3481 3515 3518 3519
2000 4 1 2 1 7 11 36 379 2000 2 5 27 11 4 7 2
2 3556 3530 3565 3567 3184 3538 212 3512 3546 3486 3551
2000 8 242 20 1 93 12 2000 100 66 24 45
2 3530 3598 3184 212 3512 3546 3583 3610 3551
2000 195 21 115 2000 405 59 25 12 78
3648 2 3530 3661 3598 3663 3184 3665 3667 212 3512 3610 3642 3551
34 2000 24 10 22 3 17 6 4 2000 699 49 62 171
2 3694 3691 3693 3610 3667 212 3669 3512 3674 3642 3551
2000 1 2 1 1 5 2000 21 846 37 359 5
3744 2 3747 3724 3746 3741 3699 3729 3730 3731 212 3703 3512 3642 3674
4 2000 2 32 6 10 26 30 11 13 2000 63 975 667 20
3776 3777 2 3724 3760 3731 212 3512 3642
1 16 2000 32 11 9 2000 694 572
2 3815 3820 3800 3832 3731 212 3797 3830 3512 3833 3642 3803
2000 10 14 8 5 87 2000 12 2 628 5 374 8
2 3876 3815 3820 3889 3890 3731 212 3797 3512 3834 3642 3893
2000 9 29 73 12 1 15 2000 26 630 35 256 3
2 3940 3920 3955 212 3925 3958 3959 3512 3956 3642 3834 3957
2000 6 10 1 2000 8 2 2 932 2 88 93 5
2 3642 4007 3977 4010 4011 4002 3983 3985 3986 212 3957 4009 3512 3834 3989 3997 3992 3967
2000 4 1 35 3 3 6 8 12 60 2000 95 1 837 167 3 22 9 37
2 4039 4040 4046 4048 4050 212 4054 4055 3512 4052
2000 50 61 1 8 5 2000 2 1 832 1
2 4100 4101 4039 4040 4075 4081 4082 212 3512 4094 4095
2000 3 2 2 26 68 23 18 2000 910 6 1
2 4040 4159 4075 4140 4120 4082 212 3512 4153 4155 4148
2000 11 1 90 7 60 106 2000 982 20 10 6
2 4201 4202 4075 4205 4082 212 4182 3512 4148
2000 7 2 160 5 175 2000 19 898 21
2 4075 4244 4270 4271 4273 4082 212 4249 3512 4148 4279
2000 210 15 8 23 19 353 2000 11 567 102 5
4320 2 4326 4328 4075 4322 4270 4271 4273 4082 212 4311 3512
2 2000 1 2 448 7 44 115 128 272 2000 44 1026
4375 2 4328 4354 4075 4364 4322 4270 4271 4368 4273 4082 4371 212 4373 4374 4311 3512 4351
1 2000 29 11 256 2 29 199 23 4 173 135 2 2000 1 2 199 997 4
4417 2 4389 4423 4426 4075 4354 4270 4429 4432 4273 4082 212 4311 3512 4382
23 2000 11 3 3 283 100 85 3 2 9 328 2000 85 1111 42
2 4356 4357 4358 4075 4354 4270 4273 4082 212 4311 3512
2000 6 2 1 288 90 141 69 150 2000 141 997
2 4411 4075 4354 4270 4082 212 4414 4311 3512 4379 4412 4413 4382
2000 5 170 199 29 476 2000 1 29 532 53 1 4 42
2 4433 4075 4354 4440 4082 212 4437 4439 3512 4436 4382
2000 2 62 54 2 221 2000 7 2 517 3 22
2 4465 4075 4354 4472 4082 4468 4469 4471 3512 212
2000 2 17 44 2 239 24 3 1 550 2000
2 4517 4354 4525 4504 4082 4468 4533 3512 212 4509
2000 1 19 22 47 257 24 1 526 2000 15
4544 2 4550 4552 4553 4504 4082 212 3512 4538 4509
7 2000 6 3 10 16 322 2000 872 12 180
2 4590 4592 4082 212 4597 4598 4599 3512 4509
2000 2 2 876 2000 1 1 1 496 102
