9 10 11 12
3 1 2 4
2 4 5
5 4 2
1 2
2 1
1
1
2 3
2 1
16 17
2 2
0
2
1 3 6
1 2 1
57 68 69
7 5 1
10 12 13
4 1 1
8 7
1 2
2 6 7
1 2 1
5
1
2
1
22 19 20 21 6
1 4 1 1 6
20
2
7
2
0 4
9 2
8 7
3 1
1 5 7
2 4 1
8 9 10 3 7
2 1 1 1 1
17 20 21 22 23
2 2 1 1 2
0
2
15 17 21 22 23 25 26 27
4 5 2 1 1 5 1 4
29
2
2 3 4 5
1 1 2 1
27 29 30 31
1 3 1 2
46 45 30
1 1 1
27 28 29
1 1 4
26 29
3 1
0 1 2
1 1 2
1
1
0 1
1 1
17 10 18 13
8 5 2 2
1 2 3 4
2 2 3 2
8 9
5 2
32 34
4 1
2 11 14
6 2 1
36 37 38
3 10 2
17 9
4 1
0
2
0
1
0 2
1 1
22 23
2 2
16 14
3 1
5
6
2 5
1 2
5
7
0
1
3
1
37 43 44 46 47 48 49
4 1 7 2 1 1 1
2 4 6
3 1 1
36
4
3
4
0 8 5 6
3 1 3 1
21
2
9 12 13 15
4 2 1 1
0 1
2 1
17 19 12 15
2 1 1 2
2
1
1
1
8 6
7 6
0
1
18 21 22 23 25 26
2 2 3 5 1 1
6
8
9 10 11 5
1 1 2 1
0 9 2 3 14
2 3 1 3 1
41 39
1 2
0 9 5
7 1 1
14
1
2 3 5 6
7 1 3 2
2 3 4
1 2 1
6
2
0 2
5 1
14 15
3 1
1 10 13
4 3 6
16 12 14
1 4 1
0 3 4
3 3 1
0 2
3 1
17 18 15
1 3 1
0
1
9 6 7
1 4 3
1
3
8 9 7
2 1 2
0
1
8 9 5 6
3 1 2 1
40 28
1 1
4 5
3 2
