22 8 48 50 53 54 60 62
25 201 7 6 1 4 3 3
8 76 81 82 88 89 62
264 65 9 3 16 2 64
8 105 76 113 146 89 153 154 155
133 40 16 4 2 5 9 1 2
8 180 171 76 157
50 4 8 85 135
226 8 234 235 238 239 240 241 242 157
10 26 4 9 8 2 2 2 3 48
291 8 234 300 270 303 304 296 284 157 286
2 22 88 5 11 1 1 3 14 228 1
352 354 355 328 234 306 309 311 157
15 3 2 18 232 93 66 83 498
389 328 234 306 398 397 370 309 311 399 157 394
35 174 155 211 2 2 103 14 137 2 648 14
458 450 419 454 455 328 425 234 423 306 462 463 464 433 370 446 311 461 444 157 394
3 25 3 3 4 20 15 180 33 139 1 4 1 22 79 6 251 3 37 617 34
485 486 508 425 234 306 463 370 500 502 311 504 506 495 444 157 394
56 37 1 14 161 186 20 40 23 4 487 2 2 10 122 304 14
522 519 234 567 556 562 558 557 536 306 565 566 311 568 444 157
3 9 229 1 6 2 8 4 14 221 4 2 355 1 199 139
612 613 615 234 587 620 621 622 306 311 536 444 157
2 12 3 296 158 2 2 1 586 272 66 234 140
643 234 587 652 654 657 306 659 660 311 536 444 157
43 550 183 1 2 1 727 13 2 183 113 486 9
704 710 711 712 714 234 587 306 659 311 536 698 699 444 157
1 1 5 6 1 556 128 464 11 128 277 4 8 480 16
769 771 744 764 234 587 748 727 306 311 536 761 444
7 1 16 3 455 336 44 12 563 336 230 1 291
234 587 816 817 306 819 820 823 311 536 825 444 778
511 118 10 6 890 1 8 1 118 247 1 220 46
834 869 234 587 876 877 306 311 536 444
107 2 121 13 2 3 1365 13 152 26
897 834 901 903 306 885 918 536 891
66 104 37 25 1581 41 8 104 36
897 834 901 903 961 306 536 891 924 958
21 99 63 10 16 1445 279 50 114 13
834 901 1003 1010 1008 1016 306 1011 1012 1013 1015 536 1018 924
54 49 2 13 2 2 1568 2 3 2 9 260 1 127
834 1031 1052 1011 1008 306 1043 1047 536 1050 924 1022 1023
10 14 2 30 16 1767 25 4 180 16 114 23 22
1080 306 1043 1077 1078 536 1050 1087 924 1011
5 1655 73 49 12 345 7 1 237 161
1121 1124 1105 306 1043 536 1050 924 1011
15 4 76 1732 69 268 36 383 209
1043 1153 1139 1158 1121 1128 1148 1164 1170 1165 1105 306 1011 1173 536 1177 1050 1183 924 1182 1151
58 71 2 15 1 19 4 109 12 21 179 1751 384 5 249 7 96 2 218 1 5
1043 1212 1128 1148 1164 1105 306 1011 1193 536 1050 924 1214 1215
91 14 6 73 373 500 1753 335 49 247 6 249 5 6
1249 1233 1193 1164 1105 306 1043 1148 536 1215 924 1011
3 11 15 216 218 1883 177 11 117 11 213 744
1284 1318 1319 924 1164 1105 306 1043 1148 1304 1316 1215 1276 1011
6 1 1 400 256 256 2000 400 39 5 5 39 75 799
1148 1276 1164 1357 1358 1105 306 1043 1364 1333 1334 1367 1370 1215 924 1373 1374 1011
6 3 233 7 8 233 2000 284 10 6 5 19 12 6 536 1 1 924
1043 1441 1446 1415 1452 1164 1453 1458 1105 306 1011 1460 1367 924
12 2 8 11 1 404 1 3 404 2000 637 2 57 930
1506 1510 1415 1481 1514 1511 1164 1458 1500 1517 1105 306 1011 1513 924 1516
22 2 5 36 4 6 220 72 2 1 220 2000 579 5 1120 2
1506 1539 1575 1164 1105 306 1011 924 1566
9 54 5 336 336 2000 719 945 38
1164 1615 1584 1105 306 1011 1622 1623 1624 924 1566
451 4 27 451 2000 833 17 1 3 716 48
1651 1666 1667 1668 1649 1164 1647 1105 306 1011 1622 1657 924 1662
4 8 4 1 57 240 4 240 2000 973 78 28 787 6
1666 1667 1700 1718 1702 1649 1708 1706 1164 1679 1105 306 1011 1717 1622 1713 924 1695
148 58 17 4 35 22 22 34 225 11 225 2000 637 8 319 3 1138 19
1666 1667 1700 1750 1740 1164 1105 306 1715 1749 1622 1752 1722 1695 924 1011
152 25 74 2 12 63 63 2000 28 3 539 1 2 60 1338 599
1781 1666 1667 1700 1765 1787 1164 1105 306 1011 1715 1622 1755 924 1695
2 42 391 83 5 1 155 155 2000 328 21 371 4 1517 10
1824 1666 1667 1830 1836 1832 924 1835 1164 1794 1799 1105 306 1011 1622 1820
5 5 177 13 2 5 1673 3 42 20 7 42 2000 285 603 3
1824 1857 1858 1667 1862 1867 1870 306 1011 1622 1848 924
2 41 24 6 6 3 2 2000 140 870 6 1860
1921 1858 1894 1927 1928 1898 1901 306 1011 1622 924 1922
16 335 21 17 1 48 46 2000 8 684 1992 6
1858 1956 1991 1961 1898 1901 1997 306 1622 1993 924 1994
530 80 5 26 261 68 4 2000 567 9 2000 3
1858 2051 1956 2054 2056 1961 1898 1901 306 1622 2011 924
488 29 33 10 5 190 256 26 2000 650 57 2000
1858 2051 2070 2086 2087 2056 1961 1898 2088 306 2068 2069 1622 2089 2074 2011 924
578 8 12 3 2 30 244 243 5 2000 75 4 408 1 2 345 2000
1858 2147 2070 2150 1961 2154 2155 2134 2146 2141 2108 2156 306 2068 1622 2153 2011 924 1898 2149
533 18 43 2 404 10 1 5 7 6 31 4 2000 60 352 2 555 2000 327 1
2177 1858 2179 2180 2070 1961 1898 2178 306 2068 2154 1622 2168 2011 924 2173
5 755 1 1 105 375 495 3 2000 38 53 199 121 522 2000 46
2186 2204 2068 2070 924 2208 2214 1961 2218 2220 306 2227 2228 2229 2230 2231 2232 1858 1622 2011 1898 2173 2168 2154
47 92 14 224 2000 39 31 481 16 18 2000 1 27 10 7 2 5 871 174 277 518 91 45 13
924 2068 2070 2204 2214 1961 2220 2173 306 2228 2230 2234 1858 2244 1622 2264 2011 2277 2279 1898 2284 2287 2288 2168 2154
2000 81 105 51 113 345 60 22 2000 10 48 63 968 60 90 15 305 12 2 557 6 1 2 60 7
1858 2230 2214 1961 1898 2284 2352 2360 306 2068 2357 2070 1622 2264 2329 2234 2011 924 2302 2341
1062 88 143 238 556 65 4 1 2000 133 1 67 88 22 31 101 223 2000 10 13
2068 2070 2329 924 2214 1961 306 2230 2234 2363 1858 2379 1622 2394 2011 2402 2405 1898 2284 2417 2418 2421 2422 2423 2302
77 18 78 2000 61 677 2000 45 62 38 979 6 45 53 99 8 5 509 20 1 2 4 6 2 31
1858 2427 2405 2214 1961 1898 2444 2445 2449 306 2068 2329 2394 2011 924
1126 49 49 49 666 831 4 11 2 2000 9 188 15 193 2000
1858 2427 2405 2214 1961 1898 2480 306 2492 2484 2485 2488 2329 2011 924 2491
1037 19 19 19 478 890 17 2000 4 6 15 4 192 485 2000 3
2528 1858 2531 2532 2533 1961 1898 2530 306 2329 2522 2011 924
12 976 4 1 1 530 884 3 2000 376 5 494 2000
2593 1858 2587 1961 1898 306 2581 2329 2011 924 2549
1 1363 3 224 1331 2000 12 193 413 2000 52
1858 2619 2601 2649 1961 1898 2640 306 2643 2549 2615 2329 2011 924
1025 37 11 3 267 895 37 2000 1 99 13 267 708 2000
2690 2691 2693 2694 2697 2699 2706 2707 2709 2329 924 2719 2721 2716 2723 1961 306 2619 1858 2722 2640 2011 2659 2665 1898 2667 2549 2686
83 25 10 12 4 1 4 13 4 234 2000 9 10 1 2 234 2000 5 876 1 27 890 78 66 876 66 207 11
2690 2329 924 2721 1961 2731 2732 2738 2734 306 2746 2747 2748 2749 1858 2640 2011 2659 2665 1898 2667 2549
239 238 2000 26 238 24 145 16 7 2000 40 1 1 1 766 145 996 60 24 766 24 98
2690 2795 2329 924 2721 1961 2731 2732 2734 306 2746 1858 2640 2769 2774 2011 2781 2787 2792 2665 1898 2667 2796 2549 2793 2794
222 1 71 2000 54 71 65 109 14 2000 59 731 109 19 26 1198 8 4 2 65 731 65 2 65 1 2
2721 1858 2731 2820 2665 1898 2667 2732 2690 2640 306 2549 2774 1961 2329 2746 2011 924 2813
68 1298 22 10 22 1298 22 232 120 232 2000 22 6 7 7 7 695 2000 7
2848 2721 1858 2731 2844 2665 1898 2667 2732 2829 2640 2847 306 2837 2690 2011 924 2813 2549
2 111 1432 8 3 8 1432 8 62 29 62 1 2000 22 7 568 2000 64 8
2721 1858 2883 2884 2892 2889 1898 2732 2829 2640 306 2837 2011 924 2813
312 1333 33 2 1 13 1333 49 71 49 2000 23 667 2000 47
2721 1858 2883 2886 2919 2920 1898 2732 2829 2640 306 2011 924
351 1252 44 44 2 3 1252 30 31 30 2000 748 2000
2721 1858 2883 2953 1898 2957 2829 2960 306 2011 924 2954
298 1588 87 3 1588 17 9 6 2000 412 2000 4
3008 2721 1858 2883 2981 2954 2994 2993 306 2963 2967 3000 2011 924 1898 3006
2 73 1718 26 12 205 14 2 2000 44 46 1 282 2000 1718 11
3010 2721 1858 3008 3014 2954 2994 3022 3023 3018 306 2963 2995 3033 3034 2011 924 1898 3027
5 139 1703 8 14 158 122 21 9 15 2000 114 5 1 3 297 2000 1703 2
3075 3081 2954 3010 2963 924 3101 3104 2721 3107 3108 2994 306 1858 3014 3023 2011 3043 1898 3054 3057 3062
5 9 137 47 111 2000 1 6 263 6 1 231 2000 1576 164 5 424 81 1576 94 5 16
2954 3138 2963 924 2721 2994 306 3123 3128 1858 3139 3014 3143 3144 3145 3146 3147 3149 2011 3043 1898 3054
310 27 85 2000 310 37 2000 10 29 1686 13 36 5 4 2 3 3 1 314 36 1686 420
2954 3138 2963 924 2721 2994 306 3128 1858 3145 3155 3158 2011 3164 3170 3172 1898 3179 3054 3184 3187 3191
77 55 202 2000 311 1 2000 23 1689 27 7 4 311 14 22 25 1689 11 619 7 2 1
2721 1858 3172 3239 3145 1898 3179 3244 3234 3054 306 2963 3246 3209 3128 3138 2011 924
466 1534 230 5 120 1534 81 16 12 663 2000 122 1 10 46 5 466 2000
2721 1858 3299 3172 3283 3265 3145 1898 3179 3244 3298 3054 3279 3281 306 2963 3256 3300 2011 924 3294
282 1718 4 171 2 10 412 1718 37 25 4 768 29 1 2000 188 4 1 282 2000 6
2721 1858 3172 3304 3145 1898 3339 3054 3279 3337 306 2963 3305 2011 924 3325
277 1723 206 12 322 1723 1 528 57 1 2000 337 27 277 2000 36
2721 1858 3355 3172 3366 3368 3145 1898 3378 3054 3375 3363 306 2963 3357 3305 3380 2011 924 3325
394 1606 12 392 10 12 270 1606 1 557 4 15 2000 267 5 112 2 394 2000 108
3394 2963 924 2721 3366 306 3379 3380 3381 3386 3387 3389 3392 1858 3395 3396 3397 3145 2011 3172 1898 3054 3325
3 238 2000 587 8 2000 22 3 3 12 2 6 1 1413 1 1 2 86 587 587 1413 689 48
2721 1858 3172 3425 3145 1898 3435 3436 3054 306 2963 3433 3386 2011 924 3325 3423
592 1408 592 7 222 1408 2 1 526 2000 202 5 13 592 2000 214 38
3461 3465 3467 3469 3471 3472 3473 2963 3476 3478 3479 924 2721 306 3386 1858 3145 2011 3172 1898 3054 3325 3453
79 12 7 27 4 2 6 180 11 5 2 2000 754 2000 11 1246 85 754 754 1246 905 85 1
3461 3467 3473 2963 3476 924 2721 3496 306 3512 3386 1858 3523 3528 3145 3530 3531 3532 3535 3536 2011 3172 1898 3054 3325
10 15 4 265 85 2000 1053 26 2000 4 18 947 5 6 12 8 1 2 10 11 1053 1053 947 582 12
2721 1858 3523 3172 3559 3145 1898 3563 3054 3535 3568 3548 306 2963 3476 3567 2011 924 3325
805 1195 3 805 1 98 1195 4 536 42 2 1 2000 270 61 1 805 2000 98
2721 1858 3587 3172 3145 1898 3054 306 2963 3476 3608 3610 2011 924 3325 3582
400 1600 20 400 51 1600 1048 2000 501 179 3 5 400 2000 51 19
2721 1858 3172 3612 1898 3660 3634 3054 3661 306 2963 3476 3145 3608 3636 2011 924 3325
288 1712 288 92 1712 4 14 1275 3 2000 349 97 88 19 5 288 2000 88
2721 1858 3675 3172 3689 3612 1898 3692 3682 3054 3325 306 2963 3476 3694 3145 3608 2011 924 3690 3693
294 1706 47 294 4 63 1706 1 4 1337 9 2000 360 86 1 9 71 294 2000 1 1
2721 1858 3675 3172 3719 1898 3725 3054 3729 306 2963 3476 3733 3737 3608 3705 2011 924
525 1475 47 525 22 1475 9 1223 11 2000 252 126 24 3 47 39 525 2000
2721 1858 3675 3172 3771 3783 3785 1898 3054 306 2963 3476 3790 3608 3705 2011 924
635 1365 137 635 3 16 17 1365 1347 2000 18 100 3 137 52 635 2000
2721 3842 3675 3172 3814 3846 3847 3848 3849 1898 3852 1858 3054 306 3476 3831 3608 3705 2011 924 3838
260 5 55 260 3 4 2 2 1 1740 2 1740 1740 2000 109 4 55 2 260 2000 23
2721 1858 3675 3172 3814 1898 3890 3054 3608 306 3476 3894 3896 3897 3898 2011 924
533 1467 4 533 60 1467 31 1467 4 2000 5 73 39 5 2 533 2000
3950 924 2721 306 3894 3896 1858 3940 2011 3932 3936 3937 3938 3172 3814 3943 3945 1898 3947 3948 3054 3946
2 2000 871 2000 98 43 1129 13 871 12 7 7 24 871 171 4 3 1129 1 3 1129 1
2721 1858 3172 3973 3814 3977 1898 3986 3054 306 3957 3894 3896 2011 924 3978
901 1099 901 6 174 24 1099 3 1099 2000 137 37 17 901 2000 8
3977 3980 3990 3993 924 3999 2721 4012 4017 306 4019 4020 3894 3896 1858 4001 2011 3172 3814 1898 3054 3957
28 36 46 53 2000 20 642 8 3 2000 1 2 82 103 1358 36 642 642 289 1358 1358 150
3980 924 2721 306 3894 3896 4025 1858 4037 4001 4047 4051 4055 4068 2011 4063 4066 3172 3814 4071 4072 1898 3054 3957
54 2000 673 2000 25 133 42 1327 20 54 62 123 32 2 673 11 1 673 344 3 3 1327 1327 119
2721 1858 3172 3814 4001 4111 1898 3980 3054 4047 306 4051 3957 3896 4025 2011 924
725 1275 725 386 55 1 1275 55 1275 53 2000 75 123 200 50 725 2000
3980 924 2721 306 3896 4161 1858 4163 4166 4001 4170 4173 4047 4176 4178 4179 4180 2011 3172 3814 1898 3054 4051 3957
1 2000 630 2000 182 16 1370 5 4 1 9 1 146 3 1 2 1 630 630 426 1370 1370 72 56
4236 4239 4241 924 2721 306 3896 4161 1858 4163 4047 4051 4180 4182 2011 3172 3814 1898 4203 3054 3957 4214 4219 4220
5 1 2 2000 606 2000 221 8 1394 78 118 54 53 88 606 606 327 1394 8 1394 66 4 35 1
2721 1858 4219 3172 3814 4161 4284 1898 4281 4163 4274 3054 4047 306 4051 4279 3896 4260 4282 2011 924
409 1591 13 409 192 14 1 1591 2 89 10 1591 250 2000 28 15 424 32 3 409 2000
4290 924 2721 4260 306 3896 4285 1858 4163 4293 4295 4047 4306 4051 4311 2011 4320 3172 4326 3814 4327 4328 1898 3054 4330
34 2000 422 2 2000 639 2 1578 23 37 32 127 79 3 3 422 4 422 3 242 21 2 1578 1578 1
4354 4356 4363 4364 4290 4365 924 2721 306 3896 1858 4163 4293 4295 4047 4306 4311 2011 3172 4326 3814 1898 3054 4339 4342
36 10 2 4 224 1 2000 311 2000 388 1689 27 129 34 53 113 42 311 311 63 241 1689 1689 41 2
4364 4290 924 2721 4387 4392 4397 4398 306 3896 4412 4414 4415 1858 4419 4293 4306 4311 2011 3172 3814 4326 1898 3054 4339
10 173 2000 448 8 11 22 1 2000 660 9 9 12 1552 1 89 215 63 448 448 403 30 1552 1552 183
4290 924 2721 306 3896 4412 4415 1858 4293 4424 4418 4430 4431 4432 4306 4435 4311 2011 3172 3814 1898 3054 4339
142 2000 352 2000 1012 13 90 1648 87 1 1 1 11 12 436 3 12 352 352 352 1648 1648 286
2721 1858 3172 4293 3814 4455 4290 4457 1898 4306 3054 4461 306 4339 3896 2011 924 4458 4446
238 1762 238 35 238 2 177 4 1762 313 1762 1 2000 367 895 238 2000 2 42
4480 4491 4290 4496 4498 4504 4506 4507 924 2721 306 3896 1858 4306 2011 4446 3172 3814 1898 3054 4464 4339 4472
13 12 251 3 14 1 5 2 2000 143 2000 953 1857 282 143 15 143 143 1857 1857 39 466 38
4480 4491 4290 4498 4505 4508 2721 924 4530 4527 306 4531 3896 4538 1858 4306 2011 4446 3172 3814 1898 3054 4464 4339 4472
60 39 132 25 77 40 116 2000 20 7 2000 7 1049 7 1884 321 116 42 116 116 1884 1884 144 476 65
4480 4491 4290 4498 4505 4508 2721 924 306 4530 3896 1858 4306 4563 4569 2011 4575 4576 3172 4581 3814 4585 1898 4587 4589 3054 4464 4339 4472 4586
62 38 136 62 11 23 93 2000 2000 80 1114 1907 578 20 1 93 42 12 93 12 93 14 1907 6 3 1907 172 453 31 32
4612 4491 4290 4622 4505 4635 924 4638 4639 2721 4530 4464 306 3896 1858 4306 2011 4575 4576 3172 4581 3814 1898 3054 4592 4339
28 13 388 2 44 5 2000 1 1 13 35 35 2000 1325 1987 613 13 138 105 13 87 13 1987 1987 73 647
