2 6 8 9 11 12 13
16 5 6 3 3 3 1
65 75 72 9 74 55 44 13 17 41
18 3 17 27 2 11 112 27 72 43
98 113 9 106 44 13 78 109 112 17 110 118 119 117
17 3 8 5 91 79 48 8 5 37 3 2 1 1
187 44 109 78 177 179 181 185 120 121 152 155 186
6 257 1 36 24 35 16 7 72 83 17 5 1
199 232 234 235 44 78 177 244 238 120 121 152 251 252 250
37 30 20 5 243 242 242 4 63 106 2 68 5 1 3
260 177 267 44 78 120 274 277 238 152
32 145 8 38 145 150 13 5 34 90
260 294 337 267 78 335 177 309 238 120 152 319
29 10 3 43 56 3 56 30 8 224 105 32
408 260 267 335 344 407 120 409 152 319
24 37 49 37 45 4 379 1 49 159
449 260 267 335 408 120 152 447 446 319
3 29 82 29 29 419 82 1 8 402
451 260 485 487 488 490 267 335 496 408 498 499 500 501 470 120 152 475 446 319
15 34 40 6 1 3 16 34 1 34 1 3 1 1 17 678 16 8 134 299
260 520 521 523 152 532 408 543 554 560 564 566 568 446 319 451 335 267 475 501 120 507
4 28 2 16 77 30 4 4 2 8 20 1 1 156 362 13 4 77 115 85 800 85
640 642 507 616 617 523 520 501 598 446 120 267 152 571 475 319
2 1 303 51 32 119 140 303 88 169 955 29 29 26 257 281
571 475 676 520 616 523 688 152 501 598 120 267 507 446 319
16 321 2 147 2 101 17 19 292 61 597 19 292 585 607
734 571 475 741 742 520 713 729 523 721 501 319 735 120 267 152 507 446 703
22 4 404 6 18 216 7 4 45 28 387 479 20 736 20 20 387 479 76
734 799 475 520 713 523 797 752 721 755 501 791 120 794 507 703 446 319
180 4 308 190 7 76 1 92 47 6 176 8 638 10 176 53 602 602
734 833 507 839 520 713 523 846 752 721 501 841 120 794 475 828 446 319
98 5 172 5 45 40 93 1 66 230 172 2 619 119 517 15 589 589
896 507 894 871 794 523 856 752 721 891 734 895 855 120 501 875 475 892 893 446 319
1 86 3 29 6 127 2 103 96 8 35 1 75 307 86 17 523 2 4 976 976
875 927 871 523 923 939 721 946 947 935 855 120 475 446 319
66 73 48 98 4 1 325 3 1 4 84 477 560 865 865
961 962 523 871 968 970 875 923 974 721 979 977 855 120 953 475 956 446 319
9 39 43 88 2 20 85 33 7 313 5 4 246 509 21 423 6 1025 1025
523 962 1019 1032 1033 1034 875 1037 721 855 120 475 956 446 319
14 7 20 12 5 1 59 2 305 165 525 585 14 876 876
1061 1066 1067 1068 1069 721 855 120 475 446 319
44 3 3 2 3 291 16 381 857 762 762
1120 1124 1061 1127 1128 1129 721 1076 1079 120 475 446 319
29 2 207 1 2 2 165 12 5 176 1134 690 690
1157 1154 1131 1061 1161 1163 1164 1134 721 120 475 1149 446 319
7 8 50 109 2 8 2 149 44 44 1477 19 479 479
1217 1218 1219 1220 1221 1193 1131 1134 1209 475 1212 446 319
4 3 4 6 1 5 46 297 17 1715 5 285 285
1257 1131 1134 1271 1272 475 1276 1277 446 319
110 9 305 18 1 1543 2 9 457 457
1280 1257 1134 1330 1301 1304 475 1340 1341 446 319
5 29 293 9 14 1 1599 1 2 401 401
1350 1257 1134 1393 1395 1398 1367 1400 1402 475 446 319
32 124 143 11 2 4 4 1 2 1409 591 591
1443 1446 1350 1447 1448 1257 1134 1445 475 1436 1437 446 319
25 2 28 4 1 291 99 1 1550 14 2 450 450
1499 1509 1257 1516 1134 1503 1493 1462 1513 1464 475 446 319
6 4 297 1 24 11 22 59 1 67 1693 307 307
1568 1569 475 1542 1257 1546 1520 1566 1552 1564 1561 1563 1532 1531 446 319
3 2 1617 3 582 12 2 1 1 1 3 17 5 5 383 383
1568 1257 1586 1589 1593 1561 475 446 319
53 303 12 2 1 12 1507 493 493
1257 1598 1620 446 1622 1609 1625 1631 475 1630 319
88 1 5 599 8 10 9 1 1401 5 599
1666 1641 1680 1683 1684 1257 475 446 319
22 4 1 1 1 1 1327 673 673
1728 1666 1702 1710 1725 1712 1716 1721 475 1727 446 319
1 32 56 18 3 12 50 9 1387 3 613 613
1666 1702 1773 1774 319 1716 1753 1784 1721 475 446 1759
162 211 1 11 846 181 9 1 86 1154 846 26
1666 1787 1797 1702 1799 1800 1774 1716 1721 475 1788 1791 446 319
117 22 5 203 1 5 170 407 88 691 27 33 1309 1309
1666 1851 1702 1834 1847 1774 1808 1716 1844 1721 1850 475 1853 446 319
86 6 33 28 8 8 5 389 20 77 7 791 1 1209 1209
1889 1666 1851 1702 1897 1898 1901 1774 1904 1907 1716 1721 475 1884 446 319
4 407 20 10 5 3 3 10 1 1 235 77 1015 7 985 985
1666 1947 1957 1972 1898 1965 1966 1716 1941 1721 1946 475 446 319
189 63 1 1 70 1 22 592 26 156 5 746 1254 1254
1666 1994 1986 1998 1999 2000 2001 2002 2003 1716 1721 475 2004 446 319
214 14 83 5 9 2 5 2 1 733 144 743 1 1257 1257
2018 1666 2024 2028 1986 2031 2035 1716 2038 1721 475 446 319
32 268 4 10 195 7 8 872 5 228 588 1412 1412
2080 2018 1666 2089 2090 1986 2062 2093 2097 2099 1716 2078 1721 475 446 319
19 8 365 1 16 349 187 4 2 2 753 2 192 702 1298 1298
2144 1666 2151 2122 2124 1986 2062 2157 2128 2161 2162 2163 1716 1721 475 446 319
6 277 8 19 78 277 139 2 13 16 1 5 692 129 736 1264 1264
1666 2213 2182 2219 1986 2062 2223 2128 2225 1716 2198 1721 2164 475 446 319
215 37 23 7 215 39 5 26 1 935 1 61 14 719 1281 1281
1666 2275 2278 1986 2062 2128 2286 1716 2261 2265 1721 475 2236 446 319
196 3 22 196 29 65 2 1050 1 11 62 888 8 1112 1112
1666 2316 2062 2331 2340 2342 2343 2347 2348 2349 2351 2352 1716 2360 2356 446 319 1986 2128 475 2275 2278 2287
436 60 84 25 4 8 4 58 3 5 5 11 1264 2 2 1264 1264 436 76 736 1 1 6
1666 2331 2373 2342 2375 2377 2379 2316 1986 2062 2383 2128 1716 2380 475 446 319
222 35 18 130 1 7 3 123 222 35 2 111 1451 2 549 1451 1451
2352 1666 2342 2346 2348 1986 2128 2354 2355 1716 475 446 319
3 64 361 8 11 64 209 1 2 1696 304 1696 1696
2400 2369 1666 2373 2342 2376 1986 2382 2128 2385 2399 1716 2398 2393 2388 475 446 319
2 4 55 7 90 20 55 16 231 6 1 1702 7 2 5 298 1702 1702
1666 2437 2342 2440 2453 2444 1986 2382 2128 2449 1716 446 2425 475 2398 319
1 47 103 18 3 11 1 33 134 4 1943 1943 29 57 33 1943
2521 2342 2506 2507 2382 2513 1716 2398 2518 2519 2520 2516 2490 475 446 319
1 6 12 4 19 6 1986 19 11 9 1 3 2 14 1986 1986
475 2585 2588 2580 2572 2382 1716 446 2553 2516 2587 2581 2398 319
53 3 1 7 34 40 1947 1947 5 14 3 12 40 1947
2628 2631 2572 2640 1716 2648 2617 2651 446 319
35 14 33 12 2000 8 40 2 2000 2000
2720 2628 2693 2696 2697 2707 1716 2718 2617 2719 446 319
1 3 13 5 10 2 2000 4 141 4 2000 2000
2693 2758 2696 2734 2738 1716 2718 2745 2617 2751 2719 2757 446 319
57 1 13 28 4 2000 30 9 90 7 30 1 2000 2000
2693 2772 2762 2767 2770 2771 1716 2774 2775 2776 2777 319 446 2751
216 2 13 3 9 1 2000 3 3 2 1 2000 2000 131
2821 2823 2826 2795 2693 1716 2751 446 319
5 2 1 5 156 2000 465 2000 2000
2848 2879 2852 2693 2823 2856 1716 2878 2874 2751 2877 446 319
18 2 15 175 14 1 2000 4 11 651 2 2000 2000
2939 2948 2693 2823 2940 2942 2929 2943 2899 1716 2933 2885 2949 2937 319 2908 446 2751
6 1 83 47 1 9 42 3 61 2000 4 2 2 2 2000 101 2000 501
2992 2929 2899 1716 2998 3000 3002 2751 2908 446 319
28 25 346 2000 9 6 7 502 38 2000 2000
3042 3067 3048 3053 319 2899 1716 3062 3063 3064 3066 2751 2908 446 3039
7 4 2 2 2000 411 2000 1 3 2 2 348 30 2000 6
3137 3075 3140 3141 3048 3116 3117 3121 2899 1716 3129 3095 3131 319 2908 446 2751
1 73 1 1 8 4 8 24 536 2000 2 14 2 2000 139 2000 488
3137 3075 3192 3116 3183 3121 3186 2899 1716 3190 3160 3129 2751 2908 446 319
27 77 1 39 6 16 3 525 2000 1 30 85 585 118 2000 2000
3249 2899 1716 3254 3256 3129 319 2908 446 2751
1 448 2000 1 3 24 2000 124 2000 820
3302 3283 3309 3310 319 2899 1716 3287 3129 3291 2908 446 2751
17 19 10 1 2000 330 2000 7 36 153 97 2000 615
3283 3387 3302 3336 3369 3287 3309 319 2899 1716 3381 3351 3391 3291 2908 446 2751
115 10 41 27 4 43 86 2000 467 2000 19 46 3 255 16 2000 643
3450 3287 3302 3443 3411 3351 3421 3442 3283 1716 3381 3447 3451 2899 3291 3452 2751 446 319
2 13 27 25 6 100 45 8 110 2000 41 9 2 708 347 1 368 2000 2000
3488 3491 3302 3283 3496 3497 3479 3421 3483 2899 1716 3381 3291 3351 3476 319 3452 3485 446 2751
1 3 56 91 1 1 13 1 2 885 2000 156 111 149 22 2000 18 5 2000 463
3283 3524 3302 3479 3532 3539 3537 2899 1716 3381 3542 3351 3291 2751 446 319
2 25 100 25 20 1 3 996 2000 39 1 230 29 577 2000 2000
3587 3558 3302 3575 2899 1716 3351 2751 446 319
16 20 20 33 716 2000 516 748 2000 2000
3616 3619 3621 3592 2899 1716 3351 3615 2751 446 319
7 2 3 10 1079 2000 522 6 399 2000 2000
2899 1716 3638 3351 3641 319 446 2751
1168 2000 4 347 26 2000 2000 485
3648 3713 3696 2899 1716 3710 3351 3673 319 3678 3709 446 2751
45 1 16 816 2000 8 646 1 2000 3 18 2000 538
3744 3749 3753 3724 3757 3758 3727 3730 2899 1716 3763 3351 2751 3759 446 319
31 36 45 150 4 11 101 10 511 2000 5 1154 335 2 2000 2000
3744 3810 3771 3820 3816 3753 3818 3799 3724 3727 2899 1716 3795 3351 3800 3802 319 446 2751
2 29 15 2 9 37 2 15 86 99 798 2000 7 1018 24 13 2000 2000 184
3871 3872 3875 3877 3852 3879 3880 3884 3799 3724 3727 3856 2899 1716 3861 3351 3864 3860 2751 446 319
37 5 13 15 3 1 6 2 15 94 127 37 1166 2000 22 601 28 8 233 2000 2000
3871 3919 3875 3877 3912 3724 3884 3917 3727 3856 2899 1716 3902 3351 3864 3860 319 446 2751
89 1 25 89 16 89 27 1 137 1 1284 2000 20 550 73 45 2000 2000 166
3937 3875 3877 3943 3944 3927 3724 3950 3727 3953 2899 1716 3966 3351 3961 319 3964 2751 446 3871
21 40 74 68 41 6 58 13 193 65 1548 2000 2 194 2 2000 2 258 2000 58
3976 3724 3983 3351 3999 4001 3875 4004 4016 4017 4018 4019 1716 3871 446 319 2899 3727 3943 3944 3953 2751
66 43 50 85 14 6 39 2 4 1 1 1 2000 43 2000 2000 1897 133 66 45 176 18
3875 3999 3953 3976 4040 3983 3944 4041 2899 1716 3351 4020 3727 446 319
162 12 122 191 8 98 218 7 1838 2000 162 1 115 2000 2000
4066 3875 4069 3953 3944 4076 4078 4079 4080 3976 2899 1716 3351 4056 446 319
63 171 24 2 349 1 6 1 1 210 1829 2000 171 27 2000 2000
4103 3976 4119 4109 4112 3351 4126 4130 4131 4132 4133 4134 4146 4147 1716 4150 4148 446 319 3875 4066 4069 3944 4076 2899 4094 4095
5 241 2 12 34 393 11 4 9 7 11 10 4 4 2000 3 5 2000 2000 393 181 120 398 15 1607 13 16
3976 4112 3351 3875 4134 1716 446 319 4169 4194 2899 4182 4184 4187 4191 4193 4066 4195 4069 3944 4076 4095
80 19 470 470 14 2000 2000 2000 151 1 1530 48 2 25 6 3 143 2 48 375 25 235
4255 4066 3875 4260 4069 3944 4169 4076 4258 4112 3976 2899 1716 4245 4182 3351 4248 4259 4095 446 319
1 57 269 2 45 514 83 23 6 14 127 1731 2000 2 139 269 1 1 548 2000 2000
4258 3875 4305 3976 4169 4066 4302 4301 3944 4306 2899 1716 4309 4182 3351 4308 4095 446 319
85 342 4 73 97 123 7 20 612 2 1658 2000 2 342 342 3 378 2000 2000
4355 4363 4366 4367 4371 4373 4374 3351 4376 4258 3875 1716 446 319 4169 4302 2899 4182 4312 4066 3944 4341 4095
4 9 5 6 6 2 4 386 1 84 386 2000 2000 2000 86 50 1614 355 86 65 553 6 606
4312 3351 4258 3875 4302 1716 4406 446 319 4416 4417 4419 4169 4430 2899 4437 4182 4439 4440 4442 3944 4095
49 352 105 352 164 2000 51 2000 2000 9 20 20 49 46 1648 4 527 3 2 2 590 823
4480 4417 4258 3875 4182 4511 3944 4489 4490 4302 4513 4517 2899 1716 4406 3351 4095 4508 446 319
31 31 122 333 955 3 1041 37 1 146 1 3 1667 2000 243 333 574 10 2000 2000
4258 4539 4406 4518 4534 3944 4554 4551 4524 4531 4302 4552 2899 1716 4182 3351 3875 4095 446 319
17 9 251 11 8 858 2 1 84 16 234 2 1712 2000 858 288 288 854 2000 2000
4578 3875 4406 3944 4585 4581 4524 4531 4302 2899 1716 4182 3351 4601 4602 4095 4605 446 319
14 80 409 1014 6 90 25 4 56 1920 2000 1014 80 7 3 906 1 2000 2000
4608 4578 3875 4406 3944 4617 4581 4302 2899 1716 4182 3351 4639 4095 4636 4637 446 319
54 12 82 496 1214 61 114 1 1918 2000 1214 82 3 704 14 26 2000 2000
4608 3875 4676 4581 3944 4683 4684 4685 4680 2899 1716 4182 3351 4406 4095 4636 4669 446 319
82 78 4 139 1168 2 1 2 7 1922 2000 1168 78 230 754 13 22 2000 2000
4608 4736 4738 4739 4740 4406 3944 4713 4581 4718 4712 4691 2899 1716 4182 4728 4095 4700 446 319
111 4 2 3 1 111 1081 20 138 44 24 7 2000 2000 1081 8 919 47 2000 2000
4608 4736 4740 4406 4743 3944 4581 4751 4752 4712 4691 2899 1716 4725 4182 4095 4700 446 319
112 3 6 225 24 1072 316 1 1 135 42 2000 2000 3 1072 928 68 2000 2000
4608 4406 3944 4581 4748 4749 4758 4752 2899 1716 4757 4182 4759 4756 4095 446 319
72 150 1022 118 44 2 1 7 2000 2000 3 1022 2 5 978 2000 2000
4608 4782 4406 4581 4769 3944 4777 4748 4758 4790 4752 4785 2899 1716 4787 4182 4791 4792 4095 446 319
11 15 155 115 9 1239 15 115 8 1 12 15 2000 2000 12 1239 3 1 761 2000 2000
4819 4769 4406 4837 4581 3944 4809 4748 4782 4847 2899 1716 4182 4835 4852 4844 4095 446 319
20 5 76 2 124 1244 3 124 8 5 2000 2000 1244 30 2 8 756 2000 2000
4819 4915 4918 4406 4870 4903 3944 4581 4748 4910 4911 4904 2899 1716 4182 4884 4095 4892 446 319
305 2 1 376 46 3 1322 229 229 2 9 2 2000 2000 1322 38 678 29 2000 2000
4819 4406 4934 3944 4581 4748 4941 2899 1716 4182 4952 4095 446 319
186 312 8 1331 193 193 4 2000 2000 1331 1 669 2000 2000
