32 35 39 42 24 26 30
5 17 4 4 12 2 8
65 102 73 110 111 105 62
21 27 7 1 1 1 16
139 102 169 171 172 174 175 144 113 150 156 158
9 194 11 36 1 2 2 55 4 42 15 9
102 231 238 207 144 211 245 150 185 239 156 158
339 12 20 38 68 49 2 34 48 38 17 3
256 102 297 298 239 279 185 207 252 286
118 438 6 19 88 4 19 107 17 33
256 353 102 239 304 352 341 344 346 252 350 351
236 1 76 7 20 2 39 2 4 31 2 3
256 406 102 392 381 402 404 341 374 407 408 377 378 410
277 1 13 7 9 14 12 65 22 9 1 10 23 2
256 424 458 462 464 402 341 407 472
251 17 1 13 13 131 62 59 4
256 514 516 520 424 521 458 523 524 525 526 495 529 402 341 472 527 522 511
77 3 1 8 20 2 106 2 6 2 3 78 3 245 374 25 1 1 16
256 547 424 458 555 495 529 402 341 538 511
340 9 17 80 6 69 35 265 340 68 57
256 547 458 558 495 561 402 341 511
545 28 59 13 77 7 500 81 154
256 547 580 613 615 458 583 620 558 495 619 402 611 341 598 602 575 511
638 41 48 7 5 7 49 2 184 123 2 401 4 79 34 7 8 109
256 640 642 643 645 583 558 495 402 628 341 630 633 638 511
419 6 8 4 5 215 269 219 349 12 97 22 17 22 6
256 705 706 707 708 677 710 583 642 558 495 402 341 630 697 709 701 703
493 4 5 1 1 5 1 167 8 181 277 403 12 17 2 1 4 7
256 736 738 677 583 558 495 402 630 695 729 730 731 733
463 1 1 143 252 150 7 745 5 64 2 9 7 11
256 772 677 583 780 786 558 783 752 785 402 787 788 695 730
569 4 253 302 16 8 152 38 34 6 827 2 3 48 11
256 752 843 822 832 839 809 583 558 847 848 849 402 790 825 730 677
743 141 3 131 7 1 12 169 102 2 1 1 558 23 25 18 169
256 677 583 874 878 893 752 402 885 822 889 825 730 892 890
538 191 191 61 10 3 242 760 9 274 5 126 36 1 2
256 677 583 905 874 752 402 915 822 889 924 925 926 927
707 75 75 22 63 243 664 38 361 62 6 14 29 1
256 402 925 926 677 946 822 958 959 960 961 964 965 583 970 971 972 973 974 874 752 889
794 883 76 6 45 41 623 10 8 5 11 16 9 45 5 3 4 4 3 18 147 190
256 1027 677 583 946 752 402 822 889 987 925 926
689 2 104 104 36 245 979 459 204 63 148 12
256 993 1019 1014 999 402 1005 752 946 1011 1013 822 889 987 925
823 50 18 2 14 786 3 244 75 2 9 286 199 83 230
256 993 1058 1060 1063 1064 1068 946 752 402 822 889 1050 1019 925
727 14 58 63 26 1 8 53 140 810 216 26 50 26 140
256 1058 1123 1060 946 1106 1103 752 402 822 1082 1019 1116 925 1119
435 54 2 27 1 32 19 391 883 101 29 104 5 391 12
256 1153 1060 1158 1160 1161 1130 1163 1106 752 402 1142 1082 925
335 8 26 7 3 1 32 2 24 478 703 41 92 478
256 1185 1219 1221 1160 1130 752 1169 402 1208 1209 1082 1211 1224 925
332 6 11 14 24 80 755 15 376 25 55 51 3 2 755
256 1252 1221 1255 1169 1130 1261 1263 752 1272 402 1267 1240 1082 925
202 4 36 11 5 162 29 3 1264 3 221 7 54 167 1264
256 1264 1221 1254 1130 1260 1266 1262 752 402 1267 1268 1240 1082 925
142 1 9 3 210 39 2 9 1136 220 1 1 154 89 1136
256 1280 1283 1284 1285 1286 1287 1130 1260 752 402 1270 1240 1082 925 1279
85 33 48 1 13 1 2 136 84 1289 178 21 93 85 1289 6
256 1280 1283 1319 1320 1324 1130 1260 1328 752 1240 1082 925
16 34 120 31 11 3 52 200 1 1399 52 16 1399
1347 1319 1388 1130 1387 1260 752 1362 1240 1337 925
22 84 1 44 1 481 1833 57 44 22 1833
1408 1441 1411 1446 1319 1416 1130 1260 752 1362 1240 925 1438
64 5 115 1 36 28 25 658 2000 208 25 2000 33
1408 1411 1476 1319 1480 1481 1482 1479 1260 1453 752 1362 1461 1465 925 1438
31 152 18 163 2 1 1 11 429 21 2000 132 19 1 2000 163
1514 1411 1541 1510 1319 1544 1546 1260 1554 1550 752 1362 925 1438
12 225 25 17 200 13 9 430 3 1 2000 165 2000 200
1601 1411 1319 1260 1362 1583 752 1587 1586 1603 1598 1591 1560 925 1438
12 61 31 424 78 44 2000 13 22 8 1 45 1 2000 31
1643 1618 1641 1640 1644 1611 1260 1362 1629 752 1586 1620 1591 925 1645
1 2 3 6 4 21 392 97 22 2000 39 15 136 2000 2
1611 1260 1693 752 1362 1653 1591 1656 1691 925 1685
32 853 3 2000 237 48 28 12 3 2000 28
1740 1702 1708 1737 1707 1260 1746 752 1362 1653 1705 1749 925 1685
41 52 39 9 53 1165 4 2000 480 96 41 3 2000 96
1821 1801 1260 1775 752 1809 1362 1779 1817 1819 1820 925 1790
6 31 1017 60 2000 27 468 48 5 2 1 2000 4
1860 1846 1869 1868 1260 1362 1775 752 1874 1878 1881 1817 1851 925
5 7 12 29 902 325 358 2000 46 10 1 94 15 2000
1888 1953 1952 1956 1930 1260 1938 1934 1775 752 1362 1915 925
33 7 5 8 19 719 16 30 360 2000 48 23 2000
2016 2011 1956 1957 1260 1938 1934 1775 752 2001 1362 2004 2007 1915 925 2015
1 1 68 3 844 25 67 528 2000 4 64 4 15 17 2000 1
2048 2081 2082 2084 2085 2027 1260 1934 1775 752 1362 2069 2041 2075 2076 925 2078 2077
37 2 9 2 4 115 478 28 183 2000 91 43 39 4 19 2000 4 1
2160 2146 2027 2158 2149 2088 2154 2135 1260 2157 2126 1775 752 2161 1362 2069 2103 2137 2138 2139 925
3 14 8 4 3 5 1 21 558 5 12 17 2000 5 163 39 39 5 11 68 2000
2183 2184 2027 1260 2126 1775 752 2161 1362 2164 2069 2103 2200 2202 2203 2199 925 2197
6 34 52 529 99 14 2000 8 20 19 129 129 5 5 1 10 2000 5
2183 2184 1260 2126 752 2069 2262 2103 2264 2267 925
22 2 650 3 2000 82 1 82 1 1 2000
2183 2313 2314 1260 752 2069 2103 2300 925 2302
42 1 1 993 2000 60 60 5 2000 21
2183 2348 2347 1260 752 2069 2103 925
32 3 3 1271 2000 130 130 2000
2373 2376 2378 1260 752 2069 2103 925
15 3 4 947 2000 37 37 2000
2400 2423 1260 2414 752 2420 2069 2422 2103 925 2421
13 2 499 19 2000 5 80 2 80 2000 1
2400 2469 2471 2472 2473 1260 2477 2414 752 2069 2103 2458 925
2 11 4 4 8 501 2 2 2000 87 87 1 2000
2400 2498 2505 1260 752 2517 2521 2522 925
30 52 36 317 2000 33 3 2 2000
2534 1260 752 2547 2517 2555 2556 925
3 486 2000 28 91 3 1 2000
2593 2596 2597 2566 2599 2602 2571 1260 2574 2607 752 2517 2582 2598 2606 925 2559
24 15 5 43 3 7 29 262 63 1 2000 100 64 3 1 2000 91
2627 1260 2638 2653 752 2611 2517 2582 2648 2649 2618 2652 925 2645
12 267 45 1 2000 35 49 174 26 1 21 1 2000 24
2678 2694 2698 1260 2638 752 2517 2582 2648 2618 925
27 32 3 205 13 2000 55 75 275 4 2000
2728 2699 1260 2733 2702 2735 752 2712 2517 2582 2648 2714 925
2 6 59 1 38 2 2000 8 45 229 153 6 2000
2753 2724 2758 2761 2762 1260 2702 2767 752 2517 2582 2777 2648 2745 2778 2780 925
59 10 20 11 15 15 45 4 2000 175 207 1 32 104 3 3 2000
2786 2788 2758 2761 2818 2702 752 2801 2802 2805 2798 2582 2745 2815 925 2517
59 3 12 9 2 33 2000 7 25 2 8 128 344 3 2000 40
2816 2848 2838 2822 2761 2839 2702 2845 752 2517 2582 2745 2841 2842 925 2847
146 3 9 75 68 15 12 1 2000 29 122 150 35 1 2000 4
2816 2822 2888 2761 752 2899 2901 2582 2745 2906 925
127 79 4 66 2000 2 2 94 262 1 2000
2816 2822 2919 2921 2941 752 2898 2582 2745 2906 2939 2940 925 2942
76 67 25 14 1 2000 20 91 72 29 4 2 2000 1
2816 2981 2822 2985 2941 752 2994 2995 2964 2582 3001 2745 2939 925
50 1 1 11 50 2000 6 1 27 257 10 37 33 2000
3009 3044 3056 3054 3055 752 3057 3059 2964 2582 3034 2939 925
110 5 3 1 1 2000 1 1 68 583 16 4 2000
3104 3009 3074 3113 3115 3087 752 2964 2582 925
7 108 2 6 5 5 2000 174 362 2000
3009 3171 3172 3158 3146 3182 3150 3183 752 2964 3125 2582 3128 925
306 4 5 5 13 1 40 1 2000 173 80 439 10 2000
3009 3203 3206 3207 3208 3209 3181 3150 752 3184 2964 3125 2582 925 3199
623 1 2 2 2 3 71 115 2000 1 133 12 737 2000 5
3009 3239 3241 3242 3248 3181 3150 3261 752 2964 2582 3256 3258 925
597 27 16 16 6 49 119 1 2000 366 629 3 1 2000
3009 3300 3239 3275 3181 3150 3309 752 3315 2964 3310 2582 3316 925 3262 3263
669 4 130 4 7 201 2 2000 1 424 1 766 3 2000 60 31
3329 3331 3393 2964 2582 925 3239 3371 3374 3381 3384 3386 3262 3263 3392 3009 3396 3400 3150 3181 752 3348
14 7 5 340 1022 2000 88 5 2 11 13 18 60 4 1 1022 6 1 348 9 2000 21
3424 3009 3459 3442 3462 3239 3468 3469 3150 752 3410 2964 2582 3386 3420 925 3454
102 1244 5 4 5 20 1 1 632 2000 56 250 1244 3 45 2000 5
3424 3009 3490 3510 3528 3516 3530 3533 3150 752 3410 2964 3509 2582 3480 3514 3420 925 3472
19 804 28 19 1 1 4 1 180 2000 15 429 23 804 25 27 49 2000 92
3009 3592 3595 3597 3150 752 3537 3472 2964 2582 3420 925
739 6 3 2 68 2000 26 49 323 739 26 2000
3648 3009 3620 3638 3649 3626 3627 3634 3150 3606 752 3537 3472 2964 3645 2582 3632 3642 925 3646
9 681 17 16 7 13 34 9 27 3 2000 130 108 226 4 681 47 7 2000 6
3009 3699 3620 3690 3627 3692 3698 3150 752 3537 3472 3634 2964 3701 2582 3684 3642 925
415 15 39 17 70 13 27 1 2000 289 40 32 326 6 415 41 39 2000
3009 3714 3723 3684 3718 3690 3627 3725 752 3537 2964 2582 3642 925 3710
626 19 2 42 10 162 214 6 2000 179 179 626 120 2000 23
3009 3778 3684 3537 3788 3690 3627 3756 3725 3790 3791 752 3761 3763 2964 3789 2582 3642 3792 925 3710
351 9 27 238 10 73 73 42 130 6 2 2000 55 11 238 1 351 34 3 2000 50
3009 3778 3684 3816 3849 3690 3627 3788 3725 3850 752 3537 2964 3824 2582 3642 3836 925 3807
471 112 8 5 3 104 104 56 120 2 2000 102 102 18 471 72 3 2000 51
3009 3778 3907 3908 3909 3905 3690 3627 3788 3725 3906 752 3537 2964 3824 2582 3896 3642 3888 925 3871
440 82 6 3 2 4 45 45 137 322 1 2000 149 149 18 440 15 144 16 2000 51
3009 3778 3690 3942 3945 3946 3627 3788 3725 3950 752 3537 2964 2582 925
663 189 117 23 13 15 117 328 284 2 2000 175 175 663 2000
3009 3778 4006 3946 3788 3725 3997 752 3537 3986 3987 2964 2582 3991 3994 925
452 95 3 88 271 295 2 2000 83 2 5 83 452 6 6 2000
3009 3778 4067 4069 4065 3946 3788 3725 752 3537 2964 2582 925
153 79 16 1 6 156 55 401 2000 56 56 153 2000
4100 4101 4103 4104 4105 4106 4108 3725 4111 2964 2582 925 3009 3778 4109 3537 4067 3946 752 4081 4086 4090
6 3 13 3 2 2 1 243 5 82 182 2000 182 95 5 82 8 99 2000 50 38 20
3009 3778 4113 4086 4081 3946 3725 752 3537 2964 4149 2582 4090 4150 925
208 16 200 233 12 31 382 2000 56 56 1 208 81 1 2000
3009 3778 4195 2582 3537 4200 4186 3946 4204 3725 4205 752 4113 2964 4086 4090 925 4197
119 8 7 119 18 3 32 152 4 574 3 2000 119 18 163 220 2000 2
3009 4228 2582 4225 3946 4235 4236 3725 752 4113 4250 4186 4245 4086 4240 4249 4090 4252 925
206 9 206 15 139 14 19 551 2000 31 1 12 5 264 12 5 235 2 2000
4225 4260 2582 3009 3946 4304 3725 4303 752 4113 4277 4086 4289 4298 4090 925 4287
148 57 159 159 319 1 793 3 2000 34 31 98 3 12 111 2000 82
3009 4290 2582 4289 3946 3725 752 4277 4086 4090 925 4287
96 1 96 3 99 893 2000 35 143 167 2000 54
3009 2582 4295 4296 3946 3725 752 4277 4086 4090 925
76 76 21 5 48 821 2000 5 334 53 2000
3009 4099 4100 2582 4102 4104 3946 3725 752 4106 4086 4090 925 4094
263 1 2 263 3 2 40 648 2000 1 253 64 2000 2
3009 4162 4163 4086 3946 3725 752 4122 4149 2582 4090 925
379 1 2 151 38 769 2000 25 22 379 48 2000
3009 4086 3946 4204 3725 4214 752 4209 2582 4215 4090 925
439 29 121 8 644 4 2000 20 439 4 167 2000
3009 4259 2582 3946 3725 4285 752 4086 4282 4280 4281 4090 4252 925
607 6 607 149 581 3 2000 67 6 12 9 34 34 2000
3009 4086 3946 4304 3725 752 2582 4281 4090 925
618 185 219 11 446 2000 618 158 1 2000
4352 3009 4354 4086 3946 3725 752 4339 2582 4343 4281 4348 925 4351
2 749 2 74 228 555 2000 21 749 19 90 1 2000 1
3009 4388 4086 4361 3946 4363 3725 752 2582 4409 4408 4281 4410 925 4343
834 3 10 60 197 156 388 2000 834 1 4 160 1 2000 3
3009 4450 4451 4452 4086 4422 4449 3946 4363 3725 925 752 4433 2582 4281 4445 4453
981 1 4 2 18 30 1 117 6 381 2000 2000 6 981 107 25 1
3009 4514 4502 4422 4449 3946 3725 4493 752 4496 2582 4281 4505 4507 925 4510
1128 4 17 116 17 247 327 19 2000 13 1128 23 34 17 2000 3
3009 4517 4422 4449 4521 3946 4519 3725 752 2582 4505 925 4522
887 22 107 204 12 512 1 538 2000 887 118 2000 1
