0 1
2 3
8 6
1 3
18 21 13 15
1 2 61 61
16 13 15
2 68 68
13 15
51 51
0 1 2
3 1 1
3 4 6
2 1 1
0 1
3 1
11
1
1
2
1
1
1
4
5
1
8 5 6 7
1 1 1 4
4
2
0 1
1 1
9 10 11 5
1 1 1 3
8 9 4
1 1 3
0 1
3 1
7
4
0
2
10 15
1 1
9 6
1 3
0 1
2 1
8 10
1 2
0 1
1 1
1 3 4
4 1 1
0 1
1 1
4
1
0
2
3
1
0
2
1 3
1 1
0 3
3 2
9 5
1 1
0 1
1 1
1
1
0 1 5 6
1 1 2 1
2
1
3
3
0 1
1 1
4 5
1 2
6
3
1
1
6 7
1 2
0
2
0
1
3
1
0
1
7
1
10 12
1 1
0 1
1 1
10 11 13
1 2 2
8 12 13
1 1 1
0 1
2 1
6 7
2 2
0 3
1 1
0
1
1
1
8
1
2 3
2 1
2
1
1
1
0
1
0
2
8 9 11 12
1 1 1 2
3 4
1 1
0 1
1 3
5
1
6
1
2 6
2 4
3 5
1 1
9
1
2
1
