64 4 44 47 50 61 62
1 2 19 32 4 1 4
103 105 106 44 47 108 87 91 93 94 95
5 9 1 78 178 1 72 17 5 7 18
96 129 128 44 47 118 87 91 124 126
36 3 1 6 470 7 102 11 1 4
96 132 133 134 105 47 112 87 91 127
57 10 1 5 15 457 12 51 5 57
96 161 163 164 165 166 47 150 91 127
209 1 17 2 3 1 219 11 18 15
96 163 205 203 47
393 78 9 3 73
96 192 164 197 201 204 205 206 207 176 182 184
679 17 68 6 13 4 6 1 1 9 1 2
96 164 210 249 251 252 253
707 49 3 4 5 1 4
96 291 164 294 264 297 299 269 271 303 306 307 283
583 4 199 3 34 6 1 53 59 2 1 2 40
96 320 164 327 269 271 339 342 344 324 315 317
512 41 198 40 27 199 10 7 3 39 130 36
96 379 164 327 392 356 363 365 372 271 269 391 344 324 378 315
439 6 176 41 1 10 99 14 16 380 30 2 80 100 8 124
96 395 164 327 394 363 271 401 402 403 404 406 344 324 315
260 43 106 60 19 20 555 2 3 1 1 1 301 93 93
324 438 327 456 458 459 461 271 464 440 463 441 344 164 315
70 3 15 17 9 3 2 640 4 27 5 5 507 255 70
480 324 485 491 492 271 344 164 315
183 87 62 3 14 1032 564 23 87
546 515 324 485 550 551 552 271 528 530 502 344 537 538 315 542
7 6 42 83 4 4 2 1477 6 11 18 283 34 1 42 2
577 485 598 271 502 567 344 602 573 575
69 181 8 1565 101 7 274 3 11 24
577 485 271 502 344 605 606
79 156 1213 85 582 5 3
577 485 650 654 271 624 659 502 344
27 329 1 29 1222 27 2 63 639
577 485 586 587 589 271 344
139 530 6 2 3 1347 380
577 643 485 646 609 648 615 620 271 632 647 344 605 638 637
188 1 526 3 10 4 7 17 1206 13 1 464 48 2 16
577 485 651 653 654 271 658 660 344 637 638
179 536 81 15 1 1606 8 1 149 36 20
577 674 485 679 653 271 689 658 691 661 694 344 637 693
240 69 344 71 159 1729 2 80 1 31 2 228 36 9
653 271 658 661 674 679 693 701 577 708 721 344 733 485 743 744 747 752 754 755 756 637
44 1659 184 111 148 90 85 70 309 109 39 208 22 119 11 8 1 10 2 3 1 109
653 271 658 661 674 679 811 812 813 820 821 824 825 827 828 701 693 577 708 344 783 485 637
31 1632 339 10 40 169 5 20 4 2 15 11 5 1 2 83 62 336 224 250 59 226 81
577 708 485 679 886 871 876 653 271 880 824 658 884 821 854 344 783 637 693
271 178 332 225 2 15 3 224 1591 17 152 79 1 98 14 288 63 63 60
577 930 708 485 929 679 927 653 271 824 658 911 821 901 344 889 783 637 926 693
25 1 246 412 1 328 2 280 1602 41 302 1 85 14 371 20 43 43 14 19
577 708 485 679 653 271 658 979 980 821 344 783 637
13 52 566 327 321 1592 580 4 1 47 408 81 81
708 485 999 1002 679 1004 653 1006 271 658 989 821 344 996 783 637
130 761 12 10 27 1 115 2 1753 589 20 15 247 14 220 220
1074 708 485 1031 1071 989 679 653 783 1035 1073 658 1075 1076 1045 344 271 637 1061
10 42 625 13 4 15 14 105 428 2 1 616 2 3 2 442 1558 428 6
1115 708 485 1031 1100 653 783 1105 658 344 271 637
2 13 584 100 20 166 423 2 526 423 1577 423
1168 708 485 1170 1031 1159 653 1166 783 1165 1169 658 1171 344 271 637
2 89 302 3 25 12 305 6 451 3 2 704 3 451 1549 451
1216 653 708 485 1170 783 1213 658 344 1220 1210 271 637 1221
11 118 286 341 49 585 15 659 585 5 10 1415 585 2
1248 1249 708 1253 1266 1258 653 271 658 1268 1237 344 783 1245 637 485
45 9 237 14 2 2 123 1320 378 5 6 680 680 22 680 582
1248 1249 1312 1315 708 485 1287 1340 653 783 658 1341 1303 344 1306 271 1308 637 1285
232 63 10 18 343 495 1 1 163 629 370 1 37 629 18 1371 3 629 7
1376 1248 708 485 1415 1418 653 783 1400 658 1405 1399 344 1401 1402 271 637 1407
17 126 512 523 3 6 368 468 9 129 3 12 468 1 7 1532 468 2
1248 1440 1475 708 485 1447 653 271 1432 658 1427 1464 344 1437 783 637 1477
17 73 5 414 496 17 162 1280 227 208 18 2 720 66 720 720 5
653 271 344 658 1432 1437 1440 1475 708 1483 1488 1496 783 1500 1501 485 1511 1512 1513 1514 1515 637
395 1440 560 343 233 10 343 101 334 16 19 10 560 2 19 368 3 8 4 5 1 560
1440 1537 1539 708 485 1533 1547 653 1550 271 344 658 1475 1432 1540 1501 783 637
454 31 19 179 628 192 2 461 2 1397 603 129 79 489 2 112 603 603
1440 1601 1603 1475 708 485 1533 653 271 1600 1432 658 1581 1602 1559 344 1604 1501 783 1596 637
763 1 2 83 262 511 202 763 1604 1 394 68 38 1 75 396 1 30 396 8 396
1440 1648 1475 708 485 1649 1533 1655 653 271 1641 1432 1651 1652 1654 1559 344 1636 1501 783 637
577 5 187 490 456 4 116 3 577 1523 2 285 4 3 7 72 477 3 26 477 477
1440 1711 1699 708 485 1533 1706 1719 1708 653 1710 271 344 1475 1685 1718 1559 1432 783 637 1717
615 2 10 465 233 28 15 1 1 615 4 1313 687 15 24 1 23 124 687 687 1
1440 1761 1784 708 485 1734 1706 1533 1770 1559 653 783 1432 1782 1783 344 271 637 1743 1775
849 82 3 229 148 123 30 41 13 41 849 774 41 1 12 774 1226 774 52 21
653 783 1559 1432 1440 1862 1832 1836 1839 1850 1854 708 1861 1734 1863 344 271 1761 485 637 1783 1533
1078 560 65 65 1078 2 40 18 33 10 3 223 1 153 1 560 1440 133 139 560 136 65
653 783 1440 1832 1836 708 1734 1889 1865 1874 344 271 1761 485 1895 1899 1900 1901 1902 1903 1783 637
1003 681 1003 18 1 167 127 19 64 10 681 1319 47 149 5 1 5 1 3 3 81 681
1440 1761 1903 708 485 1734 1927 1928 1865 1932 653 271 1783 344 783 637
824 15 50 249 66 245 12 3 46 7 824 1139 115 861 861 861
1440 1985 1979 708 1734 1990 1991 1992 1956 485 653 271 1976 1940 1984 1783 344 1977 783 637 1983
1238 7 9 151 57 1 1 2 3 2 1238 1391 53 2 6 192 609 11 609 609 29
1440 2033 708 2031 2039 2027 2028 653 783 1976 2037 2038 1783 344 271 637
1432 2 90 12 2 2 13 1432 478 134 3 2 85 478 1522 478
1440 708 2087 2088 2091 653 271 1976 2037 344 2084 2042 783 637
1266 170 2 3 3 1266 1436 138 19 564 4 12 564 564
1440 2113 708 2093 2091 653 783 2136 2100 2037 2135 344 271 637 2133 2101
1122 18 100 30 113 1122 778 1 27 79 4 778 1222 778 4 18
2176 2179 2187 653 2190 2191 1440 2091 2093 2101 2113 708 2189 2133 344 271 783 2155 2037 2167 2169 637
2 9 12 1065 1 1 1065 5 22 90 90 8 6 12 927 1073 927 57 3 87 10 927
1440 2113 2236 2187 653 783 2237 2196 2133 2167 344 2233 271 2204 637 2101
1048 55 4 80 1048 952 3 27 97 252 952 10 1048 29 952 55
1440 2272 2187 2277 2278 2266 2251 653 2255 783 2196 2133 2167 344 2233 2265 271 2268 637
978 6 65 2 1 7 11 978 18 1022 7 130 65 1022 41 5 978 5 1022
1440 2267 2276 2277 2187 653 2287 271 2288 2289 2291 2292 2133 2167 344 2265 783 637
1320 22 4 8 80 1320 11 1320 22 4 1 2 69 80 680 36 680 680
1440 2338 2327 2341 2342 2343 2187 2316 653 2318 271 2335 2325 2267 2167 344 2265 2330 783 637 2133
1090 3 19 1 1 1 389 1 1090 19 1090 14 51 16 389 910 16 62 910 910 37
1440 2347 2372 2377 2187 653 271 2392 2353 2355 2388 2133 2390 2167 344 2395 783 2396 637 2389
1000 21 20 24 265 1000 1000 1 6 84 1 144 3 265 1000 2 1000 1 1000 2
1440 2432 2434 2377 2187 653 783 2353 2418 2133 2429 2167 344 271 2428 637 2430
682 6 2 57 310 682 1318 8 11 298 1 310 1318 682 14 1318 27
1440 2465 2443 2487 2187 2444 653 783 2491 2133 2486 2167 344 271 637 2430
775 4 47 4 360 36 775 1225 1 148 10 360 1225 775 1225 15
1440 2528 2530 2443 2532 2533 2535 2187 2495 653 783 2531 2133 2167 344 271 2524 637 2527
914 9 1 27 1 2 1 448 8 914 1086 1 167 448 1086 914 25 1086 5
2571 653 783 2578 2579 2590 1440 2594 2595 2596 2597 2598 2495 2187 2133 344 271 2533 2541 637 2167 2557
53 870 1130 4 1 1 870 2 3 8 1 2 159 473 53 1130 870 40 182 1130 473 101
2571 653 783 344 2578 1440 2612 2495 2187 2631 2640 2641 2133 2646 2648 271 2652 2661 2657 2658 2660 2533 2665 2667 2541 637 2167 2557
25 880 1120 1120 97 880 20 107 398 12 31 5 22 4 63 880 6 6 5 3 2 37 1 3 456 1120 398 456
2691 2187 653 2702 271 344 2578 2709 2710 2713 2717 2718 1440 2495 2631 2640 2648 783 2533 2541 2557 2167 637
8 169 1043 5 1043 957 52 25 4 11 1 3 1043 59 53 99 115 957 37 669 669 169 957
1440 2781 2779 2631 2541 2187 653 271 2640 2648 2578 2557 2709 2167 344 2778 783 2780 637 2495
1117 1 3 204 730 265 1117 1117 11 207 169 730 5 265 883 11 883 3 883 301
2819 2823 2825 2826 2827 2828 653 271 344 2578 1440 2495 2187 2631 2648 783 2794 2795 2541 637 2167 2557
23 17 10 5 2 4 1145 1145 855 214 1145 288 258 8 95 855 106 44 857 855 258 857
2819 2187 653 783 344 2578 2839 2841 1440 2831 2857 2863 2865 2867 2874 2495 2883 2884 2888 2890 2891 2893 2894 2895 2648 271 2794 2795 2541 2557 2167 2879 637
10 330 1513 487 487 178 13 25 1513 34 7 35 37 15 18 159 39 8 8 4 2 5 1 4 92 1513 79 103 1354 1354 330 11 487
2944 2945 2947 2948 2952 2953 2954 2187 2956 653 783 2648 2578 1440 2831 2925 2863 637 2495 2883 2884 2891 2895 2900 344 271 2957 2794 2795 2541 2557 2167 2938 2941 2942
1 30 6 5 4 1 2 352 2 1449 551 53 146 1449 60 22 99 551 231 10 62 90 23 115 551 1449 2 113 13 1218 1218 352 20 13 9
3009 2187 653 271 2961 2578 1440 2989 3019 2863 2999 3002 3003 3006 2495 2976 2883 2884 3015 3016 3017 2891 3020 3022 2900 344 2831 783 2794 2541 637 2167 2938 2557
8 437 1257 1257 51 274 1257 9 1 232 51 8 9 6 245 72 140 89 1 3 3 68 3 2 73 743 187 743 119 1012 743 437 36 1012
3072 3078 3080 2187 653 3035 783 2961 2578 1440 2831 2989 2863 3003 2495 2883 2884 2891 344 271 3038 3041 3042 2794 2541 2557 2167 637
1 52 6 298 1563 16 437 22 200 1563 117 14 200 5 510 234 22 92 437 1563 11 25 32 22 1053 1053 298 437
3078 3080 2187 653 2831 3088 2578 3091 3092 1440 2863 2495 2883 2891 271 344 3035 783 3042 2541 637 2167 2557
38 62 129 1752 119 2 129 1 2 1752 129 421 230 95 1752 248 165 248 168 1331 248 129 1331
3078 3080 2187 653 783 2578 3139 1440 2831 2863 3120 3125 3132 3135 3136 3138 2883 3140 2891 271 3107 344 3035 3042 2541 637 2167 2495 2557
47 33 31 1702 298 31 1 1702 267 31 125 10 12 14 4 4 117 2 125 1702 12 298 225 84 1207 298 31 495 1207
1440 783 2831 3164 3165 2891 653 3035 271 3120 3160 3156 2495 344 2541 3132 2557 3166 637
1772 228 228 9 1 122 1772 141 1772 122 12 8 414 228 1358 207 1358 1 228
3200 3201 653 783 3160 1440 2831 3120 3132 2495 2891 271 344 3035 2541 3197 3185 3187 3193 2557 3196 637
3 3 1863 137 2 1863 137 58 543 857 58 1863 137 255 1006 2 31 2 6 1006 10 137
3211 653 783 1440 2831 3120 3252 3275 3256 3258 3132 3263 3264 3267 3268 3269 3271 3273 2891 271 344 3035 3260 2541 2557 3185 2495 637
118 1682 318 1682 318 74 9 3 1 7 689 5 8 4 4 3 1 2 74 1682 318 186 1 778 778 142 904 318
1440 783 637 3035 3297 3211 2541 653 2831 3185 3316 3317 3318 344 271 3132 2557 2495
1839 161 161 77 13 56 701 1839 161 26 8 4 3 161 1839 1061 701 1138
3333 653 2831 1440 3035 3367 3373 3376 3377 3378 3380 3382 3383 3384 3385 3386 3132 2495 271 3363 344 783 3297 2541 2557 3185 3316 637
176 1915 85 1915 10 4 10 8 2 4 5 1 4 1 1 1 1367 1377 1915 16 85 85 46 538 538 57 85 85
3333 653 2831 1440 3380 3437 3132 2495 271 3413 344 783 3297 3430 3432 3435 3436 2541 2557 3440 3185 3443 3316 637
68 1985 15 1985 11 3 1670 1670 1985 37 15 15 99 29 9 11 4 315 315 2 40 3 15 15
1440 3297 3333 3430 3464 653 3502 271 3185 3506 3507 3509 3510 3501 2541 3132 2557 2495
2000 53 153 77 5 2000 14 2000 63 2 10 5 2 32 269 1731 269 1731
1440 3297 3563 3333 3558 3561 3562 3557 3564 653 271 3536 3544 3501 2541 3132 2557 2495
2000 29 1 320 1 3 1 4 2 2000 2000 15 15 144 44 1956 44 1956
1440 3333 653 3598 271 3604 3575 3501 2541 3132 2557 2495
2000 218 2000 17 2000 1 12 50 50 1950 50 1950
1440 3619 3333 3644 653 271 3633 3636 3501 3643 3132 3645 2495
2000 108 374 8 2000 2000 8 25 131 11 2000 3 2000
1440 3680 3693 3619 3333 3653 3691 653 3694 271 3636 3501 3132 3677 2495
2000 6 3 122 311 17 4 2000 4 2000 2 160 2000 20 2000
1440 3708 3619 3333 3719 3721 3722 653 271 3697 3501 3132 3677 2495
2000 3 104 271 11 8 2 2000 2000 89 167 2000 143 2000
1440 3777 3619 3741 3333 3752 3721 3767 653 271 3776 3697 3763 3769 3768 3501 3775 3132 3677 2495
2000 1 10 19 172 64 42 2 2000 2000 1 6 7 5 3 162 4 2000 69 2000
1440 3777 3741 3333 3814 3752 3721 3818 3819 3820 653 3791 3808 3798 3817 3501 271 3132 3677 2495
2000 94 47 105 8 27 12 3 1 1 2000 25 1 49 4 105 2000 2000 108 2000
1440 3333 3752 3831 653 271 3827 3801 3501 3803 3132 3677 2495
2000 231 14 1 2000 2000 3 32 231 37 2000 100 2000
1440 3840 3853 3333 3752 3850 3865 653 271 3858 3827 3861 3801 3864 3501 3866 3132 3677 2495
2000 6 1 399 265 50 2 2000 2000 10 10 6 27 10 399 1 2000 48 2000
1440 3904 3333 3905 3752 3914 3916 653 271 3890 3864 3501 3903 3132 3677 2495
2000 3 540 2 340 1 1 2000 2000 5 263 540 22 2000 9 2000
1440 3939 3333 3942 3943 3752 3916 653 271 3944 3864 3501 3903 3132 2495
2000 20 314 15 2 316 6 2000 2000 1 140 314 50 2000 2000
1440 4001 4002 3939 3999 3333 3975 3752 3964 653 271 3984 3864 3501 3903 3132 2495
2000 1 4 50 2 430 24 241 145 2000 2000 13 159 430 73 2000 2000
1440 653 3939 4032 3333 4017 3752 3964 4060 3501 3903 4047 4040 4046 3864 4058 271 3132 2495
2000 2000 16 27 833 62 391 143 1 833 74 44 39 23 391 6 2000 2000 2000
1440 4096 4095 3333 4017 3752 3964 653 4046 271 4040 4100 4101 3864 3501 4047 3132 4094 2495
2000 1 2 947 10 408 136 2000 36 2000 67 2 2 408 947 102 2000 21 2000
3333 4102 653 271 4117 3864 1440 3501 4130 3752 4137 4138 4141 4148 4149 4151 4152 4153 4154 3132 2495 4047 3964
958 33 2000 2000 152 745 2000 958 3 745 1 35 13 3 14 6 6 12 4 2000 2000 145 33
1440 653 4164 3333 4141 4209 3752 3964 4202 3501 4047 4208 4117 4149 4182 3864 4102 271 3132 2495
2000 2000 7 858 25 2 1018 41 12 858 70 1 66 14 30 1018 1 2000 2000 2000
1440 4256 3333 3752 3964 4255 653 271 4240 4117 4182 3864 3501 4047 3132 4253 4222 2495
2000 1 603 1332 47 1 2000 2000 34 154 120 1332 603 120 2000 9 6 2000
3333 653 271 3864 4182 4253 1440 4258 4260 3752 3501 3132 2495 4291 4294 4296 4047 4304 4308 4309 4310 4313 4314 3964
490 2000 2000 1378 286 48 2000 38 71 1378 490 2000 2000 29 15 6 286 7 6 1 1 1 1 132
4355 3333 4361 4364 653 271 4365 3864 4253 1440 3752 3501 3132 2495 4291 4296 4047 4308 4182 4314 4340 4345 3964
20 543 2 2 2000 2000 1 1345 68 2000 1345 543 2000 2000 7 37 413 37 413 58 6 10 112
3333 4361 653 271 4369 4372 3864 4253 1440 4389 3752 3501 4398 4399 4400 4401 4402 3132 2495 4296 4047 4308 4397 4182 4345 3964
439 7 2000 2000 4 86 1264 17 2000 27 1264 439 9 6 2 3 3 2000 2000 42 334 42 1 334 162 297
3333 653 271 4372 3864 4253 1440 3752 3501 4408 3132 4414 2495 4420 4426 4047 4182 4454 4457 4459 4462 4463 3964
537 2000 2000 114 1307 2 2000 1307 537 25 2000 41 2000 58 26 182 182 3 13 2 1 1 156
3333 653 271 4372 4502 4503 3864 1440 4515 4517 4518 4519 3752 4522 3501 4526 4528 4529 4408 3132 4414 2495 4420 4047 4182 4525 4454 4475 3964
690 2000 2000 264 9 75 1011 2000 19 6 11 6 1011 1 690 6 7 3 164 2000 74 2000 33 300 300 2 23 23 299
3333 653 271 4372 3864 1440 3752 3501 4528 4408 3132 2495 4420 4555 4047 4182 4567 4571 4573 4578 4582 4585 3964
526 2000 2000 512 1222 2000 1222 526 119 183 2000 2000 29 91 247 247 44 15 6 9 7 4 252
