64 33 66 68 21 56 60 62
2 137 2 3 91 9 1 2
33 100 70 106 107 108 111 81
198 15 9 1 4 1 2 14
33 166 177 168 169 173 175 176 145 178 125
297 30 1 6 2 1 3 3 6 1 28
33 194 195 166 169 183 185
177 3 1 51 49 21 4
33 166 169 247 236 241 243 246 183 248 233 216
181 426 59 9 6 26 2 3 59 3 16 4
33 290 260 166 263 296 169 298 183 276 247 281 250 283 295
64 27 18 644 23 1 127 2 89 18 48 14 32 7 2
33 290 260 166 169 335 183 345 250 347 348 346
7 120 7 308 262 15 82 3 44 2 1 2
290 166 169 403 405 183 408 411 412
8 487 151 15 6 25 3 3 2
166 169 460 403 470 471 474 444
395 2 3 109 16 1 1 54
512 513 515 517 166 519 488 522 403 527 518 532 533 534 505 444
10 10 11 44 715 15 17 21 11 7 10 1 1 1 28 234
512 517 166 583 585 522 587 592 444
152 107 964 2 11 77 4 2 209
512 642 643 517 166 615 616 604 588 590 628 444 645
33 10 5 28 1253 30 3 6 47 45 2 350 1
645 678 588 590 701 690 693 695 444 517 702 166
19 47 56 22 3 4 28 12 403 26 1 1174
709 166 712 745 717 590 752 756 757 444
67 1360 51 2 56 252 3 4 3 436
770 772 709 166 785 712 777 780 781 590 784 776 786 787 444
26 1 25 1087 3 246 1 6 1 236 3 5 1 1 402
802 772 837 838 712 834 590 818 819 822 444 166
9 20 13 10 270 2 137 9 9 5 475 1011
166 870 839 712 845 590 877 880 881 818 819 878 444 882 862
963 11 15 216 21 6 2 1 1 33 33 2 604 3 36
166 839 712 924 912 818 819 916 444 925 862
935 25 148 1 12 12 12 22 359 3 36
912 166 712 924 818 976 968 978 819 980 983 984 444 979
1 1128 59 5 1 18 29 2 1 2 1 3 458 2
1025 1027 1029 166 1031 1033 1006 1011 1015 1016 1030 444
8 2 3 1458 1 3 24 21 5 16 1 812
1057 166 1068 1072 1075 1077 1079 1080 444
12 1755 5 9 4 1 3 1 1055
1120 1122 1123 166 1105 1106 1076 1111 1115 444 1117 1118 1087
1 1 1 1927 2 4 65 7 14 1425 27 1 51
1187 166 1190 1192 1196 1165 1198 1135 1169 1076 1140 1115 444
9 1768 17 1 1 17 4 23 26 17 3 5 1038
1187 166 1222 1223 1165 1229 1076 1237 1238 1239 1240 444 1190
13 1809 56 8 20 5 20 3 1 2 2 1427 30
1222 1253 166 1293 1296 1265 1298 1299 1268 1301 1271 1300 444
59 27 1792 4 9 6 1 1 16 1 26 2 1327
1344 1349 1347 1350 1222 166 1351 1352 1300 1268 1339 444 1343
9 3 4 6 71 1825 3 1 22 14 2 1455 4
1344 1377 166 1222 1383 1372 1388 1390 1396 1300 1397 1398 1369 444
15 8 1889 102 2 25 12 1 8 89 3 2 57 1585
1440 1444 166 1222 1446 1416 1447 1300 1433 1439 444 1445
18 6 1904 305 1 78 1 105 5 5 1665 2
166 1222 1416 1500 1482 1484 1486 1489 1300 1494 1495 1492 1499 444 1477
1998 370 14 1 3 3 10 25 14 1 9 29 1 1664 28
1506 166 1222 1492 1525 444
25 2000 199 79 7 1511
1506 166 1222 1545 1552 1492 1560 1563 444
2 2000 332 8 4 8 4 2 1892
1506 166 1222 1492 1499 444 1501
14 2000 285 20 6 1916 4
166 1222 1550 1551 1523 1528 444
2000 466 8 1 19 41 1956
1568 1570 1571 1222 1574 1545 1579 1573 1577 1560 1562 1567 444 1566 166
2 8 18 265 6 20 1 4 1 40 18 3 1867 3 2000
1601 1570 1222 1574 1560 1599 1595 444 166
1 19 62 34 19 5 6 1983 2000
1636 1222 1574 1641 1642 1611 1644 1648 1609 1595 444 166
3 67 36 16 11 9 10 2 3 11 2000 2000
1664 1697 1699 166 1222 1704 444 1706 1675 1685 1688 1707 1692 1694 1701
32 9 13 2000 32 2 2000 1 8 10 20 1 26 1 9
1664 1729 166 1222 1736 444 1712 1734 1718 1737 1723 1692 1727
37 10 2000 37 3 2000 78 1 10 2 22 60 21
1793 166 444 1739 1772 1741 1806 1712 1785 1723 1692
23 2000 2000 97 14 58 2 193 28 73 81
1824 166 1830 1831 444 1741 1712 1817 1692
5 2000 1 1 2000 22 69 23 79
1872 1861 166 1864 1866 1836 1871 1712 444
2 29 2000 12 5 86 2 40 2000
1920 1922 1923 1926 166 1836 1871 1872 444
16 7 6 1 2000 139 45 92 2000
1954 1955 1956 1958 166 1959 1964 1943 1836 1965 1935 1968 1970 1972 1975 1944 1871 444 1949
23 2 23 5 2000 13 3 5 3 6 41 7 1 2 1 11 62 2000 28
2016 1985 1954 1987 166 1959 1935 1968 2017 2003 2008 2010 444 2015
8 115 189 19 2000 14 34 36 3 4 4 12 2000 3
1985 1954 1987 2052 166 1959 2044 2061 1935 2036 2041 2042 2063 444
89 175 6 6 2000 6 2 4 36 41 10 10 1 2000
1985 1954 166 2089 2082 1935 2066 2073 444 2079
31 112 2000 1 17 15 70 63 2000 26
2112 1985 1954 166 2113 2108 2082 1935 2097 2066 2105 2103 2073 2111 444 2110 2079
1 30 77 2000 2 16 25 5 96 64 11 30 69 1 2000 3 5
1985 1954 2148 166 2161 2146 2097 2066 2164 2165 2166 2136 2073 444 2111
56 68 10 2000 4 22 66 58 14 1 1 20 207 2000 24
1985 2181 166 2215 2219 2097 2201 2136 2073 2207 444 2111
42 80 2000 4 3 5 9 141 339 28 2000 103
166 2207 2201 2136 2073 2202 2203 444 2205 2111
2000 1 1 6 426 9 20 2000 4 138
166 2251 2257 2261 2262 2263 2232 2073 2202 2239 444 2111
2000 4 11 1 2 2 18 750 3 76 2000 38
166 2321 2323 2281 2314 2316 2318 2319 2320 2257 2291 2073 2239 444 2111
2000 1 1 32 20 3 2 1 2 4 35 471 23 2000 251
2337 2342 166 2347 2349 2350 2351 2352 2321 2291 2073 2239 444 2334 2111
19 5 2000 18 6 3 2 1 3 296 388 71 2000 28 297
2400 2407 2404 2405 166 2375 2347 2406 2291 2398 2390 2393 2392 2073 2403 2111 444 2334 2239
3 2 8 4 2000 23 21 3 328 1 2 27 4 373 5 97 2000 42 75
2466 2443 2468 166 2473 2347 2451 2446 2479 2448 2291 2478 2455 2073 2463 444 2429 2393 2239
13 19 11 2000 2 52 19 79 2 28 498 1 22 284 18 2000 10 10 72
2521 166 2466 2446 2479 2291 2517 2455 2073 2511 444 2429 2239
18 2000 9 108 86 683 6 86 244 6 2000 3 3
2530 166 2455 2446 2479 2291 2551 2073 2554 2511 444 2557 2558
33 2000 27 62 27 730 33 76 2 38 2000 5 1
2607 2597 166 2609 2600 2601 2446 2511 2611 2610 2291 2613 2614 2615 2073 2575 444 2589
1 4 2000 17 6 16 2 34 10 13 800 4 3 2 7 87 2000 22
2675 2627 2661 166 2601 2630 2670 2511 2672 2291 2676 2649 2617 444
1 39 11 2000 9 4 2 138 1 844 1 9 40 2000
2689 2690 2630 166 2697 2699 2700 2701 2670 2511 2704 2291 2601 2703 444 2686 2687
14 49 57 2000 29 5 3 2 39 134 2 849 52 1 2000 57 96
2689 2690 2764 2757 166 2753 2697 2630 2511 2291 2686 2761 2747 444 2750
108 10 1 16 2000 36 9 10 81 721 10 16 15 2000 13
2753 2757 166 2689 2761 2798 2511 2291 2747 444 2750 2799
18 115 2000 85 20 14 120 568 11 2000 11 2
166 2854 2821 2857 2858 2859 2511 2291 2836 2853 2842 2847 444 2846 2757
2000 2 22 1 2 1 36 476 23 1 9 9 2000 3 36
166 2886 2888 2890 2893 2894 2511 2291 2836 2895 444 2757
2000 20 4 1 1 1 91 81 111 1 2000 91
2914 2757 166 2919 2924 2511 2291 2836 2935 2904 444
3 62 2000 20 5 62 272 105 1 98 2000
2757 166 2985 2972 2924 2957 2511 2291 2904 444 2986
123 2000 1 3 28 24 123 263 32 2000 3
3040 3042 3043 3013 166 3015 2511 2291 3031 444 3038 2757
1 3 1 4 2000 4 178 381 8 2000 6 178
3073 3076 2757 166 3082 3085 3086 2511 3088 2291 3078 3087 444 3070 3071
10 15 78 2000 4 4 1 78 1 272 2 2 2000 24 15
3136 3073 3138 2757 166 3137 3114 2511 2291 444 3133 3134
11 25 1 66 2000 2 4 66 171 2000 8 4
3073 3170 3172 3174 166 3175 3114 3179 3180 3181 3182 3154 2291 3159 444
33 4 12 21 2000 16 123 2 1 1 1 83 4 24 2000
3200 3073 3235 166 3114 3243 3221 444 3231
5 150 4 2000 172 1 6 2000 4
3073 3266 3251 166 3272 444 3114 3292 3247 3283 3284 3273 3291 3260 3231
310 40 4 2000 20 2000 79 1 18 14 7 6 9 33 23
3073 3266 166 444 3114 3351 3346 3350 3337 3353 3322 3260 3231
138 47 2000 2000 81 2 23 6 26 5 69 49 110
3360 3073 3364 166 3401 3114 3403 3405 3407 3408 3260 3322 444 3402 3231
33 55 33 2000 10 62 3 2 6 2 37 115 2000 4 53
3360 3425 3364 166 3438 3445 3446 3322 444 3418 3231
7 6 7 2000 3 28 1 187 2000 21 160
166 3473 3465 3470 3472 3418 3474 3475 3445 3322 444 3450 3231
2000 2 5 19 13 11 1 1 91 196 2000 27 351
3489 166 3470 3472 3508 3445 3510 3511 3512 3322 444 3231
4 2000 71 5 34 70 4 1 2 184 2000 405
3552 3489 3555 3556 3557 166 3553 3548 3470 3508 3445 3322 3551 444 3550 3231
1 28 3 1 1 2000 2 12 18 68 81 257 5 2000 6 337
3616 3617 3586 166 3612 3614 3578 3600 3603 3445 3576 3609 3322 3615 444 3610 3550 3231
2 3 66 2000 4 3 4 6 17 594 5 4 115 3 2000 17 33 816
3600 3603 3231 3617 3620 166 3626 3678 3638 3641 444 3646 3656 3657 3666 3669 3671 3675 3550 3681 3445 3322
35 49 912 25 32 2000 16 1 4 44 2000 25 49 34 18 26 13 6 49 1 698 36
3680 3617 3707 3638 166 3688 3657 3708 3678 3600 3603 3445 3702 3705 3706 3646 444 3550 3231
46 59 1 2 2000 31 70 2 61 1 70 625 18 2 1 59 2000 70 995
3777 3746 166 3688 3778 3731 3445 3769 444 3678 3231
6 42 2000 249 2 135 314 7 2000 191 383
3841 3746 3844 166 3688 3836 3731 3445 3839 444 3678 3231
1 66 1 2000 275 11 45 313 1 2000 75 372
3871 3893 166 3879 3688 3882 3885 3886 3889 3731 3445 3894 3891 3867 444 3678 3231
6 1 2000 89 435 12 12 9 6 35 541 1 16 95 2000 169 541
3938 3907 3940 3942 166 3879 3688 3947 3885 3952 3921 3954 3731 3445 3925 3896 3953 3935 444 3678 3231
2 213 7 9 2000 18 359 21 266 2 19 1 13 717 25 9 1 11 2000 227 717
3970 3907 166 3975 3688 3947 3885 3983 3984 3976 3445 444 3678 3231
37 55 2000 26 479 100 55 2 3 6 361 2000 405 361
4000 166 3688 4029 3947 4012 3983 4020 3445 3989 4025 3994 4028 444 4026 3678 3231
34 2000 359 1 116 17 17 9 308 46 11 10 1 2000 2 598 308
4000 4036 166 3688 3947 4050 4057 3445 4055 4056 4025 3994 444 4058 3678 3231
32 9 2000 288 196 19 3 307 4 1 98 100 2000 1 663 307
4092 166 3688 4094 3947 4077 4084 3445 4089 4025 3994 4091 444 4090 3678 3231
1 2000 471 1 344 6 21 480 8 86 96 3 2000 2 641 480
4108 3994 4127 4133 166 4138 4142 4144 4148 4150 4151 4155 444 4158 4159 3231 3678 3688 3947 4084 3445 4089
27 30 14 10 2000 8 13 5 2 6 8 10 2000 1 4 689 647 379 609 32 689 70
4193 4195 4165 166 4199 3688 4201 3947 4204 4206 4174 4178 4084 3445 4089 3994 444 3678 3231
30 5 72 2000 3 219 5 531 1 2 10 16 8 633 79 32 2000 839 633
4193 4165 166 3688 4234 3947 4174 3445 4089 444 3678 3231
70 1 2000 324 30 802 16 912 115 2000 297 912
4193 166 3688 4234 3947 4274 4275 4276 3445 4089 444 3678 3231
121 2000 375 22 958 23 2 1 1076 315 2000 273 1076
3947 444 3231 166 4277 4284 4298 4307 4312 4315 3678 4193 4322 4325 4327 3688 4329 4330 4331 4332 4334 3445 4089
983 2000 1156 2000 59 17 68 19 27 2 576 12 13 18 16 115 13 2 5 2 3 1156 538
4341 4398 166 3688 4284 4298 3947 4334 4399 4400 4401 4403 4307 3445 4380 4312 4089 444 3678 3231
20 5 2000 92 14 45 816 59 1 3 4 1 35 988 1 14 271 2000 615 988
4450 4459 166 4455 4444 4298 3947 4334 4401 4446 3445 4458 4089 444 4413 3678 3231
8 2 2000 2 4 205 1039 23 3 8 1073 2 418 2000 83 425 1073
166 4446 4298 3947 4493 4334 4468 3445 4505 4504 4089 444 4490 3678 3231
2000 14 201 869 31 29 100 885 2 2 201 2000 11 409 885
4545 4547 166 4551 4552 4540 4298 3947 4493 4334 4525 4468 3445 4534 4505 4089 444 4522 3678 3231
10 12 2000 1 2 8 190 1021 85 1 6 142 1034 30 13 190 2000 1 356 1034
4577 4578 4547 4580 166 4572 4298 3947 4493 4579 4563 4468 3445 4534 4567 4089 4571 444 3678 3231
1 3 29 2 2000 20 4 1527 177 3 184 609 1527 8 7 4 12 2000 305 1527
