39 43 45 47 50 54 55 56 57
23 6 12 6 9 1 2 3 1
45 74 77 95
9 2 8 1
128 129 104 138 120 152 154 155
19 15 41 12 15 11 1 3
128 196 198 199 104 201 202 167 174 180 188
60 13 13 2 13 4 1 32 57 24 41
128 258 227 196 198 264 265 266 204 174 180 219 188
45 31 33 65 65 2 2 1 64 97 51 25 13
128 320 283 196 198 321 204 174 275 180 311 313 314 219 188 318
81 1 8 43 43 1 49 46 67 113 4 2 2 92 99 1
128 355 196 357 198 392 361 204 390 174 336 373 393 380 219 188 383
95 5 67 4 67 1 32 123 3 310 15 50 1 1 143 113 9
128 427 196 198 424 425 426 395 204 174 373 219 412 383
266 2 45 45 9 2 1 30 238 293 238 166 4 1
128 481 482 196 454 198 395 204 174 434 373 479 219 477 469
479 3 1 40 7 40 31 420 252 13 420 7 31 12 10
128 516 519 521 522 204 525 174 373 504 526 219 524
913 10 15 3 2 124 1 142 124 37 2 140 2
128 571 551 204 174 531 373 566 504 570 219 572 573
835 4 7 131 71 48 131 25 16 1 276 1 1
128 579 566 204 630 174 591 624 373 598 631 632 219 605 597
859 7 102 226 2 1 6 31 226 108 1 1 288 41 85
128 705 635 708 566 711 683 204 624 689 709 707 373 598 697 656 219 701 702 661
458 3 60 2 143 2 20 456 60 6 3 6 456 208 3 3 435 6 4 20
128 566 744 746 683 204 749 750 624 373 598 219 734
328 77 4 12 33 458 2 1 8 458 35 399 43
128 773 777 683 204 784 753 786 373 566 219 598
330 39 44 127 457 16 7 2 457 94 396 16
128 777 683 204 373 598 794 219 799
42 50 69 450 450 22 31 519 50
128 219 683 204 848 835 373 794 827 858 862 863
23 752 12 346 8 7 346 12 13 1 2 3
128 204 877 909 914 883 373 219 915 917
19 526 26 9 4 24 526 543 1 1
927 204 910 913 915 373 921 922 219 924 925 926 895
1 665 12 8 6 665 5 9 385 1 5 1 49
929 931 965 966 969 970 204 955 373 219 895
73 27 11 7 8 1 701 15 701 336 29
929 994 993 1000 204 1005 1007 1008 980 373 1015 1018 219
171 76 45 31 590 12 31 2 30 590 18 2 259
929 1057 993 1064 1065 204 1043 373 1046 219
205 6 187 4 3 657 26 657 3 163
929 1090 993 1097 204 1101 1043 373 1111 1112 1113 1114 219 1109
141 6 115 15 345 3 117 345 2 3 1 1 560 6
1043 993 1124 929 1129 204 1134 1135 1137 1139 1140 373 1143 1144 1145 219 1117 1118 1141
20 193 8 28 4 771 10 5 5 12 10 771 1 1 1 338 262 11 4
993 1179 929 1159 204 1140 373 1174 1176 219 1117
582 4 23 31 550 23 550 112 8 155 297
993 1159 1192 1194 204 1201 373 1174 219 1117 1182
877 78 5 20 388 3 388 2 179 178 18
993 1159 204 1230 1245 1235 373 1238 1210 1241 1242 219 1244 1117
1036 84 450 21 3 15 450 3 51 2 3 98 7 55
993 1251 1159 1288 1287 204 1230 1307 1298 1283 373 1302 1304 1210 219 1308 1117
1007 1 235 9 4 399 22 1 3 11 399 4 1 69 235 2 23
993 1346 1339 1302 1159 1345 1321 204 1230 1327 1329 1347 373 1334 1337 219
799 2 5 29 640 1 13 199 8 7 5 5 199 22 3 640
993 1380 1302 1159 1398 1385 204 1377 1327 1409 373 1334 219 1407
894 17 313 326 3 29 74 12 29 2 74 127 326 4
993 1442 1302 1159 204 1327 373 1334 1399 219
567 3 564 349 9 9 9 67 41 349
993 1443 1334 1446 1159 1456 1464 1426 1460 1461 1302 1463 1432 1462 219
1182 3 39 7 274 3 1 97 8 6 223 4 45 6 274
993 1467 1509 1510 1159 1494 1490 1486 1426 1460 1302 1492 219 1501 1502 1503
1458 1 2 1 145 1 22 19 187 21 40 8 145 17 8 3
993 1589 1590 1159 1576 1546 1579 1586 1486 1581 1490 1426 1588 1582 1302 1460 1492 219 1566 1567
1242 2 3 241 2 66 10 1 52 5 41 156 1 2 69 3 6 241 31 15
993 1654 1159 1546 1611 1650 1649 1426 1492 1302 1656 1657 219 1642
1252 2 195 38 54 1 8 228 50 59 3 1 195 2
993 1159 1546 1611 1682 1426 1492 1302 1697 219 1694 1695
1568 135 34 5 7 287 287 40 4 135 1 2
993 1734 1159 1546 1735 1746 1709 1426 1492 1302 1752 219 1756 1727
1419 23 254 30 11 19 19 264 348 114 3 254 1 7
993 1787 1159 1546 1771 1775 1426 1492 1781 1302 1784 1785 219 1727
1586 2 158 123 35 118 242 768 21 216 1 2 158 64
993 1829 1159 1832 1833 1546 1831 1810 1775 1426 1492 1813 1302 1812 219 1821 1822 1727
1545 9 72 3 1 99 1 18 99 447 708 34 383 42 72 40 1 125
1159 1546 1426 1813 1302 1821 1833 1849 1727 1861 1868 1875 1492 1879 1880 1882 219 1884 993 1891 1892 1894 1895 1775
146 231 236 65 597 62 16 50 77 72 11 14 679 3 1 5 146 5 1257 2 1 3 1 231
993 1861 1159 1546 1900 1902 1775 1426 1875 1492 1813 1302 219
1272 13 148 152 68 1 152 205 33 642 43 580 148
993 1947 1159 1546 1900 1906 1775 1426 1492 1813 1302 1943 1944 219 1938
1338 1 66 25 104 3 25 130 660 24 596 29 3 66 18
993 2011 2006 1159 1546 1943 1970 1999 1426 2003 1492 2005 1302 1975 2009 1978 219 1775
1373 1 5 73 1 16 26 12 310 3 553 4 554 16 2 1 73 1
993 2070 2032 2049 1159 2060 2031 2064 1426 2075 1492 1302 2072 2036 2074 219
991 2 28 9 33 11 24 5 334 1 189 976 1 12 6 33
2144 993 2130 2150 2113 2093 2031 1426 1492 1302 2036 2143 2076 2145
4 1506 5 10 31 17 15 458 43 494 27 9 75 1
993 2185 2191 1426 1492 1302 2199 2196
1758 46 4 439 112 242 5 2
993 2221 1426 1492 1302 2235 2236 2237
1579 12 418 45 421 4 3 1
2272 993 2274 2275 2276 2277 2278 2251 1426 2259 1492 1302 2260 2237
16 1783 15 1 1 2 2 50 233 17 41 217 26 19
993 2338 2339 2251 2351 2352 1426 1492 2293 1302 2237
1964 2 12 102 5 1 153 74 8 36 25
993 2370 2339 2374 2377 2251 2380 2381 1426 1492
2000 12 29 15 2 358 5 2 73 85
993 2443 2436 2421 2407 2408 2251 2380 2418 2446 2447 2448 1426 2389 2425 2431
2000 6 11 6 7 6 115 27 19 11 3 3 133 120 4 8
993 2405 2408 2251 2414 2416 1426 2389 2394
2000 2 7 55 15 4 122 157 15
993 2433 2476 2478 2481 1426 2389 2486 2487 2488 2485
2000 21 3 10 2 48 228 1 1 1 2
2528 993 2530 2529 2478 2515 2389 2518 2524 2525 2517
5 2000 2 1 203 1 116 4 2 11 1
993 2478 2547 2389 2554 2558 2559
2000 235 20 144 22 10 11
2624 993 2614 2600 2601 2478 2389 2582 2615 2617 2618 2619
2 2000 5 3 54 170 142 96 23 8 1 3
993 2614 2601 2478 2639 2640 2641 2389 2582 2633 2617 2638
2000 35 226 299 1 3 4 244 120 15 9 1
2688 993 2690 2659 2689 2601 2679 2478 2389 2649 2617 2654
3 2000 1 37 1 228 9 371 279 116 132 8
993 2721 2601 2731 2743 2478 2735 2729 2740 2389 2742 2617 2649 2714 2715 2716 2654
2000 34 293 7 2 415 11 12 1 327 2 157 157 27 14 12 30
993 2786 2790 2791 2792 2601 2795 2796 2797 2478 2735 2800 2802 2389 2617 2649 2750
2000 6 6 13 3 388 5 3 1 419 15 1 2 362 61 61 72
993 2822 2601 2826 2478 2735 2802 2389 2825 2750
2000 7 271 1 785 17 19 274 2 160
993 2822 2601 2827 2478 2735 2802 2389 2750 2837
2000 14 76 8 1114 21 94 254 540 11
993 2883 2886 2887 2601 2478 2735 2802 2389 2870 2889 2750
2000 24 8 15 226 935 76 62 199 53 1 319
993 2883 2910 2601 2478 2735 2897 2802 2899 2389 2870 2903 2905 2907 2750
2000 63 1 157 1493 100 20 15 5 149 49 17 13 4 778
2912 993 2951 2601 2478 2960 2962 2964 2966 2967 2905 2750
8 2000 15 353 1278 22 8 12 5 2 6 487
993 2601 2989 2478 2992 2993 2997 2998 2750
2000 15 8 1687 9 3 7 1 622
993 3012 3046 3048 2601 3051 3052 2478 3024 3006 3037 2750
2000 60 8 3 15 3 1 1723 14 24 6 534
993 3012 2601 3102 2478 3087 3060 3093 3096 3097 3098 3100 3101 2750
2000 84 131 4 1738 12 10 3 2 1 2 1 6 455
993 3012 3142 2601 3118 2478 3145 2750 3125
2000 48 10 185 36 1726 5 266 3
3168 993 3202 3203 3012 3206 3142 3207 3208 2601 3148 2478 3198 3192 3193 3164 3197 2750
17 2000 4 6 55 2 49 2 1 92 256 1538 15 3 5 13 27 190
993 3012 3142 3239 2601 3148 2478 3218 2750
2000 174 4 10 119 200 1703 11 297
993 3266 3012 3269 3244 3148 2478 3251 2601 3268 3241 2750 3263
2000 2 305 2 16 296 1929 13 71 4 17 308 13
993 3012 3303 3148 3309 2478 3313 3314 3251 3310 3291 2750 3263
2000 231 55 531 5 2000 1 1 11 7 43 223 55
993 3363 3012 3365 3303 3368 3369 3338 3148 2478 3310 3320 3364 3291 3358 3263
2000 5 126 19 127 1 3 9 1040 2000 3 1 4 215 25 57
993 3427 3012 3419 3303 3428 3148 3374 2478 3417 3418 3291 3422
2000 3 16 4 66 5 1558 63 2000 8 11 550 2
993 3148 3374 3440 2478 3449 3291 3452 3454 3445
2000 1475 64 2 2000 7 364 1 3 2
993 3492 3510 3463 3148 3374 3504 3506 3445 3478 2478 3481 3291 3487
2000 2 3 16 1140 52 4 23 22 11 2000 22 398 33
993 3522 3542 3526 3553 3541 3557 3148 3533 2478 3538 3540 3445 3478 3291 3521 3487
2000 7 15 20 7 2 1 1549 1 2000 26 3 241 22 131 23 82
993 3554 3590 3591 3594 3595 3148 3602 2478 3538 3604 3445 3606 3291 3521 3487
2000 39 17 35 1 1 1493 2 2000 56 1 230 1 58 107 94
3616 993 3554 3653 3590 3521 3658 3591 3148 3538 2478 3665 3602 3668 3445 3649 3639 3291 3644 3487
2 2000 18 4 12 12 4 44 1547 101 2000 3 45 1 168 12 18 164 6 26
993 3521 3591 3148 2478 3696 3538 3445 3291 3644
2000 36 19 1696 2000 6 102 102 172 37
993 3521 3659 3148 3661 2478 3662 3538 3445 3291 3644
2000 74 1 1643 2 2000 1 121 121 49 48
993 3682 3683 3686 3521 3148 2478 3538 3445 3291 3644
2000 27 10 1 10 1679 2000 274 274 31 70
993 3746 3747 3748 3749 3148 2478 3538 3445 3739 3291 3644
2000 6 12 7 1 1666 2000 144 144 4 6 6
993 3148 2478 3538 3445 3769
2000 1363 2000 189 189 2
993 3810 3813 3809 3816 3817 3818 3148 2478 3791 3538 3445
2000 12 8 13 11 2 2 1328 2000 3 279 279
993 3810 3809 3816 3820 3148 3821 2478 3791 3825 3538 3445 3863 3832 3865 3867
2000 50 13 135 4 1475 33 2000 16 34 64 64 18 35 3 4
993 3906 3907 3816 3148 3821 2478 3825 3538 3445 3810 3898 3902
2000 3 1 67 1600 17 2000 81 21 21 10 16 2
993 3940 3942 3953 3816 3148 3949 2478 3951 3952 3825 3954 3955 3538 3957 3445
2000 31 9 5 127 1549 11 2000 4 6 48 3 1 10 1 10
993 4005 4006 3816 3148 2478 3825 3990 3992
2000 3 1 249 1648 2000 194 11 12
993 3816 4044 4043 3148 2478 4048 4053 4055 4056
2000 80 12 11 1394 2000 59 1 5 2
4064 993 4067 4065 3816 4073 4074 4071 3148 2478 4048
24 2000 1 10 144 7 4 3 1466 2000 78
993 4121 4065 4105 4106 3148 2478 4048 4114 4115 4084 4117 4086 4087 4116 4122 4091 4125 4126
2000 2 42 15 15 1850 2000 301 5 1 47 2 5 47 8 18 27 1 1
4160 993 4164 4166 4161 4168 4170 3148 2478 4048 4084 4087
7 2000 1 2 5 3 1 1907 2000 111 32 32
993 4197 4201 3148 4205 2478 4221 4048 4204 4084 4087 4186 4220 4218
2000 62 12 1885 23 2000 3 46 9 32 32 69 1 9
4224 993 4261 4257 4268 3148 2478 4274 4275 4276 4277 4186
14 2000 2 10 3 1934 2000 2 5 1 4 24
993 4324 4295 4328 4329 4330 4331 3148 2478 4296 4308 4312 4186 4315
2000 4 8 8 5 4 2 1896 2000 9 51 25 24 1
993 4371 4353 4360 4362 3148 4365 2478 4339 4186 4347
2000 3 10 6 39 1877 14 2000 41 123 85
4384 993 4390 4391 3148 4365 2478 4401 4339 4404 4406 4407 4186 4347 4381
3 2000 42 7 1918 33 2000 4 4 9 7 1 82 131 9
