39 46 49 52 54 59 60 63
21 6 1 5 7 1 1 3
65 99 101 102 103 76 91 92
22 6 1 1 2 75 1 5
65 132 133 134 110 115 87 123 125
78 1 1 2 13 7 4 1 8
164 87 177 179 183 185 158
18 25 7 4 1 1 7
210 213 215 216 218 181
2 1 1 4 4 10
1 10 16 17 19 21 22 24 25 27
9 34 2 6 3 4 11 3 1 2
97 98 67 100 101 42 99 83 86 24 25 59 28 93
1 5 6 3 1 95 1 2 3 116 7 3 95 9
96 123 101 42 116 118 24 121 122 59 28
13 1 9 21 1 1 19 2 2 11 21
161 98 155 164 165 138 113 153 59 156 159
4 7 14 1 1 7 2 3 8 19 5
193 196 203 204 205 207
14 6 1 1 3 2
257 259 260 261 263 264 234 210
4 8 1 2 1 3 18 14
334 328 329 330 331 268 333 270 272 276 277 313
1 1 1 5 2 83 3 17 35 28 43 2
391 392 396 268 270 272 276 277 380
3 5 2 88 69 81 115 226 26
268 270 272 276 277 430 433 451 458 459 461 463 465 466 467 468 469 470 471 474 475 380
78 14 40 103 122 35 11 39 6 6 15 2 3 1 1 3 9 5 1 1 2 24
513 521 540 458 535 268 270 528 276 277 502 430 504 538 380 541 478 501
8 16 3 114 6 70 29 8 228 129 13 91 15 6 11 1 48 17
610 582 593 586 587 268 270 561 276 277 502 430 458 606 607
8 40 16 21 4 150 27 51 196 154 37 180 82 1 1
640 582 657 652 458 651 268 621 270 653 656 561 658 276 277 502 430 654 639
1 3 1 2 113 2 356 37 60 5 2 21 1 129 111 110 210 2 39
704 706 710 680 458 268 430 689 658 691 276 277 502 696 270 712 639
24 1 8 33 113 320 185 33 57 38 92 229 229 45 70 2 6
704 758 680 458 268 430 783 689 270 788 277 502 696 730 789
149 4 33 57 374 114 12 33 45 14 264 264 131 94 1
704 864 866 862 758 807 808 458 268 277 502 857 730 859 860 833
72 3 1 6 6 52 10 338 322 539 539 1 58 17 2 7
864 929 930 931 935 872 937 458 807 268 881 882 277 502 924 938 894 927
11 10 2 2 3 23 1 218 8 489 32 8 649 649 19 1 2 1
929 964 935 872 972 458 807 268 1007 976 881 882 999 277 502 1001 927 1002 991
72 6 94 19 15 300 37 565 1 15 11 37 4 457 457 2 6 12 12
929 1078 807 872 458 1067 268 1069 1072 882 1075 277 502 1079 1081 1051 1077 991
122 8 16 76 301 4 592 3 2 16 12 318 318 1 3 4 2 3
1120 929 502 872 1129 458 268 1136 1137 277 1078 1115 1117 1118 1119
13 76 169 129 4 152 516 6 1 169 129 13 14 12 6
929 1186 1187 502 1158 872 458 268 1182 277 1078 1143 1147 1180 1174 1119
17 4 3 123 1 275 120 620 11 123 275 85 52 34 17 12
1238 1243 1078 872 1244 458 268 1229 1199 1201 1236 277 502 1143 1147 1180 1245 1247
2 1 288 288 4 11 532 8 88 59 8 66 66 8 39 39 2 1
1078 1297 872 1244 1260 268 1293 1264 1201 1300 277 502 1304 1307 1180 1309 1310 1311
195 17 195 100 19 833 27 39 87 2 82 82 11 8 82 2 1 1
1314 502 1318 872 1180 268 1264 1352 277 1078 1244 1311
43 199 67 282 199 917 37 1 199 282 15 157
1314 1348 1349 1318 872 502 268 1350 277 1078 1336 1180 1342 1311
22 10 4 280 209 102 1401 5 102 209 2 102 54 478
1314 1380 1078 1318 872 1354 268 277 502 1368 1369 1382 1180 1342 1311
28 4 43 111 43 6 1264 294 294 46 35 1 294 22 212
1314 1078 1318 872 1418 268 1342 277 502 1180 1406 1311
26 26 127 26 1 1522 22 283 283 283 34 194
1409 1411 1412 1318 1416 1406 268 277 502 1180 1342 1311
9 19 12 171 1 63 1427 307 307 307 74 305
1318 1468 268 1342 277 502 1470 1465 1466 1180 1469 1406 1311
89 3 1651 14 239 239 1 71 7 239 6 68 388
1494 1318 1481 268 1500 1489 277 502 1502 1503 1180 1501 1342 1311
11 15 14 1668 6 3 332 332 2 4 332 2 42 446
1538 1515 1540 1526 1494 1558 1525 268 277 502 1561 1562 1563 1180 1342 1311
65 7 32 89 8 10 8 1674 326 326 5 8 2 326 101 444
1538 1526 1621 268 1614 1619 277 502 1622 1180 1342 1311
47 54 1 1786 18 1 214 214 1 214 20 517
1668 1670 1643 268 1650 277 502 1624 1625 1180 1311
22 13 25 1853 26 147 147 38 91 147 715
1728 1712 1668 1670 1708 1675 268 1685 1650 277 502 1721 1720 1625 1180 1311
8 7 75 22 22 20 1900 66 38 100 100 3 4 82 100 901
1712 1668 1708 277 1771 268 1773 1744 1777 1650 1779 1780 1685 502 1721 1625 1180 1311
16 248 17 25 33 1975 32 46 8 31 9 1 141 25 17 40 25 1310
1795 1668 1797 1802 268 1810 1812 1685 1814 1817 1819 1180 1822 1311 1825 1827 1829 1831 1708 1721 1823 1744 1771 1773 502 1789 1790 277
23 233 86 26 1921 2 52 181 6 40 5 79 3 1429 2 1 1 1 12 12 1 86 49 33 79 72 10 79
1859 1668 1797 1771 268 1870 1744 1874 1685 1814 1848 1817 1851 1789 1311
22 258 38 27 2000 2 38 4 248 72 10 38 2 220 1708
1889 1891 1668 1878 1894 1895 1771 268 1685 1814 1893 1789 1311
1 15 286 22 5 3 16 2000 343 4 1 343 1830
1953 1954 1668 268 1685 1910 1956 1946 1789 1311
26 1 67 2000 325 50 3 7 325 1954
1984 1668 1993 268 1998 1967 1685 2005 2011 1789 1311
20 183 4 2000 38 51 73 13 1 73 1703
1668 2022 2054 2055 2027 268 2061 1998 1967 2065 2036 2037 2068 2013 1311
149 35 37 17 45 2000 3 59 101 7 8 4 2 16 1698
2113 2123 2116 2022 2081 2124 2091 268 1998 1967 1668 2126 2102 2121 2073 2106 2108 1311
19 1 31 75 61 12 35 2000 18 285 18 1 16 5 21 26 6 1711
2176 2116 2022 2154 2155 268 1967 2163 2132 2170 2175 2174 1311
1 23 23 3 28 2000 523 25 121 20 3 1 1726
2211 2213 2022 2215 2216 2185 268 1967 2194 2195 2132 2217 1311
7 5 2 4 1 65 2000 973 18 13 64 2 1848
2185 268 2221 1967 2225 2226 2227 2132 2231 2232 2235 2236 2237 1311
77 2000 65 1370 18 18 11 31 2 2 10 2 1 1934
2243 2277 2275 2280 268 2221 1967 2290 2227 2132 2293 2297 2299 2300 1311
24 15 2 6 2000 107 1287 12 15 79 15 2 1 1 1858
2277 2342 268 2221 1967 2352 2290 2319 2132 2365 2359 2361 2363 2301 1311
40 10 2000 270 1211 9 23 1 40 2 18 6 12 125 1960
2277 268 2412 2221 2414 1967 2352 2132 2389 2413 2393 2301 1311
23 2000 12 155 1 972 73 23 50 1 8 19 1977
2277 2472 2473 2474 268 2445 1967 2352 2221 2132 2455 2415 2430 1311
16 2 2 1 2000 100 1217 17 246 16 35 1 3 1984
2497 2500 2501 2481 2503 268 2477 1967 2221 2445 2491 2494 1311
3 1 3 13 1 2000 37 1155 467 24 20 8 2000
2530 2508 268 2221 1967 2514 2552 2546 2515 2518 2520 2477 2554 2491 1311
38 37 2000 519 1284 109 7 21 7 23 62 18 1 7 2000
2624 2530 2508 268 2477 1967 2221 2514 2518 2520 2623 2589 2622 1311
2 36 124 2000 238 1410 434 116 5 91 3 3 8 2000
2530 2665 2667 268 2221 1967 2672 2514 2520 2477 2654 1311
141 23 1 2000 189 1640 3 103 423 298 58 2000
2688 2530 2695 2698 2699 268 2221 1967 2514 2676 2674 2520 2477 2654 1311
4 51 8 4 3 2000 312 1637 207 55 12 306 191 101 2000
2720 2749 2530 2747 268 2221 1967 2736 2514 2676 2742 2520 2477 2714 2735 2746 1311
35 2 112 3 2000 184 1704 31 333 171 9 262 125 11 21 4 2000
2720 2785 2530 2795 2791 2794 2763 268 2221 1967 2736 2514 2676 2520 2477 2714 2783 2778 1311
50 4 52 1 2 2 4 2000 93 1855 113 434 128 368 86 19 7 3 2000
2816 2530 2820 2821 2822 2796 268 2477 1967 2736 2808 2514 2805 2520 2810 2815 2812 1311
1 52 2 1 1 27 2000 27 1948 165 1 884 4 324 10 3 4 2000
2864 2530 2851 2855 2862 268 2830 1967 2736 2514 2869 2871 2520 2873 2810 2831 2876 1311
9 53 3 19 8 2000 11 1947 401 764 9 6 487 2 220 5 1 2000
2932 2530 2929 2920 2922 268 1967 2736 2897 2514 2931 2900 2520 2937 2810 2943 2940 2941 2942 1311
4 12 15 32 3 2000 1988 215 127 1100 1 55 276 1 78 1 1 3 1 2000
2949 2929 2986 268 2994 1967 2736 2897 2514 2900 2997 2520 2996 2810 2975 1311
3 8 19 2000 21 2000 470 252 661 147 3 717 5 218 8 2000
3024 3045 3032 3048 3020 268 3053 1967 2736 2897 2514 2900 2997 3031 2520 2810 1311
5 7 13 2 87 2000 2 2000 371 306 548 87 61 37 708 65 2000
2997 3078 268 1967 2736 2897 2514 2900 3064 3094 2520 3060 2810 1311
24 11 2000 2000 578 419 472 20 28 20 933 24 159 2000
268 1311 2736 1967 3120 3123 3125 3130 2997 3145 3146 3147 3148 3150 3151 2897 2514 2520 3060 3064 2810 3135
2000 2000 578 2000 1 4 15 28 44 11 6 11 18 1 1 340 249 821 44 223 238 4
3200 3201 3202 3203 3204 3205 268 1311 1967 2736 2997 3130 3146 2897 2514 2520 3175 3178 3181 3060 3064 2810 3196 3198
3 2 1 5 2 1 2000 2000 2000 435 187 19 38 239 335 629 5 7 5 187 184 196 2 4
3205 2897 3217 3146 268 1967 2736 3064 2514 3251 3060 2997 3254 2520 2810 3259 3260 3242 3198 1311
40 79 46 28 2000 2000 500 467 213 14 201 201 10 644 421 13 1 27 3 2000
3285 2520 3292 3242 268 3266 3278 1967 2736 2897 2514 3060 2997 3064 2810 3295 3288 3274 3293 1311
3 980 11 19 2000 2 21 2000 980 269 326 376 376 212 711 1 30 9 6 2000
3349 2897 3242 3335 268 1967 2736 2520 2514 3347 3060 2997 3351 3064 3353 2810 3359 3292 3352 1311
17 703 37 28 2000 2000 1293 1293 306 6 233 233 11 152 6 590 7 22 4 2000
3335 3338 268 1967 2736 2897 2514 3060 2997 2520 2810 3064 1311
84 4 2000 2000 1102 460 324 324 324 1102 642 250 2000
3361 3363 2520 3343 3366 3335 3357 3369 3367 268 1967 2736 2897 2514 3060 2997 3064 2810 3359 3354 1311
2 12 1170 1 1 99 9 1 2 2000 2000 1170 326 163 658 658 9 844 3 191 2000
3413 3396 3397 3398 3335 268 2514 1967 2736 2897 3064 3411 3060 2997 2520 3412 2810 3391 3354 1311
1 48 2 5 22 2000 260 2000 961 40 159 2 620 620 961 2 921 40 31 2000
3457 3458 3463 268 1311 1967 2736 2997 3396 2897 2514 2520 3419 3435 3436 3437 3442 3060 3064 2810 3451 3454
2 4 2 2000 2000 2000 1161 315 53 113 229 1161 13 30 10 15 17 315 295 1048 5 9
3465 3466 3435 268 3442 3502 1967 2736 2897 2514 3060 3064 2520 2997 2810 3503 3484 3498 3500 1311
109 33 96 2000 19 11 2000 1208 170 133 406 253 1208 406 1038 12 36 3 6 2000
3540 3524 3528 3465 3466 3435 268 1967 2736 2897 2514 3060 3064 3510 3545 2520 2997 2810 3547 1311
6 7 1 285 44 42 2000 2000 1628 114 49 121 202 12 14 1628 121 1514 2 2000
3584 3593 2897 3601 3465 268 3604 1967 2736 3064 2514 3603 3060 2997 3575 2520 3545 2810 3579 3599 1311
87 12 21 4 260 2000 1 2000 1774 50 123 1 53 53 35 1774 29 1753 27 4 2000
3584 3600 3620 3465 3626 3627 268 3630 1967 2736 3064 2514 3060 2997 3625 2520 2810 3631 3628 1311
63 4 9 266 3 8 2000 9 2000 1679 61 182 78 78 3 1679 1679 2 9 2000
3584 3465 268 1311 3628 1967 2736 2997 3652 2514 2520 3673 3676 3682 3683 3684 3685 3686 3688 3060 3064 2810
41 143 2000 2000 18 2000 1409 415 35 126 1409 1 10 3 1 3 4 6 1 415 50 1409
3584 3465 3724 3736 3739 3743 3745 3749 3755 3628 1967 2736 3761 3762 3763 2997 1311 268 3704 2514 2520 3696 3060 3064 2810
39 293 80 2 39 10 8 19 3 56 2000 1329 2 4 2 298 2000 2000 5 328 1329 1 298 45 1329
3771 3465 3786 268 1967 2736 3743 2514 3060 2997 2520 3769 2810 3803 3628 3802 3797 1311
7 258 4 2000 2000 1109 14 475 416 416 1109 25 1109 5 25 1 7 2000
3656 3465 268 3630 1967 2736 3665 2514 3635 3060 2997 2520 2810 3663 1311
2 174 2000 35 2000 1218 3 180 78 602 602 1218 1218 1 2000
3745 3746 3656 3465 3722 3735 268 3724 1967 2736 2514 3635 3060 2997 3703 2520 3732 2810 3740 3738 1311
4 3 5 78 21 25 2000 2 2000 1331 197 17 472 472 33 1331 2 1331 5 2 2000
3786 3465 3722 3817 268 3821 1967 2736 3816 2514 3635 3060 2997 3703 2520 3826 2810 3791 3823 3802 1311
12 120 5 2 2000 3 2000 1246 3 132 7 622 622 28 1246 2 1246 41 2 18 2000
3878 3465 3786 268 1967 2736 2514 3827 3060 2997 2520 3892 2810 3870 1311
57 202 64 2000 2000 1296 292 9 412 412 1296 1 1296 7 2000
3936 3465 268 1967 2736 3928 2514 3060 2997 3913 2520 2810 3935 3932 3930 3934 1311
1 68 2000 2000 987 6 421 592 592 31 987 987 1 22 9 4 2000
3975 3465 3980 3984 3989 3997 3998 3999 4000 4001 1967 2736 2997 3977 3956 1311 268 2514 2520 3932 3943 3060 2810
2 80 18 3 12 6 4 5 3 4 2000 888 670 6 19 2000 2000 442 888 54 66 670 888
4000 4032 4034 4038 3943 4028 3975 268 1967 2736 2514 3060 2997 4039 3465 2520 2810 4031 3932 4029 1311
51 43 11 1 182 2 34 2000 2000 1046 352 602 602 3 11 1046 1046 8 33 42 2000
4032 4000 4080 4081 3943 268 4082 1967 2736 4049 2514 4083 3060 2997 2520 2810 4031 3932 4029 1311
16 28 2 20 16 2000 1 2000 1076 87 462 1 462 462 1076 1076 13 53 156 2000
4098 4102 4103 4107 4108 4110 4112 4113 4114 4115 1311 4000 1967 2736 2997 4029 268 4049 2514 2520 3932 3060 2810
13 8 12 6 4 1 6 1 1 1 2000 135 2000 726 209 174 2000 103 1065 726 78 209 726
4000 268 1967 2736 4049 2514 3060 2997 2520 2810 4127 4122 4029 1311
96 2000 2000 710 127 1136 154 154 710 710 27 21 191 2000
4000 4164 4168 268 4178 1967 2736 4049 2514 4179 4181 2520 2810 4158 1311
148 12 25 2000 2 2000 369 106 1631 17 4 369 369 2 2000
4000 4193 4194 4198 4199 4168 268 1967 2736 4049 2514 2520 4200 2810 4158 1311
143 28 34 4 1 127 2000 2000 274 60 1726 274 1 274 41 2000
4000 4194 4248 4168 4201 268 4237 4254 1967 2736 4049 2514 4211 4245 2520 2810 4252 4253 4158 1311
272 69 9 8 42 2000 30 2 2000 543 251 1457 99 29 543 543 3 1 61 2000
4000 4194 4269 4305 4306 4201 4266 268 4237 1967 2736 4049 2514 4211 4297 2520 2810 4286 1311
192 40 21 9 10 43 1 2000 21 2000 523 235 1477 205 5 523 523 43 2000
4000 4194 268 4306 1967 2736 4049 2514 4211 4381 4375 2520 4377 2810 4379 4344 1311
102 61 2000 115 2000 764 517 1236 114 1 12 764 14 764 6 120 2000
4000 4194 4420 4433 4424 4426 268 4430 1967 2736 4049 2514 4211 4438 4375 2520 2810 4379 4344 1311
9 176 89 13 59 2 2000 9 2000 511 439 1489 7 1 5 511 511 7 159 2000
4194 4420 4433 4424 268 4430 1967 2736 4049 2514 4477 2520 4441 2810 4344 4478 1311
222 96 1 229 2000 15 2000 206 206 1794 3 206 7 206 120 3 2000
