64 35 46 16 56 62 63
2 3 5 67 2 1 2
16 120 123 92 129
256 18 5 76 5
193 187 16 152 185 155 92 189 159
1 9 148 25 5 63 50 5 46
16 236 92 221 241
24 11 13 9 3
266 16 273 279 281 284 285
36 98 3 9 1 1 2
294 328 266 16 347 348 349 286
48 8 23 65 1 1 3 57
328 266 367 339 379 380 286
45 130 2 2 5 1 131
422 433 328 425 266 434 431 424 402 435 380 286
2 5 52 21 14 5 4 21 7 1 27 125
453 455 424 457 458 380 443 444 445 286
55 40 33 1 5 20 20 19 43 20
459 453 455 491 493 467 479
13 49 9 15 5 67 4
536 467 533 526 455
1 124 15 14 61
578 579 580 582 455 583 467 563 569
7 6 3 2 154 2 42 32 6
610 613 614 615 586 455 624 593 467 618
12 3 8 7 48 38 1 6 18 5
673 642 675 614 586 620 637
9 24 2 31 85 37 28
642 614 586 689 723 695 700 701
15 38 214 2 5 27 30 3
642 773 614 775 777 586 784 695 766
150 4 114 2 2 45 4 38 46
802 773 586 813 815 816 817 818 642 695 766
6 75 50 8 13 1 3 3 36 84 23
772 773 774 775 777 586 695 778 766
4 3 5 2 3 38 282 1 55
814 804 813 798 695
17 31 22 130 79
866 870 838 871 844 852 695 826 863 860 858 798 869
10 1 48 3 24 9 166 63 2 4 1 73 1
894 838 919 844 909 915 916 917 695 920 921 826 798
1 137 6 1 6 8 25 15 180 5 1 62 20
992 994 976 947 917 695 989 990
4 2 24 11 76 81 7 11
1028 1029 1031 1000 695 989 1022
6 2 2 59 1 8 13
1000 1066 1067 1071 1072 1073 1074 1022
306 3 14 4 2 2 2 65
1000 1011 1015 1016 1017 1021 1022
245 164 2 21 6 4 1
1075 1028 1061 1073 1064 1065 1072 1000 1011 1076
10 47 53 7 14 4 10 150 92 3
1028 1061 1137 1000 1136 1073 1011 1140 1141 1111 1116
39 290 10 35 5 123 93 3 3 12 24
1188 1061 1191 1000 1167 1073 1011 1172 1142 1028 1160 1116 1183
4 70 2 132 42 61 75 30 21 1 5 54 11
1216 1220 1061 1222 1191 1000 1226 1228 1167 1073 1207 1209 1224 1221
11 6 6 1 103 12 1 3 101 211 69 7 2 5
1191 1263 1073 1271 1273 1167
128 2 128 5 3 100
1313 1316 1318 1286 1191 1322 1323 1325 1073 1298 1302 1309
3 14 5 64 244 3 2 4 244 13 27 4
1313 1346 1347 1348 1286 1191 1353 1325 1073 1298 1333
17 11 6 15 102 287 5 9 287 18 12
1378 1381 1286 1191 1384 1382 1073 1365 1371 1333
11 3 328 307 2 1 307 22 2 96
1473 1474 1475 1381 1286 1191 1073 1459 1333 1470
4 1 1 37 314 298 298 23 37 6
1506 1477 1286 1191 1510 1515 1516 1517 1073 1511 1499
14 111 448 351 13 1 1 1 351 8 38
1506 1572 1477 1286 1191 1522 1552 1073 1554 1570 1562 1565 1566
37 3 136 371 322 20 6 322 22 1 12 11 4
1477 1286 1191 1578 1552 1073 1554 1593 1594 1596 1597 1599
190 560 211 23 32 211 35 20 8 3 3 3
1477 1286 1191 1578 1615 1073 1617 1625 1593
283 403 220 12 12 220 14 2 135
1665 1666 1477 1286 1073 1672 1191 1676 1615 1680 1617 1689 1693 1694 1695
23 35 406 321 58 2 58 15 6 14 117 11 3 1 2
1728 1666 1477 1286 1191 1730 1617 1715 1721 1073 1724
1 56 194 399 58 2 168 5 7 58 8
1760 1776 1666 1477 1286 1761 1734 1617 1779 1781 1782 1751
10 10 123 227 599 1 17 473 7 10 3 10
1760 1825 1666 1477 1286 1831 1833 1837 1826 1839 1840 1617 1751 1787 1821
48 5 234 234 318 3 3 11 2 3 1 420 4 18 4
1666 1891 1477 1286 1895 1890 1870 1617 1842 1887 1884 1893
104 2 104 456 1 10 100 314 31 5 15 1
1666 1477 1286 1937 1928 1932 1870 1935 1617 1938 1940 1942 1943
176 176 539 2 30 10 64 9 371 2 1 1 1
1666 1477 1286 1991 1992 1994 1995 1870 1617 1970 2004 2005
295 295 244 10 5 1 9 50 497 50 2 4
1666 1477 1286 1995 1870 1617 1970 2039 2042 2043 2045 2021
150 150 292 43 6 232 6 5 8 3 1 20
1666 2083 2084 1477 1286 2088 2089 2090 1995 1617 2072 2052 2077 2091
127 22 31 127 109 1 1 1 62 412 195 19 35 2
1666 2083 2084 1477 2118 2122 1995 1286 2093 2126 2127 2128 1617 2131 2132 2135 2072 2137 2106 2077 2115
37 88 99 37 8 14 36 3 24 8 19 4 300 1 1 1 69 1 56 123 5
1666 2083 2084 1477 2173 2122 1995 2188 2189 2190 2077 1617 2115 2072 2186 2175
38 16 344 38 3 112 38 1 1 4 16 166 57 56 10 11
2083 2084 2122 2192 1617 2227 2072 2077 2206
14 246 7 115 274 9 221 14 203
2288 2084 2289 2283 2284 2253 2254 2287 2192 1617 2290 2072 2206
6 211 2 1 6 17 58 5 150 363 3 363 265
2338 2339 2084 2341 2343 2344 2345 2254 2319 2192 1617 2302 2072 2206
21 29 176 7 3 1 1 65 48 14 590 3 590 231
2401 2338 2339 2084 2405 2406 2385 2408 2364 2410 2254 2319 1617 2386 2409 2072 2396 2206 2399
15 3 1 121 1 4 8 1 16 2 24 6 739 54 2 739 6 257 3
2401 2338 2438 2442 2443 2445 2254 2447 1617 2386 2072 2410 2206
69 61 1 2 1 2 3 3 954 118 954 7 154
2496 2497 2338 2499 2469 2504 2505 2506 2475 2466 2254 1617 2386 2484 2072 2206 2495
10 13 49 3 36 1 1 1 14 3 16 1243 68 22 1243 68 2
2496 2582 2535 2567 2546 1617 2386 2484 2517 2550 2072 2585 2523 2206
84 2 68 13 2 1338 70 37 26 30 1338 1 23 70
2496 2641 2567 2535 2637 2638 1617 2386 2643 2644 2646 2072 2648 2523 2206
164 9 43 97 32 4 1084 99 4 1 1 1084 3 25 99
2496 2710 2567 2535 2668 2637 2702 2701 1617 2386 2707 2709 2706 2711 2072 2705 2206 2687
371 2 170 12 4 25 7 7 1235 27 4 4 3 2 1235 3 27 12
2496 2722 2758 2535 2761 2567 2764 2727 2767 1617 2770 2772 2773 2774 2775 2072 2765 2769 2748 2717
554 15 2 66 26 213 6 7 5 1168 2 1 1 1 1 1168 4 3 19 6
2496 2567 2761 2794 2535 2796 2797 2798 2799 2800 1617 2802 2772 2072 2782
564 269 69 5 82 5 27 39 1 6 1370 1 7 1370 99
2496 2800 2819 2844 2567 2761 2832 1617 2836 2072 2842 2843 2833 2782
689 1 16 1 171 20 17 1021 2 1021 3 1 9 96
2496 2849 2782 2884 2567 2861 1617 2869 2072 2878
879 5 5 30 220 1 804 23 804 11
2496 2884 2886 2567 2891 2924 2927 2928 1617 2902 2072 2916 2910
1074 114 123 57 17 1 6 3 580 75 580 3 3
2496 2977 2944 2979 2884 2982 2886 2983 2958 1617 2964 2902 2072
1050 7 8 1 138 3 164 1 65 633 5 138 633
2496 3041 3010 2884 3045 2886 3048 3036 3019 2990 1617 2958 2902 3049 2072 3004
1201 9 78 13 3 31 5 1 15 18 591 81 13 1 591 44
2496 3041 3010 2884 3014 3016 3021 1617 2902 2072 3038 3039
1195 1 123 69 38 61 4 572 69 572 3 4
2496 3074 3010 2884 3077 1617 3016 3042 3069 3064 3080 3032 2902 2072 3065 3060 3039
1301 32 89 191 1 505 203 21 7 32 1 15 191 505 13 20 8
2496 3010 2884 3126 3110 3016 3084 3082 3116 1617 3092 2902 3127 2072 3099 3039
1194 198 235 2 1 124 23 25 4 358 5 235 4 358 7 84
2496 3136 3010 2884 3141 1617 3016 3145 3116 3149 3119 3144 2902 2072 3130 3039
847 10 105 560 8 504 219 9 36 2 19 4 560 504 11 219
2496 3201 3010 3203 2884 3016 3200 3180 3181 1617 3187 2902 2072 3204 3198 3039
1061 3 77 1 189 254 3 2 24 580 60 189 580 1 3 254
2496 3232 3010 3267 2884 3205 3016 3264 3266 1617 3250 3253 2902 2072 3268 3262 3039
1145 4 115 3 75 157 243 3 3 599 2 30 75 599 4 7 243
2496 3010 3205 3313 3016 3309 3310 3311 3312 1617 3253 2072 3039
1235 177 208 1 174 12 10 2 1 463 62 463 174
2496 3361 3010 3355 3205 3016 3338 1617 3347 3253 2072 3359 3358 3039
1479 1 34 2 18 99 48 233 14 54 233 3 5 99
2496 3010 3416 3205 3016 3338 3404 3375 1617 3253 2072 3419 3389 3039
1561 11 4 86 367 60 2 25 268 110 268 3 32 367
2496 3488 3490 3492 3205 3495 3016 3497 3338 3499 3498 3438 1617 3253 2072 3484 3389 3422 3039
1731 14 5 15 25 2 639 4 191 1 3 35 130 43 130 13 50 1 639
2496 3488 3561 3558 3559 3016 3509 3338 3563 3535 3548 1617 3253 3541 3543 2072 3484 3516 3562 3550 3039
1740 62 1 10 1 677 16 222 2 17 6 61 27 11 59 61 34 30 1 20 677
2496 3488 3016 3484 3338 3597 1617 3603 3606 2072 3615 3516 3614 3039
1709 189 618 96 183 88 13 7 4 13 8 77 7 618
2496 3488 3016 3657 3338 3672 3597 1617 3669 3671 2072 3673 3516 3484 3614 3039
1948 16 938 48 233 7 37 36 7 2 36 3 8 47 14 938
2496 3686 3697 3016 3657 3338 3597 3694 3695 1617 3699 3700 3704 3703 2072 3484 3690 3039
1961 24 4 847 74 390 63 1 10 39 12 1 2 1 39 129 7 847
2496 3750 3016 3657 3338 3755 3756 3759 1617 3699 3764 3763 3766 2072 3738 3039
1962 38 719 160 475 13 6 1 38 95 5 2 2 38 34 719
2496 3016 3657 3338 3755 3791 3699 3798 3769 3800 3801 3802 3039
2000 839 54 500 20 6 17 19 5 5 8 2 839
2496 3841 3016 3849 3338 3855 3857 3858 3861 3829 3863 3832 3039
2000 34 589 34 605 11 21 1 2 14 2 11 589
2496 3904 3910 3911 3016 3338 3917 3918 3919 3920 3921 3829 3857 3914 3039
2000 13 17 3 938 286 2 3 2 4 2 32 21 2 938
2496 3968 3972 3973 3016 3338 3829 3957 3966 3039
2000 9 24 2 1137 181 3 24 4 1137
2496 4033 4032 3016 3338 3983 3957 3990 4026 4028 3039
2000 2 8 867 191 1 97 33 9 1 867
2496 4032 4091 4048 4071 3016 3338 4043 4076 4080 4082 4083 4084 3957 4087 4089 4026 4085 4092 3039
2000 34 1 5 38 1019 168 10 79 2 6 4 1 72 7 4 166 5 1 1019
2496 4032 4130 4131 4133 3016 3338 4076 4113 3957 4026 4122 4126 3039
2000 87 2 11 1 1139 155 215 26 22 18 2 17 1139
2496 4032 4155 4164 4133 3016 4076 4142 4163 4026 4165 4158 3039
2000 240 2 1 9 1033 50 16 1 46 2 1 1033
2496 4032 4195 3016 4212 4214 4215 4026 3039
2000 464 48 980 7 12 3 41 980
2496 4032 4195 3016 4268 4255 4237 4270 4026 4219 4252 3039
2000 789 47 1246 9 7 249 5 14 46 3 1246
2496 4032 4195 4337 3016 4332 4237 4334 4333 4336 4335 4309 4219 3039
2000 741 136 2 1354 2 165 4 5 1 4 15 19 1354
2496 4032 4195 4326 4320 3016 4330 4332 4237 4333 4336 4313 3039
2000 956 130 4 22 1425 14 11 106 2 2 14 1425
2496 4032 4195 4326 3016 4237 4375 4378 4383 4320 4381 4382 3039
2000 1268 233 137 1470 212 17 1 5 195 1 1 1470
2496 4032 4195 4422 4326 4417 3016 4425 4426 4428 4320 4237 4421 4401 4434 4435 4424 4431 3039
2000 1551 303 57 239 34 1724 7 16 6 131 83 17 89 2 1 5 3 1724
2496 4032 4195 4326 4422 4417 3016 4489 4492 4320 4462 4495 4496 4494 4443 3039
2000 1269 195 135 191 72 1382 4 25 150 23 1 1 2 139 1382
4032 4492 4516 4528 4533 4534 2496 4548 4422 4551 3016 4555 4561 4563 4564 4567 4568 4443 3039 4320 4195 4326
1392 73 5 9 26 52 2000 27 12 9 1536 7 3 9 2 5 2 174 1536 107 406 284
4032 4619 4492 4623 4628 4533 4534 3039 2496 4422 4551 3016 4563 4567 4443 4575 4320 4195 4582 4326 4594 4607
1494 7 22 4 2 170 47 1820 2000 39 3 1820 3 31 107 73 123 612 25 364 14 12
2496 4032 4642 4195 4662 4326 4679 3016 4685 4619 4320 4686 4683 4680 4533 4534 4567 4575 4669 4670 3039
2000 1670 21 687 12 337 6 1999 1 98 103 2 3 5 127 98 20 23 21 20 1999
2496 4032 4738 4195 4326 4705 3016 4320 4724 4533 4567 4737 4730 4735 4732 4698 3039
2000 1627 1 411 217 28 2000 13 1 104 19 1 3 4 6 8 2000
