1 2
2 1
3 4 5
4 1 1
52
7
2
1
6
2
8 9 10 3 11
2 1 2 1 4
0 3
1 1
9 4 6 7
1 1 1 1
4
1
3 5 6
3 1 2
1 3
2 2
0
1
0
1
26 22
1 5
8 9 10 6
1 2 1 1
18
6
0 1
2 2
12 14
2 4
3 6
3 1
1 7 4 9
3 1 1 1
0 5 10 14 16 17 19
4 2 1 3 1 1 1
1 2
4 2
1 2
2 1
0 3 6
1 4 1
1 3 4
1 3 2
9 6 7
2 5 4
8 10 12
2 3 5
3
1
16
2
14 7
3 2
1 2 3 4
1 3 3 1
0
1
1 2
2 1
11 2 3 10
2 9 5 1
3
4
0
1
2 3 4
2 1 1
27 28 30
1 5 2
8 10 6
3 2 1
0 1 4
2 1 1
28
2
4 5
3 1
4 5 6
1 1 4
1 3 4
2 3 2
1 3
1 2
2
2
6
1
0
3
8
1
0 1
1 1
10 12
1 1
0
1
10 4
1 1
9 12
3 2
0 4 6
1 2 3
0 1
1 1
12 7
1 1
0 1 2
1 4 4
0 2
2 3
1 11
3 2
0 3 5
4 3 2
17 12 9
4 10 1
16 19
1 1
11 12 13
1 2 1
3
1
9 13 6
1 2 2
0
2
25 28 29 23
2 1 1 8
1 3 4
3 2 2
9 5
1 1
26
1
0
1
35 36 23
2 3 2
6 7
1 5
0 2
1 1
0 1
1 1
10 15
3 3
12 13
1 1
11 13
1 2
10 14 15
2 1 7
8 1 5 7
3 3 2 1
0
1
1 3 4 5 6
1 1 1 2 1
29
2
7
2
