32 33 43 38 39
16 17 3 10 1
88 33 84 93 102
3 44 56 14 39
106 139 109 84 117 121
34 12 34 37 19 2
156 162 163 148 142
9 2 2 12 3
224 193 226 227 171 209 213 214 218 221 222
18 2 1 1 39 29 20 48 10 11 5
263 257 259 246 231 264 266 171 270 209 244 213 214
1 49 17 14 6 4 4 26 5 14 68 71 86
290 331 231 328 299 336 337 244 213 214 308
39 11 15 3 12 3 5 66 56 24 11
352 290 328 299 354 337 340 213 214 346 341
4 18 47 21 1 32 8 290 90 8 64
384 290 388 374 358 391 328 363 390 369 340 213 214 377 346 380 341
4 63 2 24 138 3 66 131 1 9 36 513 300 6 36 4 11
290 420 358 392 363 396 397 430 431 328 434 435 340 213 214 377 346 405
195 27 150 7 6 27 89 2 3 28 4 1 144 447 204 63 144 79
480 290 470 358 328 397 464 340 213 214 377 346 474 446
3 334 47 381 12 117 28 205 500 381 4 205 23 142
480 290 470 358 328 397 528 340 213 214 504 346 474 446 517
3 399 10 343 4 42 1 283 619 343 82 283 133 357 13
290 570 569 358 553 546 563 340 213 214 567 564 474 346 446
408 1 1 524 9 86 3 456 684 524 4 5 456 456 188
576 290 570 358 553 558 563 340 213 214 567 474 574 346 446
1 170 3 366 37 13 2 792 1063 366 21 792 3 792 180
290 611 358 615 616 553 558 340 213 214 585 474 606 346 446
98 1 287 11 4 27 3 807 1094 287 19 807 4 807 33
290 643 358 663 585 619 652 654 669 656 657 626 340 213 214 553 474 667 668 346 666
143 5 278 1 37 33 5 4 1 8 6 45 802 1058 278 67 802 2 1 802 1
705 290 675 709 358 679 553 695 718 719 721 340 213 214 681 474 346 702
2 41 29 8 372 30 96 42 1 4 5 914 1264 372 110 914 914 3
756 705 771 741 358 762 553 746 681 765 721 755 340 213 214 695 761 474 769 346 767
6 33 1 13 142 14 69 5 195 1 108 6 1013 1636 142 60 22 1013 7 1013 6
769 776 781 782 792 793 346 798 800 807 808 553 810 811 817 818 819 695 705 721 340 213 214 474 741 358 681 761 762
47 95 4 25 12 34 1202 11 7 62 7 43 3 4 1 1 3 226 113 199 1202 1873 67 1202 45 67 217 58 36
864 769 866 705 553 358 807 681 826 721 340 213 214 695 792 761 474 346 865
129 51 1 5 10 10 240 184 45 301 1199 1983 10 283 137 40 1199 1199 3
864 769 875 807 681 826 878 721 340 213 695 792 474 346
51 100 3 344 261 35 3 59 1320 2000 443 20 1320 1320
864 769 807 681 910 925 913 920 340 213 695 792 474 924 346
76 35 131 157 20 1 14 3 1524 2000 505 188 1524 2 1524
769 962 963 965 966 807 681 957 945 340 213 695 792 948 474 346 959
206 3 16 5 4 102 34 10 28 1614 2000 698 250 18 1614 1614 6
1001 769 963 681 971 973 1008 1010 1011 340 213 1014 695 792 1012 474 346 1013
4 425 59 32 160 113 7 5 1 1820 2000 1 277 148 1 1820 1820 2
769 963 1064 681 1066 971 973 1070 1067 340 213 695 792 1049 474 346 1045
302 107 1 23 1 283 135 2 1 1971 2000 185 6 7 1971 1971 1
1056 769 963 1062 1063 681 971 1069 1059 340 213 695 474 346 1054
20 164 92 18 8 340 98 1 7 1660 2000 190 1660 1660 86
769 346 1054 681 1075 695 963 971 1100 340 213 474 1118 1121 1125 1126 1127 1128 1132 1134 1135 1108
316 1642 331 358 37 86 17 25 33 1642 2000 1642 10 11 4 8 34 9 2 1 1 1
769 1187 1121 1127 681 1162 971 1149 1075 340 213 1142 695 1140 474 346 1054
269 3 16 134 316 4 4 9 57 1684 2000 21 99 19 1684 1684 356
1184 769 1186 1121 681 1168 1175 1182 1149 1178 1181 1075 340 213 1142 695 474 1127 346 1054
1 133 1 59 367 5 15 8 30 4 4 59 1633 2000 143 221 1633 20 1633 109
1121 1238 1235 769 681 1226 1213 1201 1075 340 213 1142 695 1236 474 1231 346 1054
128 1 9 57 262 3 59 8 128 1738 2000 349 57 7 1738 5 1738 128
769 1270 1286 1287 681 1290 1291 1292 1213 1265 340 213 1142 695 1268 474 1289 346 1285
58 49 10 5 205 2 1 1 129 19 1795 2000 681 38 23 1795 1 1795 10
1312 769 1314 1270 1329 681 1319 1326 1213 1265 340 213 1142 474 1327 1308 346
31 159 3 93 7 87 6 31 191 10 1913 2000 418 1913 1 5 1913
1344 769 1270 1350 1353 1213 1360 1363 340 213 1142 1367 474 1359 346 1365
9 146 25 35 43 224 27 6 2000 2000 195 1 2000 9 2000 19
769 1423 1424 1427 1430 1433 1434 1435 1436 346 1213 1344 1142 1350 1353 1360 340 213 474 1385 1390 1397 1270
415 10 1 26 6 3 2 1 3 2000 292 16 87 4 40 118 2000 2000 2000 8 48 31 31
1440 769 1445 1462 1453 1455 1459 340 213 1142 1463 1464 474 346 1213 1397
12 593 15 1 6 11 1 2000 2000 122 3 2 2000 2000 247 17
769 1499 1445 1513 1520 1213 1503 1521 1522 340 213 1142 1519 1497 474 1487 346 1502 1471
822 5 14 34 2 197 2 4 1 2000 2000 50 4 37 2000 41 2000 5 82
769 1540 1543 1513 1557 1550 1487 1213 340 213 1558 1560 1497 474 1471 346 1503
729 16 42 58 43 13 86 22 2000 2000 4 2 100 2000 13 2000 28
769 1557 346 1565 1581 1585 1587 1593 1213 1471 1600 1602 1604 1605 1606 1487 340 213 1497 474 1503 1513
295 165 2000 21 3 4 16 8 219 3 3 3 2 2 4 161 2000 2000 15 2000 35 126
769 1634 1635 1631 1637 1513 1213 1636 340 1557 1625 1624 1593 474 1487 346 1629 213
414 5 2 6 5 65 51 2 2000 296 12 9 65 2000 65 2000 1 2000
769 1634 1667 1691 1625 1689 1513 1687 1677 1487 1213 1651 340 1557 1657 1593 474 1679 346 213
417 65 9 2 9 1 91 2 11 91 11 10 2000 380 20 91 2000 70 2000 2000
1696 769 1757 1754 1513 1715 1740 1634 1213 1746 1760 340 1557 1593 474 1487 1679 346 213
54 176 3 1 93 11 22 1 53 3 3 2000 578 93 2000 93 8 2000 2000
1696 769 1826 1831 1832 1513 1835 1487 1809 1810 340 213 1801 1593 474 1787 346 1213 1557
80 96 5 3 2 18 1 18 2 22 2000 2000 7 18 2000 39 2000 95 648
1696 1855 1887 1889 1513 1869 1213 340 1557 1801 1593 474 1487 346 213
240 20 6 3 34 23 139 2000 628 2 34 2000 34 2000 2000
1925 1926 1927 1928 1929 1930 1557 346 1696 1213 1855 1869 340 213 474 1898 1902 1903 1906 1908 1916 1919
16 18 4 4 3 1 834 2000 451 150 37 14 2000 2000 2000 10 16 1 34 1 17 5
1696 1855 1955 1958 1926 1960 1962 1869 1213 1968 1906 340 1557 1957 474 1951 1916 346 213
565 31 2 12 7 3 6 12 35 1 80 2000 868 6 2000 38 10 2000 2000
1696 2015 1955 1855 1958 2033 2013 1869 1998 2031 1213 1906 340 1557 2004 474 1951 346 213
653 14 4 2 40 4 8 19 14 11 38 25 2000 908 36 2000 25 2000 2000
1557 2073 2074 346 1696 1958 2090 2097 2098 2099 2100 2102 2105 2108 2109 2110 2112 2114 2115 340 213 474 2042
1280 36 35 2000 697 132 19 30 1 6 3 2 7 3 9 1 1 1 4 2000 2000 2000 36
1696 2176 2179 2181 2184 2153 2186 2187 2126 2128 2042 340 1557 2185 2073 474 346 2142 213
881 3 35 5 1 18 1 2 23 57 12 2000 1359 2 12 2000 2000 45 2000
1696 2209 2211 2217 2224 2220 2126 2197 2227 340 213 2200 474 2203 346 2142 1557
1242 31 16 17 2 14 63 14 2 2000 2000 49 2000 142 2000 51 1571
1696 2209 2267 2279 2282 2283 2284 2285 2126 340 213 2200 474 2203 346 1557
926 7 1 16 6 2 2 1 69 2000 2000 100 2000 148 2000 1490
1696 2209 2331 2325 2200 2126 2330 2321 340 213 2327 2328 2324 474 2203 346 1557
971 20 3 2 14 125 5 8 2000 2000 1 1 3 2000 230 2000 1426
1696 2370 2371 2372 2373 2342 2375 2333 2352 340 213 2374 474 2203 2364 346 1557
1376 3 4 2 2 35 2 13 12 2000 2000 1 2000 359 10 2000 1642
1696 2403 2404 2405 2406 2409 2410 2412 2414 2416 2419 340 213 474 2203 346 1557
1070 5 11 8 3 5 10 4 2 2 1 2000 2000 2000 126 2000 1684
1696 2433 2438 2440 2461 2448 2449 340 1557 2423 474 2203 346 2458 213
1211 18 8 15 2 14 14 2000 1586 24 2000 55 2000 8 2000
1696 2433 2490 2471 2487 2449 340 213 2423 2489 474 346 2458 1557
1461 17 2 30 13 62 2000 2000 59 3 2000 2000 235 1711
1696 2528 2471 2536 2525 2512 340 213 2519 2521 474 346 2458 1557
1220 4 8 4 42 22 2000 2000 2 60 2000 2000 136 1815
1696 2561 2563 2471 2568 2537 2581 2525 2576 2578 2579 340 213 2582 2583 2584 2585 474 346 2458 1557
1138 14 4 30 7 169 2 46 5 5 7 2000 2000 1 1 3 1 2000 2000 46 1631
1696 2595 2597 2537 2613 2608 2609 2611 340 213 2612 474 346 2458 1557
1141 37 32 127 2 41 1 1 2000 2000 2 2000 2000 75 1777
1696 2627 2597 2630 2537 2640 2641 340 213 2649 474 346 2458 1557
787 8 53 81 90 29 13 2000 2000 5 2000 2000 57 1910
1696 2692 2693 2630 2695 2537 2653 2640 2641 2674 340 213 474 346 2458 1557
697 9 25 148 2 148 63 25 193 129 2000 2000 2000 2000 25 1852
1696 2722 2630 2728 2537 2730 2731 2653 2705 2674 340 213 2708 474 2719 346 2718 1557
290 8 150 3 150 4 1 207 14 152 2000 2000 3 2000 14 2000 3 1850
2705 1557 346 1696 2728 2730 2753 2630 340 213 474 2653 2782 2786 2788 2792 2537 2795 2796 2798 2674 2793
57 1945 2000 312 40 112 26 55 2000 2000 2000 212 30 4 10 5 55 1 1 2 270 5
1696 2817 2822 2630 2730 2824 2537 2842 2653 2705 2674 2835 340 1557 2806 2841 474 2843 346 2782 213
429 68 18 275 39 5 275 7 44 96 407 10 2000 1725 18 11 2000 1 2000 27 2000
1696 2817 2896 2822 2630 2705 2856 2537 2730 2888 2865 2674 340 213 2806 474 2844 346 1557
465 43 1 53 229 50 40 229 72 7 59 465 2000 2000 18 2000 5 2000 1771
1696 2946 2938 2822 2630 2951 2856 2537 2730 2925 2941 2953 2705 2674 340 213 2933 474 346 1557
221 41 3 20 242 9 3 242 20 4 15 2 44 221 2000 2000 20 2000 2000 1758
1696 2976 2997 2630 2537 3004 2988 2957 2990 2941 2674 340 1557 2964 474 3007 346 2938 213
270 65 12 210 210 3 34 44 18 159 270 2000 1790 48 2000 4 2000 101 2000
2957 1557 346 1696 2976 2630 3019 340 213 3031 474 3035 3037 3040 3041 3043 3044 3045 3047 2537 2674 3049 2938 2941
24 1701 2000 465 24 299 6 2000 2000 1 2000 2 4 2 3 3 8 1 1 299 465 2 186 254
1696 3105 3090 3104 3110 2630 2941 2537 2938 3037 2674 340 213 3096 474 3061 346 1557
409 20 1 4 2 171 223 171 161 25 409 2000 2000 3 2000 37 2000 1829
1696 3136 3154 3141 2630 2537 3147 2938 2674 340 1557 3159 3156 474 3061 346 3157 213
821 3 15 39 124 124 1 248 821 2000 1876 1 1 2000 134 2000 2 2000
1696 3169 3154 3141 2630 3201 2537 3199 2938 2674 340 213 3188 474 3061 346 3166 1557
755 42 51 21 166 1 166 1 358 755 2000 2000 4 2000 93 2000 65 1834
1696 3194 3227 3154 2630 2537 2938 2674 340 213 3226 3224 3225 474 3061 346 3166 1557
552 4 3 110 309 309 247 552 2000 2000 1 12 1 2000 107 2000 4 1691
1696 3253 3267 2938 2630 2537 3154 2674 340 1557 3268 3257 474 3061 346 213
958 9 10 37 118 118 97 958 2000 1882 2 22 2000 16 2000 2000
1696 3298 3267 3333 3269 2630 3303 2537 3330 3154 3311 3314 2674 340 213 3318 3305 474 346 1557
727 38 123 1 92 150 22 150 3 112 28 26 727 2000 2000 21 34 2000 2000 1850
1696 3267 3269 2630 3367 2537 3346 3372 3154 3311 2674 3369 340 213 3305 3384 3387 474 3370 346 1557
817 376 192 21 20 21 129 37 144 1 817 20 2000 2000 21 8 2 2000 46 2000 1979
3346 1557 474 1696 2537 3370 3387 3267 3269 2630 340 213 346 3424 3431 3433 3439 2674 3443 3444 3446 3305
72 1988 2000 708 12 48 101 729 45 12 2000 2000 2000 37 28 43 2 708 1 1 1 5
1696 3458 3267 3269 3433 3370 3346 3482 2674 340 213 3480 3481 346 3387 474 3466 1557
723 103 656 17 17 310 9 1 723 2000 2000 20 3 2000 70 2000 82 2000
3458 3466 1557 346 1696 3492 3494 3370 3501 3513 3387 3518 3520 3267 3525 3527 3529 3530 3532 340 213 474 3433 2674
149 149 2000 2000 488 6 8 282 39 9 83 3 37 862 12 1 1 5 1 2000 2000 2000 14 488
1696 3520 3458 3267 3370 3605 3602 3597 2674 3587 340 1557 3513 3604 474 3387 3580 346 3466 213
141 90 30 1242 77 1 2 6 141 1 2000 2000 36 2 2000 90 24 2000 30 2000
3458 3466 3651 1557 474 1696 3626 3628 3513 3387 3520 3267 3656 3658 3660 3661 3662 3663 3664 3666 340 213 346 2674 3370
101 101 5 2000 2000 279 13 18 24 41 41 1107 8 7 7 7 1 1 2 2 2000 2000 2000 279 48
3718 3722 3724 3728 3731 1557 3734 3735 3736 3737 474 1696 3370 3513 3387 3520 3267 3660 3661 340 213 346 3675 2674 3733
32 1 2 3 1 2000 4 2 6 1 2000 14 217 82 200 200 1357 21 14 2000 2000 2000 12 14 1
3520 1696 3267 3749 3770 3796 3370 3661 3760 3793 2674 340 1557 3798 3799 3768 3737 474 3387 346 213
311 9 1135 17 13 1 359 9 99 4 9 2000 2000 8 5 24 98 2000 311 2000 2000
1557 3737 346 3749 3370 3760 3770 3387 3520 3267 340 213 474 3819 3823 3831 3832 3833 3835 3836 3837 3838
2000 179 2000 67 530 13 79 599 599 1185 2000 2000 2000 11 7 6 13 2 5 3 3 1
3520 3904 3267 3909 3770 3867 3370 3901 3760 3907 340 213 3737 474 3387 346 1557
532 1 1267 2 52 17 350 1 17 8 2000 2000 225 2000 532 2000 2000
3520 3969 3968 3267 3770 3370 3962 3760 3967 340 213 3961 3737 474 3387 3971 346 3970 1557
526 4 3 1269 100 490 9 63 24 2000 2000 4 379 2000 526 5 2000 2 2000
3520 3267 3770 3370 3760 340 213 3737 346 3387 3772 474 1557
541 1354 48 536 37 2000 2000 296 2000 541 1 2000 2000
3520 3267 3835 3827 3770 3818 3370 3828 3773 3800 3829 340 213 3831 3832 3737 346 3387 474 1557
485 1327 2 2 93 4 409 3 10 3 21 2000 2000 3 1 332 2000 485 2000 2000
3844 1557 3863 3865 346 3879 3370 3884 3885 3886 3770 3387 3773 3520 3267 340 213 3800 474 3737 3818 3829
33 2000 74 33 2000 4 425 2 2 2 8 508 68 508 1332 2000 2000 99 2000 191 16 32
3863 3907 1557 3737 3865 474 3370 3897 3770 3387 3773 3520 3905 3267 3921 3923 340 213 3926 3800 346 3935 3936 3937 3939 3941 3942 3901 3829
33 30 2000 338 82 2000 890 53 127 144 57 144 10 835 18 5 2000 2000 12 96 2000 7 13 1 3 1 1 54 237
3977 3979 3980 3981 3982 3983 3907 1557 3865 3737 474 3370 3770 3387 3773 3520 3267 3921 340 213 3926 346 3948 3953 3955 3829
31 3 3 4 2 2 13 2000 75 275 2000 547 255 106 46 106 1291 3 2000 2000 38 2000 5 52 5 151
4032 3977 1557 3737 474 3370 3997 4023 3770 3387 4028 3520 3267 4036 4040 4041 4042 4043 340 213 3926 346 3953 3829
9 5 2000 155 2000 510 6 4 211 193 5 193 1300 4 3 4 1 1 2000 2000 6 2000 69 183
4032 3520 4098 3267 4097 4096 3770 3977 3370 4093 3829 340 213 3737 346 3387 474 1557
32 279 1 1721 2 4 164 12 100 1 50 2000 2000 44 2000 279 2000 2000
3520 4032 3267 4150 3770 3370 4143 4144 4145 3829 340 213 4149 3737 4148 474 3387 346 1557
452 97 1667 4 158 50 1 6 4 48 2000 2000 4 2 7 2000 452 2000 2000
3520 3267 4211 3770 4170 3370 4204 4208 3829 340 213 4215 4185 346 3387 4156 474 1557
292 1633 8 156 76 100 6 2 100 2000 2000 1 6 2000 292 17 2000 2000
3520 4225 3267 4261 3770 4264 4170 3370 4267 4216 3829 340 213 4266 4248 346 3387 474 4254 1557
381 14 1912 2 107 7 5 42 1 14 42 2000 2000 2 53 2000 381 2000 2 2000
3520 3267 4340 3770 3370 4332 4333 4334 4272 4337 4338 3829 340 213 4248 4330 346 3387 474 1557
296 1887 2 158 61 3 10 2 67 2 1 61 2000 2000 22 7 2000 296 2000 2000
4358 4366 4367 4371 1557 474 4384 4389 3370 4395 4397 4272 3770 3387 3520 3267 340 213 346 4330 4333 3829
14 2 97 18 2000 2000 7 2 15 4 1 204 399 157 157 1937 2000 2000 2000 42 37 15
3520 4432 3267 3770 4456 4330 4460 4397 4462 4367 4272 4464 340 213 4445 4461 474 3387 346 1557
537 27 2000 575 6 127 1 26 2 223 63 1 2000 2000 5 2 2000 537 2000 2000
3520 4512 4514 3267 4520 4330 4397 4367 4272 4507 340 213 474 3387 346 3770 1557
358 2 4 2000 1 16 14 292 7 12 2000 2000 2000 358 2000 371 2000
3520 3267 3770 4557 4367 4561 340 213 4567 4569 474 3387 346 1557
304 2000 379 5 379 5 2000 2000 4 2 2000 304 2000 2000
