40 44 46 47 49 52 53
4 14 3 5 7 2 1
76 83 44 81
3 2 21 1
100 104 107 76 110 111 112 90 92 93 95
19 9 4 67 1 2 1 42 2 7 1
100 140 142 144 147 150 151 152 153 154 156
19 6 15 8 10 8 1 1 1 2 2
184 196 182 142 207
6 1 29 67 28
256 259 260 262 263 264 240 244 220 223
32 8 4 1 1 3 14 49 4 4
323 325 326 274 244 309 311 313 317 319
5 2 5 16 209 3 11 30 1 20
352 354 332 274 244 345 313 350 319
8 2 63 66 127 9 80 1 52
352 385 420 396 394 332 397 434 432 433 274 244 409 372 410 431 313 429 426
65 21 1 10 10 88 13 2 2 4 18 159 17 42 54 2 3 11 8
352 459 486 455 492 491 332 397 494 495 466 483 244 469 472 372 442 475
5 50 17 87 1 10 420 45 7 3 15 20 559 18 9 35 36 37
486 455 332 562 494 561 466 563 244 565 566 567 568 372 475
75 84 224 2 10 11 70 6 377 1 1 1 3 130 22
578 486 585 332 624 561 466 372 628 632 244 570
61 22 22 108 9 41 206 146 1 6 427 29
486 649 332 561 466 244 372 660
39 29 140 52 208 173 108 24
692 678 486 332 690 685 466 691 244 694 697 696 372 699 701 671
12 23 142 235 8 3 238 5 235 3 2 5 81 2 2 63
741 678 744 486 746 332 372 742 466 244 725 745 697
26 149 6 55 1 64 23 20 616 64 47 1 51
678 486 747 332 754 783 466 787 244 725 790 788 766 741
176 16 8 16 23 22 627 11 16 74 2 18 49 3
833 678 839 840 842 843 466 787 788 820 827 766
14 43 2 1 2 1 522 31 45 3 12 57
896 899 902 678 903 873 877 466 883 788 886 827 893 766 901
3 37 2 110 2 23 26 435 6 21 21 143 6 197 1
928 898 932 933 678 935 936 909 466 886 827 766
13 10 4 5 170 2 3 15 408 73 24 24
992 963 678 1000 466 886 955 989 990
6 57 299 2 807 57 18 4 38
963 678 1064 1033 466 990 886 1019 1054
65 270 10 25 885 9 65 46 3
1089 963 678 1096 1069 1102 466 886 1112
31 75 505 2 30 2 1063 75 3
963 678 1069 466 1139 1141 886 1143 1150
156 423 35 887 31 3 156 30 4
1184 963 1157 678 1192 1203 1202 1199 1200 466 1139 1204 886 1143 1179
1 216 63 362 10 2 3 29 1 662 108 2 216 156 89
1254 963 1252 678 1222 1217 1143 1233 466 1139 886 1239 1179 1253
1 96 4 452 20 12 14 117 1031 50 96 19 72 2
1217 678 1287 1288 1290 1291 1292 1293 1294 1233 466 1239
198 325 5 2 2 2 1 1 1 130 936 162
1217 1315 678 1233 466 1239 1336 1337 1306 1340 1342
120 43 260 233 992 228 6 30 10 6 2
1217 678 1377 1352 1233 466 1363 1239 1368 1337 1306 1374 1375
161 363 4 12 363 873 8 294 43 164 23 12 3
1408 1217 678 1233 466 1239 1368 1337 1306 1405 1374 1407
3 175 286 286 1134 106 115 340 61 28 16 1
1495 1217 1477 678 1479 1463 1490 1233 466 1493 1430 1239 1368 1337 1405
1 141 2 331 11 31 10 331 1002 1 41 223 161 532 96
1217 1561 1509 678 1543 1544 1514 1559 1548 1554 1233 466 1430 1239 1368 1337 1405
28 1 135 193 10 2 2 2 25 10 193 1089 6 45 8 663 28
1601 1602 1509 678 1217 1586 1233 466 1589 1239 1337 1593 1405 1599
6 1 158 286 15 16 286 1153 14 93 593 1 148 2
1632 1633 1509 678 1586 1233 466 1337 1405
4 2 252 102 51 102 1302 654 179
1509 678 1522 1520 1233 466 1524 1525 1526 1527 1528 1337 1530 1531 1405
80 503 5 2 503 1483 2 2 6 7 11 318 2 4 144
1568 1540 1509 678 1522 1549 1405 1233 466 1524 1561 1527 1560 1337 1564 1565 1567
4 45 17 429 8 30 3 429 1414 8 6 11 1 191 4 6 1
1568 1637 678 1640 1233 466 1589 1625 1337 1597
15 2 78 8 78 1155 21 2 183 31
678 1643 1682 1233 466 1686 1337 1690 1692 1597
201 51 8 201 1334 2 281 9 6 147
678 1736 1737 1740 1682 1742 1744 1233 466 1747 1718 1746 1337 1723 1597 1726
199 2 76 3 44 12 2 199 1098 1 19 12 399 15 96 46
678 1737 1682 1233 466 1783 1784 1337 1786 1787 1788 1789 1726
241 43 19 241 1333 21 78 303 7 9 2 2 32
1827 1828 1830 678 1816 1807 1233 466 1784 1337 1818 1787 1820 1726
4 2 2 453 2 39 453 1615 63 20 17 22 12 316
678 1233 466 1790 1784 1337 1786 1788 1789 1726 1791
504 504 1522 1 60 234 8 4 1 429 1
1824 1825 1828 1830 678 1802 1233 466 1812 1822 1337 1726 1829
7 3 2 1 297 34 297 1393 10 1 607 297 1
678 1866 1870 1871 1872 1233 466 1876 1822 1878 1879 1337 1802 1726 1877
411 9 13 8 1 411 1362 6 37 1 1 638 5 411 1
1920 678 1927 1928 1929 1930 1903 1233 466 1726 1337 1822
10 626 6 1 3 2 44 626 1202 626 798 85
1822 678 1970 1233 466 1973 1337 1726
67 837 1 837 1265 13 735 837
2020 678 2027 2028 1997 2029 1233 466 2003 1726 2006 1337 2012 1822 2015
3 714 1 4 39 1 714 1576 22 714 15 424 20 38 10
2020 678 2087 2091 2092 2093 2094 2095 1233 466 2003 2006 1337 2012 1726
82 629 8 3 2 3 9 6 629 1551 140 69 449 48 629
2020 678 2087 2120 2140 2137 2128 1233 466 2003 2133 2006 2135 1337 2106 2139 2012 2138 1726
19 757 28 25 1 5 29 757 1671 119 11 87 10 329 14 3 12 1 757
2176 2182 2184 2185 2186 678 1337 2106 1726 2128 1233 466 2003 2006 2135 2012 2154 2156 2159 2164 2173 2174
1 4 1 1 2 921 249 55 921 56 921 1751 202 152 29 148 2 2 2 22 18 9
2176 2224 2198 678 2193 2215 2223 2128 1233 466 2003 2006 2135 1337 2106 2012 2205 1726 2213
35 2 52 1025 49 2 1 40 1025 1891 202 31 113 109 2 182 6 1025 7
2176 2193 2198 678 2228 1337 2234 2238 2243 2246 2252 2128 1233 2258 2259 2260 2261 2006 2135 2012 2256 466 2003 1726
172 32 15 753 58 231 11 26 17 4 3 18 753 3 6 2 4 34 126 279 1 1769 109 753
2176 678 2278 2193 2295 2290 2128 1233 466 2003 2228 2198 2135 1337 2012 1726
121 977 78 32 9 3 6 977 1879 38 38 20 82 121 348 977
2336 2176 2340 2278 678 2344 2345 1233 466 2003 2135 1337 2012 1726 2335
8 4 6 47 910 4 6 910 1996 124 152 4 441 910 3
2368 2401 2403 2404 2278 678 2377 1233 466 2135 2400 2361 2012 1726
29 20 8 1 21 1217 20 1217 2000 202 2 32 226 1217
2368 2432 678 2449 2377 2451 2445 2447 1233 466 2419 2462 2135 2012 1726
149 14 1323 12 115 13 11 14 1323 2000 67 2 184 133 1323
2368 678 2377 2445 2515 2477 1233 466 2419 2517 2518 2135 2489 2012 1726
21 1301 4 21 4 2 1301 2000 70 1 1 21 112 137 1301
2560 2561 2562 678 2556 2543 1233 466 2419 2550 2489 2555 2012 1726
1 5 1 1147 6 5 1147 2000 115 4 130 4 44 1147
2560 2594 2611 678 2615 2603 2604 2605 2606 1233 466 2419 2612 2582 2617 2616 2489 2586 1726
143 44 2 880 5 42 19 5 2 880 2000 371 3 45 1 3 172 5 880
2560 678 2664 2674 1233 466 2419 2654 2489 2586 1726
374 575 46 7 575 2000 782 9 280 139 575
2560 2722 2723 2724 2725 678 2717 1233 466 2419 2676 2711 2489 2586 2716 2685 1726
283 3 2 2 2 424 6 424 2000 790 22 70 521 163 70 31 424
2560 2752 2754 678 2760 1233 466 2419 2676 2739 2711 2489 2586 2716 2685 1726 2751
288 12 12 356 2 356 2000 578 144 31 33 973 33 33 14 356 73
2560 2754 2820 678 2824 1233 466 2419 2676 2711 2489 2586 2716 1726
270 137 3 418 5 418 2000 759 210 2 806 2 2 418
2560 2880 2754 2820 2886 678 2881 2857 2887 1233 466 2419 2676 2836 2870 2489 2875 1726 2867
377 9 128 178 5 275 15 25 2 275 2000 551 377 44 12 1169 16 275 4
2560 2932 2946 2947 2820 2949 678 2945 2952 2953 2954 2923 2892 1233 466 2419 2676 2934 2903 2489 1726
457 8 2 4 59 2 126 4 2 2 1 13 257 126 2000 873 457 44 28 1001 126
2560 2946 2820 2964 2969 2977 678 2489 1726 3009 3012 3017 3019 2892 3021 3022 3024 1233 466 2923 2419 2676
391 21 9 81 27 7 160 690 160 11 17 1 4 392 1 1 2 160 2000 175 1150 391
2560 2977 678 2923 2892 1233 466 2419 2676 3029 2489 2964 3067 3038 1726
641 13 15 580 124 15 2000 1482 641 60 503 15 1 29 15
2560 2977 3074 3076 3047 2923 2892 3090 3085 3088 3089 466 2419 2676 3094 3095 3096 2489 3092
442 48 4 10 37 1021 156 7 3 11 9 2000 1923 442 3 2 1 77 2
2560 3137 3107 3076 3089 3145 2923 2892 3117 3149 3148 3121 466 2419 2676 2489 3134
517 4 32 91 15 1 1069 180 45 1 2 48 2000 1998 517 2 7
2560 3107 3185 3121 3175 2892 2923 3148 3181 3183 3179 3089 466 2419 2676 3189 3190 3191 3076 3180
852 132 6 21 56 77 1022 108 15 1 7 16 2000 2000 852 2 1 1 59 7
2560 3200 3107 3236 3238 3175 3148 2923 2892 3181 3246 3245 466 2419 2676 3241 3224 3076
777 1 150 8 3 3 23 1036 187 19 2 1 2000 2000 777 2 48 5
2560 3264 3107 3268 3269 3267 3271 3272 3148 2923 2892 3247 466 2419 2676 3224 3252
553 33 103 11 1 11 1 1 46 1145 302 9 2000 2000 553 81 18
2560 3107 3299 3335 3331 3148 3338 2923 2892 466 2419 2676 3340 3224 3289 3339
540 18 7 8 15 35 7 957 503 2000 2000 540 1 89 45 2
2560 3343 3345 3349 3224 3357 3360 3369 3382 3383 3387 3389 3352 3391 3395 3396 3397 2892 3148 466 2923 2419 2676
653 1 3 72 40 40 32 8 18 30 3 1 11 7 1 1 4 698 69 2000 649 2000 653
2560 3360 3400 3148 3411 2923 2892 3410 3345 466 2419 2676 3349 3382 3352 3412 3224 3389
554 50 8 120 4 756 690 1 4 2000 2000 554 8 58 107 1 1 68
2560 3456 3459 3460 3462 3431 3400 3148 2923 2892 3439 3457 466 2419 2676 3349 3382 3352 3436 3452 3389
920 6 6 4 1 23 4 118 652 428 9 1 2000 2000 920 83 6 96 110 12 376
2560 3499 2892 3148 2923 3436 3501 3502 3439 466 2419 2676 3349 3352 3482 3503 3389
684 1 412 105 904 212 1 1 19 2000 2000 684 161 128 19 1 320
2560 3553 2892 3562 2923 3436 3539 466 2419 2676 3349 3551 3352 3546 3515 3389 3541
720 26 200 1 1080 510 17 2000 2000 720 70 5 314 9 89 607 19
2560 3589 3593 3349 3352 3436 3616 3623 3625 3630 3632 3633 3635 3636 3637 3638 3515 3389 2892 466 3541 2923 3564 2419 2676 3577
659 151 9 220 476 513 6 3 25 22 6 5 1 1 1 2 70 532 449 2000 18 892 10 2000 659 151
2560 2923 3589 3349 3352 3625 3699 3640 3515 3389 3651 3659 2892 466 3675 3680 3681 3691 3436 3697 3698 2419 2676 3701 3577 3707
748 737 70 238 401 24 1 7 119 424 33 33 515 2000 7 4 12 18 424 2 5 2000 748 3 70 2
2560 3349 3352 3739 3742 3745 3747 3750 3751 3752 3753 3515 3389 3651 3659 2892 466 2923 3436 3698 2419 2676
722 138 533 59 18 20 7 4 3 1 1 324 583 82 6 268 2000 1010 583 19 2000 722
2560 3777 3698 3747 3739 2892 3818 2923 3436 3794 3823 466 2419 2676 3349 3817 3352 3769 3515 3389
664 84 64 120 13 451 1 885 572 36 1 2000 2000 664 183 1 249 64 128 572
2560 2923 3349 3352 3747 3827 3769 3515 3389 3777 2892 466 3814 3819 3436 3821 3698 2419 2676 3829 3831 3833 3836 3837
856 782 87 387 294 16 21 191 702 260 362 2000 68 9 702 66 21 2000 856 6 9 14 1 1
2560 3905 3859 3862 3352 3747 3886 3887 3898 3515 3389 3777 3906 3908 3909 2892 466 2923 3436 3821 2419 2676 3829 3834
1008 6 93 6 221 346 33 59 12 315 902 101 18 3 2 232 2000 760 902 94 2000 1008 51 25
2560 3947 3948 3859 3352 3747 3886 3887 3515 3389 3777 3910 2892 3920 466 3924 3928 3931 3941 2923 3436 3821 3950 3951 3952 2419 2676 3829
742 1 3 177 340 211 204 208 233 639 233 37 43 40 2000 16 17 21 2 1215 639 233 2 5 1 2000 742 141
2560 3978 3980 3981 3982 3983 3859 3352 3747 3886 3887 2676 3515 3389 3777 3920 466 3928 3931 2923 3436 3821 3954 2419 3956 3829 3958
372 2 3 2 1 3 54 351 54 341 474 372 96 273 341 41 2000 49 22 1628 273 341 52 2000 39 60 28
2560 3983 3859 3352 3747 4006 4011 4012 4013 3886 3887 4020 4024 2676 4026 3515 4028 3389 4030 4031 4032 3777 466 2923 3436 3821 4029 3954 2419 3956 3829
369 22 20 684 20 56 6 6 15 684 576 6 12 369 9 107 5 203 2 6 3 684 2000 1631 203 684 2 96 2000 198 43
2560 3352 4084 3886 3887 3956 3515 3389 3777 4035 466 4058 4072 2923 3436 3821 3954 2419 2676 4091 4092 4093
274 316 7 316 652 191 108 185 316 14 2000 24 60 1726 185 316 160 2000 274 3 14 5
2560 3777 4072 4143 4084 2923 3436 3821 3886 3887 4144 4145 466 2419 2676 3389 3352 3956 4058 3515 3954
108 224 45 5 8 1892 92 224 224 561 4 1 2000 2000 108 92 224 46 24 92 375
4160 4146 4072 4169 2923 3954 3887 466 2419 4149 4155 4158
6 38 136 2 2000 651 559 2000 2000 9 1 3
4193 4211 4197 4072 2923 3954 4173 466 2419 4180 4213 4215 3887
13 19 7 145 2000 503 68 2000 2000 102 3 7 263
4267 4211 4263 4072 2923 4268 3954 4173 466 2419 4180 4250 3887 4254 4261
3 2 7 125 2000 2 449 104 2000 2000 117 38 165 9 1
4320 4289 4322 4072 2923 3954 4173 3887 466 2419 4180 4250 4315 4285 4286
15 19 9 27 2000 622 2 27 2000 2000 15 19 14 8 7
4379 4358 4072 4381 4370 2923 4332 3954 3887 4368 466 2419 4372 4373 4377 4378 4315 4380 4285
1 2 110 1 38 2000 43 368 110 9 2000 2000 15 1 1 3 18 1 3
4422 4072 2923 4332 3954 3887 466 2419 4436 4439 4409 4315 4431
9 126 2000 32 171 126 2000 2000 3 2 1 203 1
4480 4482 4475 4072 2923 4332 3954 3887 4496 4497 466 2419 4500 4501 4502 4315
7 9 7 184 2000 36 42 184 3 1 2000 2000 8 8 2 225
4513 4519 4072 2923 4332 4526 3887 4528 4520 466 2419 4527 4315
83 13 514 2000 82 1 514 6 49 2000 2000 16 237
4513 4579 4581 4519 4072 2923 4332 4557 3887 4520 466 2419 4315 4541
134 5 14 6 348 2000 54 21 348 112 2000 2000 107 48
4513 4612 4072 4617 2923 3887 4520 466 2419 4315 4604 4541
29 5 353 8 2000 353 35 2000 2000 35 32 94
4674 4685 4647 4520 4681 4679 2923 4652 4680 4686 3887 4072 466 2419 4687 4315 4638 4671
4 1 32 188 1 1 2000 8 1 5 107 107 2000 2000 2 4 75 8
