34 35 36 37 38 40 16
5 3 4 1 2 1 32
66 67 40 74 75 76 20 59 60 62
18 2 2 1 5 2 4 14 45 13
110 114 118 120 121 122 123 124
5 18 22 2 8 2 7 1
146 171 178 114 182 184 189 190 191
5 4 10 218 5 4 3 1 1
256 257 228 234 242 207 114 246 247 239 253 254 255
2 2 6 4 17 53 183 2 3 7 1 1 4
289 291 294 296 114 275 277 287
7 7 1 1 236 6 25 1
325 329 332 302 336 114 341 343 344 345 346
3 14 11 73 26 146 3 5 1 3 1
353 354 355 302 336 114 345 347 348 350
4 2 3 90 107 321 7 13 2 3
368 360 400 402 302 336 114 404 406 407 376 347 382
6 53 1 9 80 99 434 2 5 1 28 49 13
422 360 425 428 402 434 114 347
30 53 35 7 226 9 461 43
451 422 425 114 402 467 468 469 440 347
177 286 125 417 259 4 1 1 17 65
482 515 485 422 530 425 524 114 526 525 496 529 402 451 500 531 347 507
57 22 7 32 2 322 10 397 1 4 194 2 414 14 57 1 107 2
482 451 550 422 551 552 425 554 402 496 114 500 347
220 14 91 31 4 2 294 3 350 129 310 220 220
482 578 422 550 425 586 555 114 496 402 500 569 570 347
204 15 51 166 162 2 38 640 22 524 204 33 21 204
608 609 482 550 422 425 618 614 620 114 496 402 500 600 602 347
12 4 125 125 201 46 2 6 1 377 28 692 125 18 4 125
704 482 707 708 422 550 425 651 114 710 402 500 713 697 699 347 700
3 270 9 2 296 270 22 11 375 1 528 270 1 10 6 270 3
718 783 482 739 422 550 779 777 651 402 750 781 114 787 500 782 788 761 347 700
51 3 535 12 165 535 7 8 9 250 91 6 138 2 535 6 2 4 535 40
482 422 550 813 750 402 500 718 825 826 347
709 40 709 33 50 146 709 10 3 1 709
896 865 482 859 550 750 879 500 890 347 892 830
1 26 789 40 789 15 36 789 5 789 7 36
928 865 482 943 911 934 550 904 930 750 925 946 500 890 347 893
3 77 1037 3 9 13 1037 10 3 31 14 2 1037 21 1037 61
992 865 482 995 934 550 904 994 500 951 984 347 893 965
1 23 903 3 32 903 41 6 903 52 10 903 88 19
865 482 1059 1030 550 904 1053 1040 1027 500 951 984 934 347 893 1061
12 952 1 42 952 120 3 3 4 952 224 39 27 952 77 1
1088 482 1092 550 1030 1095 904 1096 500 951 347 1094 893
6 733 6 733 116 1 59 1 733 230 733 15 44
482 1115 1030 550 1159 904 1134 1167 1169 1170 500 1166 951 1172 347
624 26 38 624 15 3 16 3 2 2 624 6 199 2 624
1216 1185 482 1211 1188 1030 550 500 1206 1176 1204 347 1212 1181 1215
1 26 435 6 2 13 435 435 12 39 7 435 4 126 11
482 1221 550 1256 1261 1265 1266 500 347 1181 1246
231 17 231 1 8 1 2 231 231 125 8
1312 482 1307 550 1309 500 1306 347 1181 1310
1 70 1 70 5 70 8 70 378 4
482 1371 550 1352 1360 500 1369 1370 347 1340 1181
40 1 40 3 15 40 3 2 40 2 937
1409 482 1403 1382 550 1391 1394 500 1400 1402 347 1181 1407
6 18 15 52 18 33 7 18 14 2 18 914 4
1440 1441 1445 1382 1447 1448 1454 1391 1400 1434 1455 1181
6 89 62 44 6 2 6 183 48 1 11 721
1441 1382 1391 1497 1501 1181 1502 1503
43 109 119 30 3 1098 3 2
1441 1563 1542 1546 1391 1558 1560 1497 1562 1551 1181
14 1 2 17 21 3 3 32 3 12 1490
1578 1612 1391 1584 1620 1621 1622 1624 1497 1626 1595 1628 1181 1589
11 20 1 18 12 2 5 3 41 1 8 1 1113 58
1664 1666 1672 1674 1612 1589 1181
17 19 4 5 85 83 1200
1696 1698 1700 1705 1612 1710 1181 1713 1589 1693 1695
46 12 42 14 168 24 913 1 287 65 3
1760 1762 1765 1766 1735 1767 1612 1181 1744 1589 1752 1756 1693
4 2 2 1 27 2 157 864 9 443 1 4 60
1794 1797 1798 1800 1801 1612 1181 1744 1589 1693 1791
7 1 2 3 1 153 923 149 504 65 74
1846 1830 1800 1612 1181 1744 1841 1843 1589 1814 1791 1693 1845
4 46 34 317 602 161 6 10 485 6 6 356 18
1888 1872 1858 1830 1889 1612 1693 1744 1843 1589 1181 1886
4 4 31 58 1 495 310 83 160 469 480 1
1744 1936 1923 1830 1612 1934 1693 1904 1937 1938 1843 1940 1589 1939 1181 1941
101 2 3 96 581 37 156 23 1 8 140 4 506 1 386 3
1984 2000 1830 1992 1998 1612 1997 1934 1181 1744 1970 1940 1589 1942 1945 1979 1693 1983
13 3 43 16 1 694 5 72 179 152 24 7 536 46 30 12 202 4
1984 1830 2022 1612 1934 1693 1744 1970 2036 1589 1942 2041 2009 2011 1181
28 35 23 674 32 64 668 28 4 134 154 17 63 6 133
1934 2050 2051 1830 2108 1612 2062 2109 1744 2097 1589 1942 2009 2011 2044 1181
10 6 113 12 1 449 44 4 1205 13 51 90 149 51 113 171
2128 2051 2172 1612 1934 2173 1744 2162 1589 2134 2169 2009 2170 2044 1181
3 118 2 352 27 2 1456 33 151 53 1 14 4 118 41
2051 1612 2223 1744 1589 2230 2234 2009 2170 2044 1181
31 249 28 1447 179 14 7 125 31 31 125
2305 2306 2307 2309 2310 1612 2223 1744 1589 2009 2267 1181 2303
7 1 8 3 1 285 37 1445 229 41 37 41 1
2343 1612 2223 1744 2353 2356 1589 2358 2327 2009 2267 2332 1181 2357
17 320 67 1474 3 15 181 2 40 25 67 59 25 2
2391 2380 2359 1612 2382 1744 2356 1589 2364 2327 2392 2394 2332
16 60 87 180 37 1665 66 155 25 87 1 4 61
2433 2436 2438 2460 2327 1612 2414 1744 2356 2382 2462 2359 2428 2332 2430
4 7 19 11 56 84 51 1916 47 163 2 56 47 69 7
2528 2529 2530 2531 2532 2475 1612 2414 1744 2382 2520 2523 2527
1 1 6 1 1 4 11 57 1989 424 8 2 4
2532 2568 2382 1744 2583 2587 2588 2590
6 11 439 2000 1 2 7 3
2626 2596 2382 1744 2611 2614 2615 2617 2588
2 25 653 2000 10 54 10 12 29
2672 2658 2661 2662 2663 2664 2382 2671 1744 2674 2620
5 6 7 7 11 18 611 9 2000 2 111
2723 2724 2726 2664 2729 2731 2382 1744 2728 2708 2620 2717
4 10 2 79 3 2 597 2000 8 9 67 5
2736 2382 1744 2738 2746 2747 2748
27 539 2000 148 9 1 2
2791 2382 2799 1744 2738 2767
12 562 3 2000 9 33
2817 2382 2767 1744 2841 2844 2845 2846 2847
38 306 54 2000 5 1 4 2 3
2817 2819 2843 2825 2382 2767 1744 2837 2838 2842 2831 2844
146 26 12 49 422 142 2000 17 4 7 16 3
2817 2850 2819 2856 2825 2859 2860 2382 2767 1744 2869 2870 2871 2842 2831 2837
15 24 57 34 93 15 18 704 261 2000 9 1 3 8 43 41
2850 2907 2894 2887 2856 2825 2382 2831 1744 2899 2901 2902 2904 2767 2911
39 3 4 13 52 14 486 18 2000 23 17 1 1 154 2
2856 2382 2767 1744 2962 2899 2964 2963
201 527 21 2000 7 28 2 1
1744 2856 2861 2382
2000 70 2 912
2896 2881 2856 2889 2891 2382 2895 1744 2899 2900 2901 2902 2903 2905 2864
2 40 269 32 25 633 2 2000 2 16 4 3 1 1 17
2914 2947 2950 2856 2889 2891 2382 2927 1744 2932 2936 2941
5 3 1 460 17 24 459 18 2000 1 6 11
2947 2981 2982 2983 2856 2989 2382 2991 1744 2990
25 50 17 7 272 1 228 1 2000 3
2947 3012 3014 2856 3019 3020 3021 2382 3023 1744 3022 3002
57 37 5 371 11 2 2 145 1 2000 3 2
2947 3012 2856 3049 3051 2382 1744 3029
10 95 474 13 7 309 2000 11
3075 3012 3078 2856 3082 3095 2382 1744 3094 3063 3098 3100
7 142 4 502 36 10 496 2000 35 20 6 1
3106 3109 2856 3082 2382 1744 3094 3063 3114 3102
1 1 490 49 621 2000 13 4 1 30
3152 3140 3143 2856 2382 3151 1744 3126 3102
2 18 41 123 511 9 2000 39 105
3168 3202 3140 3206 3174 3143 2856 2382 1744 3156 3198 3126 3191 3192 3204 3194 3164 3102 3205
50 6 20 3 10 59 4 471 2000 69 9 25 15 12 1 7 19 125 1
3168 3207 3210 3143 2382 1744 3250 3253 3256 3164 3102
49 26 25 26 374 2000 1 21 3 82 110
3168 3296 3299 3303 3210 3276 2382 1744 3282 3294 3255 3293 3102
138 1 3 1 300 96 112 2000 3 3 44 6 72
3168 3344 3301 3302 3304 3210 2382 1744 3345 3347 3348 3349 3255 3325 3102
106 6 6 28 10 372 19 2000 12 2 1 2 39 5 19
3168 3390 3302 3210 2382 1744 3378 3379 3381 3255 3384 3353 3354 3387 3102 3391
137 2 59 479 11 2000 9 29 9 11 4 39 53 2 11 1
3168 3302 3432 3433 3210 1744 3379 3412 3381 3255 3353 3434
26 53 1 1 374 2000 185 5 66 4 6 2
3462 3302 3210 3475 3471 1744 3379 3477 3255 3480 3450 3487
26 57 205 2 11 2000 219 6 67 3 5 1
3302 3210 3543 3533 1744 3379 3541 3255 3544 3545 3547 3549
51 7 16 7 2000 114 19 47 11 4 1 1
3555 3607 1744 3379 3606 3255 3608 3563 3583
22 6 2000 25 4 67 1 6 2
3616 3620 3622 3626 3627 3628 1744 3255
6 61 14 6 3 1 2000 165
3664 3686 3620 3653 3622 3687 3688 3690 3629 1744 3667 3636 3255 3674
21 1 24 12 95 1 6 2 3 2000 11 23 248 9
3664 3747 3620 3653 3622 3751 3734 3750 1744 3732 3702 3255 3704 3743 3749
29 4 18 82 151 1 2 2 2000 15 7 214 25 5 4
3664 3747 3780 3622 3787 3788 1744 3793 3702 3255 3704 3760 3792
60 18 9 20 2 9 2000 2 7 147 156 76 3
3808 3760 3811 3780 3622 3820 1744 3830 3255 3704 3834 3835
25 10 23 28 69 9 2000 21 290 405 11 1
3760 3780 3846 3622 3850 3852 1744 3878 3255 3704 3834
16 236 59 295 23 33 2000 8 78 240 8
3904 3936 3780 3846 3622 3943 3927 1744 3926 3255 3704 3908 3834
16 4 284 51 292 1 33 2000 1 59 69 2 19
4002 3780 3622 4014 4008 4011 4013 3950 3983 1744 3989 3255 3994 3999
26 475 475 1 5 1 2 134 16 2000 60 10 15 5
4048 3780 3622 3950 4047 1744 4050 4019 4020 3989 4054 4058 4059 4060
9 416 416 289 7 2000 6 66 51 189 5 3 1 2
3780 3622 4072 4074 3950 4093 1744 4081 4082 4051 4084 3989 4086 4090 4061
731 731 10 22 36 4 2000 1 18 36 1 17 3 7 11
4163 3780 3622 3950 1744 4051 3989 4152 4154 4156 4061 4159
2 383 383 2 2000 51 2 4 5 31 2 7
4194 3780 3622 4188 4203 4172 4205 1744 4210 4051 4180 4217 4218 4219 4156
9 263 263 16 3 33 6 2000 1 257 32 6 2 2 104
4256 4240 4259 4228 4262 3622 4231 4235 4255 4205 4237 1744 4244 4246 3780 4251 4156 4261
2 23 6 72 3 63 73 75 1 182 11 2000 27 2 63 19 435 3
4322 4315 3780 4324 3622 4231 4323 4235 4205 4319 4271 1744 4301 4291 4313 4292 4282 4251 4156 4317 4287
1 42 28 4 28 80 2 2 224 8 61 2000 15 13 12 27 175 11 211 3 3
4379 4292 4374 4231 4361 4331 4332 4205 4271 1744 4342 4282 4315 4156 4378 4319
1 81 2 139 3 2 25 205 139 2000 32 401 36 488 1 34
4384 4315 4292 4231 4156 4394 4395 4332 4205 4271 1744 4372 4413 4342 4411 4282 4399 4412 4381 4414 4405
40 7 119 273 591 25 44 112 273 273 2000 21 3 103 1 399 11 10 83 1 3
4480 4231 4381 4384 4395 4271 4282 4156 4292 4342 1744 4439 4447 4456 4459 4332 4205 4465 4469 4470 4472 4475 4476 4477 4478 4479
1 199 181 13 147 199 299 677 307 115 2000 35 9 6 6 200 199 18 35 2 6 5 1 4 5 1
4539 4292 4231 4395 4332 4205 4271 1744 4501 4342 4439 4282 4479 4156 4381 4506 4538
1 286 155 326 82 155 155 2000 8 82 17 780 116 552 58 22 4
4231 4506 4381 4395 4271 4282 4156 4545 4292 4552 4556 1744 4568 4575 4577 4578 4579 4581 4582 4205 4342 4479
10 2 9 264 10 874 623 1 469 1 2 2000 10 3 3 7 1 1 1 10 220 10
4609 4578 4579 4292 4231 4395 4205 4271 1744 4342 4599 4568 4580 4602 4607 4156 4282 4479
3 263 50 624 22 371 22 22 2000 129 41 22 87 43 1 704 774 22
