35 42 45 46 47 52
8 4 2 6 1 1
82 90 91 92 93 94
8 5 2 2 1 2
130 139 140 111
16 14 1 1
161 181 182 183
3 1 4 3
206 216 217 219 220 221
6 3 3 2 2 1
267 261 262 270 271
8 1 7 3 2
311 309 310 301
2 5 2 3
332 301 336 338 339 314
3 184 4 3 2 184
359 301 367 372 375 376 314 348
13 42 3 3 2 2 42 14
424 426 427 404
1 4 1 17
464 479
21 3
513 514 516 521
4 1 2 1
544 554 555 557
12 10 1 1
612 613 615 616 595 597 607
5 2 1 1 21 7 12
614 623 626 628 630 633
16 7 4 4 2 2
682 684 686
1 8 3
720 723 718
6 1 3
768 769 740 748 758 765 766
4 4 29 39 14 2 2
816 820 818 812 815
3 5 2 4 2
857 858 843 860
5 2 8 1
913 914 915 893 903
1 1 1 9 2
960 961 962 957 958
1 12 3 25 1
1008 1017 1010 1011 1005
4 3 2 4 5
1041 1042 1050 1047
58 9 2 12
1096 1097 1098 1084 1095
3 2 1 3 2
1127 1131 1143 1145 1146 1147
15 30 2 12 3 2
1166
12
1192 1200 1203 1204 1205
6 10 4 5 2
1272 1217 1271 1269 1245
1 23 1 1 1
1312 1321 1316 1317
7 2 10 4
19 20 22 23 24 26
2 7 4 1 1 1
66 70 71 73 74 75 51
6 3 6 1 1 1 10
113 118
22 5
143
11
193 194 195 196 197
15 6 1 3 2
224 223
4 25
256 257 260 229 262 263 265 245 254 255
7 9 2 2 3 1 1 5 8 6
306 309 310 311
6 6 3 1
337 340 341 342 343
5 6 3 1 2
0 34 35 36 37 39 40 30
8 4 5 4 3 8 1 4
64 58
2 22
96 100 69 71 88 90 92
4 1 11 3 19 8 5
106 115 127
4 6 34
169 180 181 183
20 4 1 7
211 213 214
14 6 1
256 255 239
1 9 27
8 5 6 7
3 3 2 1
40 32 35 37 38
2 3 5 5 5
14 15
3 2
66 67 68 69 46 53
4 1 5 2 4 4
137 139 142 143 110 88
3 2 4 1 11 16
32 33 4 1 14 18 25 26 28 29 30 31
1 1 17 3 3 12 8 1 2 1 2 1
99 103 72 109 86 58
7 1 23 2 1 1
162 164
1 2
33 61 53 63
3 5 3 10
106 107 102
2 2 19
160 162 163 164
5 1 2 1
203 204
13 1
248 240 250 247
1 1 2 9
271 272 273 276 280 281
4 12 9 9 10 4
322 324 325 326 329 330 331 333 334 335 336
1 3 5 1 2 3 2 6 2 1 1
27 35 36 5 45
1 4 6 11 1
57 58 59
3 3 2
104 107 108 79
19 1 2 17
128 133
2 2
16 17 7
4 1 18
75 77 78 79 82 83 55 59
3 10 1 4 1 3 26 2
136 137 131 116
1 1 1 23
8 4 7
1 2 2
8 4
1 4
25 28 29
3 19 9
72 73 76 46 70
2 9 1 14 13
1 4
7 1
56 48 43 52 55
1 3 6 9 2
57 52
2 12
56 81 90 87
7 1 3 4
99 109 110 111
4 2 7 2
142 148 117 151 153 155
1 4 2 8 1 2
192 193 194 195 186 189
5 9 1 1 10 4
238 239 242 248 251 252 254
2 6 27 5 2 2 2
320 324 317 294 285
7 1 13 4 4
326 366 370 371 374 375 377
14 11 11 4 6 4 3
426 398 433 440 441 443
2 7 3 6 1 1
485 498 502 471 505 506 479
10 1 1 12 2 2 2
544 555 547 548 558
26 1 15 4 1
616 609 618 621 622
2 7 1 3 1
674 679 693 694 695 696 697
10 7 3 2 7 2 1
740 743
14 1
9 10
8 1
2 3 4 5 6
2 7 2 1 2
34 37 40 42 43 14 24
8 6 11 3 2 2 11
15 19 25 26 28 29
28 2 1 3 1 1
32 33 26 29 14
1 1 3 1 4
81 82 86
3 1 1
112 110 111
2 5 9
137 148 156 157 158 159
4 19 19 2 3 2
0 1 2
1 3 4
74 75 80 83 85 86
11 18 13 5 1 1
122 132
5 1
