35
15
35 71 73 77 48 81 82 84 86 87 88 91 92 93
16 3 5 6 22 2 8 5 1 5 1 1 1 2
129 130 100 133 115 87
4 1 2 1 17 110
163 179 177 168 170 167 172 173 175 145 115 87
19 3 2 15 15 2 16 5 9 116 10 5
145 115 182 183
81 168 48 1
145 115 212 182 219 221 222
76 409 21 117 20 1 2
260 229 262 266 267 269 270 239 272 145 115 219
9 37 3 11 11 1 2 24 1 458 20 171
320 289 219 296 239 115 145 291 278 313 314 315 316 317 287
1 8 255 23 48 19 514 32 64 15 26 13 9 2 50
291 331 349 145 343 344 314 219 348 346 351
200 34 1 349 90 2 134 275 4 3 1
416 353 219 407 421 424 426 375 419 398 145 291 343 314 379 412 413
11 84 282 12 6 2 1 90 3 7 292 156 11 106 42 9 12
353 219 487 457 343 432 145 498 291 375 314 379 412 447
176 258 4 133 77 29 259 1 82 53 176 148 16 71
353 219 503 553 550 487 552 457 375 556 527 432 145 291 343 314 379 412 447
122 196 18 1 14 32 4 97 98 2 45 29 152 127 161 122 244 16 37
576 353 603 613 571 487 457 503 527 432 145 291 597 219 343 314 379 604 606 611
87 249 27 12 47 52 47 6 28 76 80 76 6 550 77 249 196 28 23 1
353 603 571 613 646 487 379 650 653 654 527 432 145 291 629 343 314 219 604
238 55 114 86 16 94 154 1 2 4 21 86 86 86 156 48 238 358 2
353 674 291 613 678 487 379 688 684 527 432 145 629 677 343 665 314 219 604 687 671
74 2 323 323 1 49 101 1 5 80 323 323 58 8 13 19 74 263 20 1 23
736 353 738 291 740 741 742 487 379 743 684 527 432 145 629 694 314 219 613
5 376 6 127 3 2 3 20 26 2 216 26 127 127 40 62 376 1068 127
353 770 291 613 780 487 777 684 432 145 771 629 694 314 219 741
584 33 77 77 4 61 5 372 77 77 8 83 77 584 1142 49
770 771 145 789 798 799 816 803 810 684 814 432 694 314 827 830 291 219 613 353 741 487 629
108 40 56 77 10 5 30 7 8 467 8 56 56 689 1 4 56 1313 56 689 65 126 65
353 770 741 487 872 874 684 816 789 314 219 810 798 629
885 282 32 41 2 3 680 187 128 885 1536 2 32 32
353 770 902 905 684 816 913 916 789 921 314 219 922
830 232 44 89 805 25 15 12 177 1 830 1454 2
353 770 964 902 905 970 684 962 974 975 916 789 314 219
1056 268 45 2 155 1 1056 4 4 3 3 158 1056 1381
353 962 1002 1003 684 770 1021 1010 789 314 219 1020 1018 1022 1023
1122 39 25 10 1122 159 3 11 271 1122 1408 3 9 1 2
353 1058 770 1075 1064 1002 684 1069 1073 1074 1066 1076 789 1078 314 219 1052 1021 1077
1297 2 10 1 14 4 1297 11 2 2 4 1 215 1 1297 1548 61 165 1
353 1123 1092 1064 1132 1131 684 1133 1105 789 1128 314 219 1052 1021 1141
1200 9 24 41 25 6 1200 8 6 169 9 1200 1722 176 139 1
353 1159 1180 684 1133 1181 1105 789 1178 1177 314 219 1052 1021
1438 59 5 1438 11 2 96 181 6 18 1438 1765 210 114
353 1211 1159 1224 684 1199 1105 789 314 219 1052 1215
1526 26 76 1 1526 74 57 142 1526 1837 220 1
353 1263 1211 1254 1159 1255 684 1261 1199 1236 789 1259 314 219 1052
1401 1 57 5 57 10 1401 2 60 16 65 9 1401 1935 175
353 1323 1211 1255 1289 1322 1159 684 1325 1326 1199 1296 1236 789 1273 314 219 1052 1269
1178 7 26 376 47 1 26 1178 7 1 12 28 376 103 44 1178 1897 96 8
1376 353 1211 1348 1159 1289 1255 684 1326 1359 1296 1347 1236 789 314 219 1052 1374 1375
1 1160 77 58 77 98 379 1160 88 11 65 18 379 32 1160 1968 180 2 2
353 1410 1211 1348 1255 1289 1386 1159 684 1359 1296 1411 1236 789 314 219 1052 1402
1029 1 18 14 555 78 5 18 1029 55 159 1 555 31 1029 1969 207 31
353 1442 1443 1444 1445 1446 1255 684 1421 1359 1426 1236 1430 1433 1428 314 219 1052 1438
1254 6 2 1 2 2 368 1254 22 122 18 368 13 6 29 1254 2000 31 9
353 1499 1255 1482 1483 684 1359 1426 1236 1493 1497 1460 314 219 1468 1438
1113 3 619 1 4 1113 268 13 619 12 2 28 1113 2000 6 38
353 1538 1531 1541 1255 684 1359 1520 1236 1527 314 219 1438
1215 8 4 3 568 1215 217 16 568 7 1215 2000 193
353 1570 1579 1572 1541 1542 1255 1580 1578 1574 684 1550 1359 1520 1236 1569 1560 314 219 1438
1165 7 2 11 16 27 569 1 2 2 1165 20 266 88 569 6 23 1165 2000 350
1542 1550 1560 1438 219 684 314 1606 1612 1614 1359 1617 1618 1236 1622 1624 1627 1629 1630 353 1255 1520
76 35 30 419 2000 1360 1360 57 30 6 102 19 15 538 5 1 1 2 1 1360 538 118
1664 353 1666 1542 1606 1255 1639 684 1650 1550 1359 1520 1617 1618 1236 1560 314 219 1660 1438 1663
2 1311 2 66 96 602 24 1311 2 45 87 194 25 48 602 138 1311 2000 11 461 7
1669 1542 1678 1679 1560 1438 1699 1701 684 1714 1715 1716 1718 314 1606 1359 1618 1236 219 353 1255 1520 1660
50 32 115 53 20 622 20 3 1497 2 3 1 3 1497 233 28 32 475 2000 1497 475 207 53
353 1732 1722 1606 1255 1736 1660 1738 684 1678 1679 1520 1236 1718 1737 1560 314 219 1724 1725 1438
1514 42 18 151 486 9 29 2 1514 28 29 122 486 14 2 104 1514 2000 38 111 614
353 1722 1732 1765 1606 1255 1772 684 1678 1520 1752 1779 1236 1782 1783 1560 1780 314 219 1725 1438
1579 50 54 12 182 421 1 1579 50 174 18 1 421 2 1 96 4 1579 2000 71 566
353 1732 1722 1606 1255 1834 1835 684 1678 1725 1520 1236 1560 314 219 1786 1438 1823
1875 93 37 291 125 3 1 1875 37 16 173 125 8 1875 2000 76 1110 14
1823 353 1732 1722 1606 1255 1832 684 1678 1725 1520 1841 1842 1843 1236 1844 314 219 1786 1438 1840
96 1837 8 28 343 163 11 1837 28 102 225 10 2 3 163 5 1837 2000 45 1072 4
1856 353 1858 1891 1894 1606 1888 1786 1895 684 1903 1520 1906 1907 1854 1893 314 219 1840 1438 1823
99 2000 91 4 20 117 10 4 9 2000 2 646 4 2 6 21 2000 2000 73 549 242
1856 353 1858 1952 1893 1606 1888 684 1965 1520 1968 1950 1974 1975 1973 314 219 1438 1823
125 2000 50 18 15 240 6 2000 2 710 10 37 1 2 1 2000 2000 491 102
1856 353 1858 1990 1606 1888 2028 684 2021 1520 1950 2038 1893 314 219 1978 1438 1823
330 2000 112 7 52 25 13 2000 15 870 20 9 41 2000 2000 25 209 90
1856 353 1858 1893 1606 2056 2028 684 2061 2062 2063 1520 2066 2067 314 219 2053 1438 1823
284 2000 237 49 4 12 4 2000 10 2 3 719 1 4 2000 2000 52 122 275
1856 353 1858 2053 2096 2087 2090 684 2063 1520 2098 2099 2101 314 219 1438 1823
147 2000 259 104 33 5 8 2000 57 717 3 4 1 2000 2000 42 259
1856 353 1858 2179 2053 2182 2183 2184 2185 684 2063 1520 314 219 1823
12 2000 92 7 130 2 4 3 5 2000 8 786 2000 2000 388
353 1858 2183 2224 684 1520 2193 2227 2197 314 219 1823
2000 19 16 15 2000 889 17 1 12 2000 2000 100
353 2242 2239 2245 2183 2224 684 2253 1520 2258 2259 2197 2262 2264 2261 314 219 2236 1823
2000 14 2 8 97 97 2000 14 801 1 4 2 1 4 2 2000 2000 12 157
2304 353 2245 2311 2313 2224 684 2183 1520 2324 2325 2316 314 219 2236 1823
17 2000 23 7 36 14 2000 14 660 2 3 3 2000 2000 147 181
353 2363 2374 2183 2355 2224 684 2319 1520 2339 2335 314 219 2236 1823
2000 7 12 20 1 20 2000 200 559 1 10 2000 2000 331 331
353 2379 2406 2183 2408 2396 2411 2224 684 2319 1520 2335 2409 2412 314 219 2236 1823
2000 26 1 43 1 4 2 43 2000 150 380 23 1 1 2000 2000 386 386
353 2379 2406 2183 2412 2224 684 2319 1520 2418 2420 2422 2423 2424 2425 314 219 2236 1823
2000 82 55 61 8 61 2000 329 482 2 1 1 1 2 1 2000 2000 647 647
353 2466 2468 2469 2406 2463 2460 2379 684 2445 2319 1520 2465 2418 2447 2470 314 219 2236 1823
2000 4 1 2 160 8 2 105 2000 9 453 527 3 36 15 1 2000 2000 805 805
353 2406 2502 2512 2379 684 2503 2319 1520 2465 2418 2515 2463 2511 2516 314 219 2236 2513 1823
2000 115 14 2 259 2000 2 662 806 7 23 1 46 15 1 2000 2000 505 3 505
353 2379 684 2319 1520 2550 314 219 2236 2558 1823
2000 521 2000 836 1075 10 2000 2000 269 3 269
353 2619 2628 2629 2630 2599 2620 2379 684 2606 2319 1520 2627 2625 314 219 2236 1823
2000 33 2 4 1 23 3 674 2000 12 1084 1140 4 2 2000 2000 114 114
2688 353 2619 2694 2599 2700 2698 2379 684 2695 2702 2319 1520 2701 314 219 2236 2703 2685 1823
9 2000 10 10 224 1 5 764 2000 34 10 979 979 6 2000 2000 238 1 19 238
353 2619 2692 2599 2698 2379 684 2319 1520 2699 314 219 2236 2685 2686 1823
2000 30 33 124 1 1046 2000 1207 1207 3 2000 2000 124 31 4 124
2692 2319 2717 1823 2725 2726 2599 2731 684 2734 2738 2743 2744 2745 2746 2619 2236 2379 219 314 353 1520
20 1371 5 141 5 29 141 3 2000 1 9 3 3 1 1 56 141 1296 2000 2000 2000 1371
353 2787 2726 2619 2379 684 2319 1520 2772 2774 2775 2776 314 219
2000 5 229 28 1381 2000 1428 1428 17 4 3 6 2000 2000
353 2811 2820 2726 2823 2379 684 2319 1520 2772 2838 2775 2836 314 219 2832
2000 2 3 257 1 1509 2000 1583 1583 42 1 16 2 2000 2000 13
353 2726 2849 2857 2379 684 2319 1520 2855 2868 2870 2775 2772 314 219
2000 194 7 32 1445 2000 1521 1521 13 13 3 10 12 2000 2000
2896 353 2891 2726 2855 2379 684 2319 1520 2898 2868 2775 2904 2905 314 219 2876 2903
32 2000 42 521 20 1332 2000 1433 1433 6 20 132 1 4 2000 2000 18 1
353 2946 2948 2726 2945 2928 2953 2379 684 2319 1520 2929 2898 2951 2775 2905 314 219 2952
2000 6 11 871 18 5 1 1387 2000 1387 1387 164 199 2 108 6 2000 2000 1
353 2971 2726 2945 2977 2379 684 2319 1520 2929 2898 2775 314 219 2970 2974 2975
2000 2 1205 10 1 1306 2000 1306 1306 156 250 161 2000 2000 8 2 3
353 3014 2726 2379 684 3026 2319 1520 2929 2898 3027 3028 2775 3032 3033 314 219 3006 3023
2000 5 1262 1291 2000 3 1291 1291 226 421 1 2 287 1 2 2000 2000 6 15
3072 353 3088 3075 3077 2726 3050 2379 684 3086 2319 1520 2929 2898 3092 2775 3065 314 219
23 2000 3 13 30 1083 19 1159 2000 6 1159 1159 165 459 5 266 32 2000 2000
353 3153 3107 3142 2726 3137 3145 3151 2379 684 3149 2319 1520 2929 2898 2775 314 219 3121 3147
2000 1 37 17 809 7 1 2 1027 2000 3 1027 1027 163 459 139 2000 2000 4 2
353 3107 3174 2726 3137 3209 3210 2379 684 2319 1520 2929 2898 2775 314 219 3199
2000 16 54 756 9 6 12 1435 2000 1435 1435 117 297 56 2000 2000 38
3264 353 3107 3174 2726 3137 2379 684 3263 2319 1520 2929 2898 3252 3225 314 219 3261 3199
2 2000 116 31 822 84 1427 2000 3 1427 1427 83 550 22 33 2000 2000 13 67
3264 353 3298 3107 3300 3269 2726 3137 2379 684 2319 1520 2929 2898 3291 314 219 3292 3293
33 2000 5 124 3 29 651 130 1219 2000 1219 1219 133 436 2 2000 2000 11 22
3345 353 3107 2726 3137 2379 684 3346 2319 1520 2929 2898 3347 3348 3349 314 219 3293
1 2000 180 593 86 1071 2000 4 1071 1071 337 318 7 1 1 2000 2000 46
3392 353 3107 3396 3397 2726 3137 2379 684 2319 1520 2929 2898 3381 3398 314 219 3388 3376
15 2000 266 4 5 394 96 795 2000 795 795 521 145 7 5 2000 2000 3 36
353 3107 3397 2726 3137 3443 3433 2379 684 2319 1520 2929 2898 3439 3444 3413 3415 314 219 3420 3421
2000 241 40 415 227 5 11 865 2000 865 865 372 279 34 2 41 12 2000 2000 84 2
2319 3474 3477 3107 2726 3495 684 3504 3505 3506 314 3137 2379 2898 3491 3413 219 3420 353 3433 3439 1520 2929 3443 3445 3450 3452
820 10 60 613 525 6 2000 12 2 1 2000 180 820 265 27 29 2000 82 2000 92 41 820 241 16 6 27 9
2319 3477 3107 2726 684 314 3137 3522 3530 2379 3532 3533 3535 3536 3537 2898 3491 219 3420 353 3494 3439 1520 2929 3443
624 48 724 426 2000 2000 272 20 5 624 3 21 1 1 1 394 45 2000 275 2000 147 71 624 152 194
353 3522 3107 3556 3494 2726 3137 3561 2379 684 3491 2319 1520 2929 2898 3443 3576 314 219 3420 3533
2000 17 1007 2 221 301 192 7 452 2000 31 452 452 111 282 120 11 2000 2000 120 3
2319 3619 3612 3613 3616 3107 3621 3494 684 314 3137 2379 2898 3491 219 3420 353 2726 3622 1520 2929 3443
616 1 21 1 2 811 1 303 2000 2000 276 616 408 5 2000 148 2000 434 1 616 115 148
2319 3107 3494 684 3634 3641 314 3648 3137 3654 2379 3660 3661 3663 2898 219 3420 353 2726 3622 1520 2929 3443
632 720 475 2000 4 8 2000 2 383 3 632 7 3 4 433 2000 92 2000 472 4 632 81 92
2319 3696 3675 3107 3494 684 314 3137 2379 3662 2898 3674 219 3420 3677 353 2726 3686 3688 3691 3692 3694 1520 3443
565 1 2 505 885 2000 2000 554 565 55 554 13 2000 45 19 2000 554 5 3 5 2 3 565 45
3715 3718 3719 2319 3733 3735 3736 3738 3739 3107 3494 684 314 3137 2379 3662 2898 219 3420 353 2726 1520 3443
50 48 2 546 4 1 2 1 1 401 1042 2000 2000 546 546 146 546 2000 11 2000 546 546 11
3715 3718 2319 3741 3107 3494 684 3759 3764 314 3773 3774 3137 3778 3785 2379 3788 3789 3790 2898 3662 219 3420 353 2726 1520 3443
221 10 618 14 462 906 2000 16 5 2000 16 24 618 3 5 618 18 2 2 618 26 2000 14 2000 618 618 14
3715 3847 3850 3855 3857 3860 3862 3741 3107 3494 684 219 314 3137 3785 2379 3662 2898 2319 353 2726 1520 3835
345 19 14 1 2 2 1 20 531 787 2000 2000 2000 682 168 682 100 682 682 2000 682 682 14
3904 353 3107 3494 2726 3137 3785 3850 2379 684 3662 2319 1520 2898 3715 3910 314 219 3911
28 2000 786 581 633 633 216 68 633 2000 60 633 633 633 272 1 2000 2000 2
3968 3715 3850 2319 3107 3494 684 314 3904 3137 3909 3785 2379 3662 2898 219 353 2726 3950 1520 3957 3960 3964
2 281 141 704 638 658 2000 2000 79 704 16 199 704 5 704 2000 2000 704 9 704 10 1 10
3969 3715 3980 2319 3990 3994 3997 3998 3999 3107 3494 684 4015 4016 4017 4020 314 3904 3137 3909 3785 2379 3662 2898 219 353 2726 3950 1520 3964
23 327 121 571 27 4 22 35 4 923 506 2000 7 5 1 1 2000 28 571 13 196 571 10 571 2000 2000 571 67 571 61
3715 4033 3980 2319 3990 3998 3107 3494 684 4021 4023 314 3904 3137 4034 4035 4036 3785 2379 2898 219 4026 353 2726 3950 1520
540 2 471 725 59 33 902 373 2000 1 25 2000 50 725 9 1 1 189 725 725 2000 17 2000 725 173 725
3715 3980 2319 3990 3107 2726 684 314 3904 3137 4065 3785 2379 4044 2898 4058 219 4063 4064 353 3494 3950 1520
465 286 777 37 1089 777 2000 2000 106 777 1 86 777 8 777 15 2000 4 3 2000 134 129 777
3904 353 3107 4102 3494 2726 3137 3980 2379 684 3950 2319 1520 4112 2898 3715 3785 4113 314 219 4090
86 2000 1408 2 28 564 564 424 564 2000 137 564 564 6 564 511 28 2 2000 2000 36
4160 3715 3980 2319 4113 3107 2726 684 4151 314 4155 4159 3904 3137 4162 4163 4164 4165 2379 2898 219 353 3950 1520 4090
2 367 281 378 7 1622 378 2000 8 2000 6 1 32 378 2 3 2 2 378 378 2000 2000 141 378 83
3715 3980 2319 4113 3107 2726 684 4187 314 3137 2379 4173 2898 4182 4184 219 4189 4190 4191 353 3950 1520 4090
102 102 102 3 1898 102 2000 2 2000 102 102 3 102 4 12 2000 5 2 1 2000 248 102 73
353 3107 2726 3137 4232 3980 2379 684 3950 2319 1520 2898 3715 314 219 4239
2000 1824 176 176 3 176 176 2000 915 176 176 176 176 2000 2000 3
3715 3980 2319 4257 3107 2726 684 314 4287 3137 4290 4299 4295 4296 2379 4302 4303 4304 2898 219 353 3950 1520
329 329 329 54 1671 329 2000 2000 11 329 1 4 2 2 329 1 2 3 329 2000 2000 718 329
3715 4356 4358 4362 3980 4365 2319 4368 4369 4374 4375 3107 2726 684 314 4287 3137 2379 2898 219 4319 353 3950 1520
378 47 16 4 378 8 378 2 5 1 1 1622 378 2000 2000 122 378 378 378 2000 54 2000 1172 378
3715 4417 4362 3980 2319 4368 4385 3107 2726 684 4400 314 4413 4287 3137 4426 2379 4429 2898 219 353 3950 1520
359 9 118 359 359 18 14 1641 359 2000 9 2000 22 48 359 4 359 1 359 2000 2000 1378 359
4481 3715 4485 4417 4362 3980 2319 4368 4483 3107 2726 684 314 4287 3137 2379 2898 219 353 3950 1520 4472 4473 4474
1 390 2 15 101 390 390 53 2 1610 390 2000 2000 159 390 390 390 2000 2000 1363 390 4 34 7
3715 4524 4362 3980 2319 4368 4503 4508 4509 4513 3107 2726 4520 4521 684 4525 314 4287 3137 2379 2898 219 353 3950 1520 4473
228 1 190 228 228 160 13 17 3 8 1772 228 7 10 2000 1 2000 142 228 228 228 2000 2000 1271 228 4
3715 4362 3980 2319 4368 3107 2726 684 314 4542 4287 3137 4552 2379 4557 4561 2898 4563 4568 219 353 3950 1520
106 38 106 106 106 1894 106 2000 2000 9 295 106 38 106 30 67 106 19 1 2000 2000 1618 106
